0
-1e-09
-1e-09
4e-09
1e-09
2e-09
-3e-09
0
-1e-09
-1e-09
0
4e-09
7e-09
2e-09
3e-09
0
4e-09
0
0
0.21785
0.20507
0.16694
0.10881
0.03795
-0.037764
-0.1079
-0.16508
-0.20318
-0.21705
-0.20393
-0.16588
-0.10852
-0.03835
0.037946
0.10847
0.16692
0.20502
0.2179
0.35143
0.33057
0.2696
0.1755
0.06126
-0.060749
-0.17519
-0.26866
-0.32981
-0.35017
-0.33008
-0.26925
-0.17543
-0.06092
0.061117
0.17546
0.26943
0.33068
0.35156
0.3507
0.33013
0.2693
0.17558
0.06099
-0.061096
-0.17536
-0.26924
-0.33062
-0.35145
-0.33059
-0.26953
-0.17549
-0.061137
0.060799
0.17532
0.26864
0.32984
0.35036
0.21695
0.20382
0.16583
0.10855
0.038349
-0.037892
-0.10857
-0.16689
-0.20443
-0.2177
-0.20507
-0.16677
-0.10875
-0.037905
0.037769
0.10795
0.16527
0.20299
0.217
4.6627e-09
5.9078e-09
5.4548e-09
1.149e-08
4.2492e-09
3.9333e-09
3.9228e-09
1.4878e-09
3.6435e-10
-1.2713e-10
5.5915e-10
3.9893e-09
9.2135e-09
4.9328e-09
2.3766e-09
5.5718e-09
6.1172e-09
6.4835e-09
6.0931e-09
-0.21704
-0.20353
-0.16595
-0.10848
-0.038339
0.037902
0.10878
0.16691
0.20501
0.21797
0.20499
0.16704
0.10883
0.038026
-0.03776
-0.10788
-0.16532
-0.2031
-0.2172
-0.35063
-0.33015
-0.26926
-0.1754
-0.060868
0.061103
0.17551
0.2695
0.33065
0.35149
0.33063
0.26967
0.17551
0.061331
-0.059205
-0.175
-0.26868
-0.32971
-0.35072
-0.35083
-0.33064
-0.26952
-0.17538
-0.061332
0.060716
0.1752
0.2687
0.32995
0.3506
0.33025
0.26936
0.17556
0.060955
-0.061104
-0.17549
-0.26931
-0.33079
-0.35169
-0.21776
-0.2051
-0.16683
-0.1088
-0.037954
0.037782
0.10794
0.16525
0.20328
0.21698
0.2039
0.16584
0.10854
0.038361
-0.037836
-0.10865
-0.16693
-0.2051
-0.21765
-3.569e-10
-2.3072e-10
1.6945e-09
1.5705e-09
4.7714e-09
7.7011e-09
7.5263e-09
1.5189e-08
1.0168e-08
1.329e-08
7.3941e-09
1.0747e-08
1.0938e-08
9.0507e-09
6.3173e-09
8.9132e-10
2.7444e-09
-1.9971e-09
4.1022e-10
