-9.57959731862495e-19
-9.99999993663976e-10
-1.00000000919603e-09
4.00000000929653e-09
1.0000000047179e-09
1.99999997178628e-09
-3.00000001734643e-09
3.83086337777436e-17
-9.99999966641171e-10
-9.99999939059867e-10
9.61488165703468e-17
3.99999999368281e-09
6.99999998245854e-09
1.99999998325982e-09
3.00000002366591e-09
8.96764036209518e-18
3.999999990987e-09
1.00748876194306e-18
-4.25187735275823e-18
-0.00225788274077374
-0.00182349841824445
-0.00199448355341864
-0.00218721370003538
-0.00225840910278075
-0.00282606372854897
-0.00239831056689478
-0.00198675332166121
-0.00243419205855336
-0.00320995455426318
-0.00318397458768743
-0.00280150249015199
-0.00301776178910854
-0.00339599085931099
-0.00230047005209118
-0.00254714460872958
-0.00201407259666103
-0.00186648594174257
-0.00220787924964896
-0.00157375674286253
-0.00111286044489678
-0.000816720123935799
-0.00134588275317127
-0.00116085832129421
-0.00158191878147882
-0.00173740606267239
-0.00185103060221137
-0.00192672825344942
-0.00103997741601769
-0.00219637541561385
-0.00246494840774314
-0.00197651683514172
-0.00172689945217881
-0.00136541034521101
-0.00141808435233762
-0.000986056669576407
-0.000991545098082025
-0.00144375111055989
0.00156997736702569
0.00224655183417705
0.00249479615299281
0.00213246706046075
0.001828666277121
0.0013306094153455
0.00149095287710152
0.00118049607916176
0.00106268342768434
0.00155375669369334
0.00109303746140066
0.000866512189760082
0.00136184370814049
0.00131564503916413
0.00157615278342842
0.00184032342812779
0.0018354577792542
0.00196782895985925
0.00122998297908694
0.00310995452407181
0.00307408332290157
0.00273907538829934
0.00305143391062357
0.00341461411822568
0.00231996531481809
0.00243035181020301
0.00204682245483898
0.00246338871510188
0.00240788271029699
0.0018236081209467
0.00215196636016465
0.00225090318252634
0.00232306454919579
0.00279661551225854
0.00243159679443432
0.00217948338712523
0.00225103395616838
0.00315995798244506
4.66269998128825e-09
5.90779992648093e-09
5.4547999849601e-09
1.14900000505112e-08
4.24919998241526e-09
3.93329999043174e-09
3.92279997495151e-09
1.48779999830634e-09
3.64349998924852e-10
-1.27129997420607e-10
5.5915000577834e-10
3.98929998786493e-09
9.21349999715398e-09
4.93280003576471e-09
2.37659999456133e-09
5.57180003528313e-09
6.11720005558297e-09
6.48349998985474e-09
6.09310001458951e-09
-0.00319995452407201
-0.00278408332290186
-0.00285907538829927
-0.00298143391062353
-0.00340461411822552
-0.00230996531481804
-0.00222035181020297
-0.00202682245483898
-0.00188338871510185
-0.00213788271029708
-0.00190360812094664
-0.00188196636016463
-0.00217090318252638
-0.00220206454919582
-0.00278761551225844
-0.00236159679443422
-0.00222948338712511
-0.0023610339561683
-0.00335995798244507
-0.00149997736702567
-0.00226655183417696
-0.00245479615299299
-0.00195246706046029
-0.00170666627712095
-0.00132360941534542
-0.00134095287710123
-0.000920496079161559
-0.00103268342768392
-0.00151375669369325
-0.00105303746140012
-0.000726512189759776
-0.00134184370814033
-0.00112164503916391
1.78472165716093e-05
-0.00152032342812775
-0.00187545777925413
-0.00183782895985901
-0.00158998297908697
0.00217375674286208
0.00104286044489693
0.000896720123935768
0.00146588275317119
0.0010888583212941
0.00154891878147879
0.00174740606267243
0.00189103060221102
0.00206672825344972
0.00146997741601768
0.0023663754156138
0.00257494840774358
0.00210651683514193
0.00176189945217876
0.00137841034521096
0.00138808435233739
0.00110605666957642
0.000881545098081915
0.00131375111055904
0.00234788274077349
0.00179349841824442
0.00210448355341866
0.00219721370003538
0.00225440910278067
0.00284406372854906
0.00243831056689467
0.00215675332166126
0.00253419205855318
0.00313995455426302
0.00315397458768715
0.00276150249015208
0.00303776178910839
0.00340699085931122
0.00241047005209126
0.00236714460872961
0.00200407259666108
0.00178648594174263
0.00245787924964883
-3.5690000095796e-10
-2.30719993663977e-10
1.69449999080397e-09
1.57050000929653e-09
4.7714000047179e-09
7.70109997178628e-09
7.52629998265357e-09
1.51890000383086e-08
1.01680000333588e-08
1.32900000609401e-08
7.39410009614882e-09
1.07469999936828e-08
1.09379999824585e-08
9.05069998325982e-09
6.31730002366591e-09
8.9132000896764e-10
2.744399990987e-09
-1.99709999899251e-09
4.10219995748123e-10
