-5.00000001696014e-09
9.99999996723299e-10
-1.00000001296204e-09
-2.18631464127317e-18
-2.07738201181187e-17
3.04021411959395e-18
8.89492653950806e-18
1.00000000282447e-09
9.99999993550948e-10
9.99999993678732e-10
9.99999999315363e-10
-2.00000000362563e-09
-1.15813228687428e-18
1.00000000233602e-09
-1.0000000072788e-09
-9.99999979872877e-10
-3.00000002564082e-09
2.33070145869442e-17
9.9999997536877e-10
-0.00254694265448253
-0.00244160609017631
-0.00337383923879891
-0.00238073819455834
-0.00137378972911462
-0.00114323849972199
-0.00137981771905822
-0.00246095135204107
-0.000676402833106698
-0.000670697874625426
-0.000559308642528483
-0.000699422024934254
-0.00189009240774882
-0.000669621776095392
-0.000302303204125984
-0.000324210370408931
-0.000280971838663588
-0.00292307109489317
-0.00263711278418309
-0.00238450612686635
-0.00333647455057287
-0.00330099514609103
2.010866055005e-05
-0.00145091481859652
-0.00258912172733344
-0.00127430368423555
-0.00107092976615283
0.000340032385736641
-0.00127998072016114
-0.000119905365120215
-0.000561304925335376
-0.00310580588685544
-0.00248162724418452
-3.2451542014228e-05
-0.000448189476775648
0.000440112191856974
-0.00130393079353753
-0.00247751309571329
8.65179429769825e-05
7.01319293056335e-05
-0.000146058690683265
0.00218580584968553
0.000494021909067499
0.000347477438342791
0.0010867207506645
-0.000383730252500263
0.00125223421287435
0.00232104958281605
0.00311670049047794
0.00260365640381627
-0.000500108697586099
0.000703335173753844
0.00265407867229803
0.00201280160411016
0.00103831459472513
-0.000402742545916962
0.000233577692450679
0.00085255461798639
0.000969448980867926
0.00107485855995276
0.00153009238470966
0.000594908510156839
0.000867804736667241
0.000542680144086372
0.000428116242504044
0.00240766850474394
0.00237680948328664
0.00234174541840584
0.00272931602047116
0.00129073817173503
0.00243911803100907
0.000978628466365705
0.00155523352469095
0.00270910043073963
0.000594978270790511
0.000564492441026271
1.8799999792164e-09
1.54110000107457e-09
1.08209999955529e-09
-1.61639999558541e-10
2.57330002129949e-10
3.62779988400282e-10
-6.6078999293102e-10
9.04460033220821e-10
2.26379999333396e-09
8.9640999934932e-09
5.01319999526269e-09
9.00039996035243e-09
1.45380000301139e-08
3.5107999961295e-09
5.31019998604693e-09
4.55259998709969e-09
6.05319999989815e-09
3.2937999778407e-09
1.32979998746598e-09
-0.000537554617986338
-0.00242944898086797
-0.000544858559952732
-0.00289009238470972
-0.000934908510156846
-0.000947804736667293
-0.000318680144086342
-0.000294116242504042
-0.0029306685047439
-0.00270980948328665
-0.0022417454184058
-0.00342931602047128
-0.00193073817173522
-0.0022391180310091
-0.000258628466365693
-0.00127423352469096
-0.0027161004307396
-0.000653978270790501
-0.000316492441026245
-9.65179429769092e-05
0.000669868070694524
-0.000843941309316809
-0.00507580584968581
-0.00441402190906717
-0.000147477438342647
-0.000496720750664356
0.000623730252500149
-0.0013532342128743
-0.00254104958281592
-0.00346670049047795
-0.00298365640381618
0.000120108697586246
-0.00199333517375364
0.0141859213277019
-0.00140280160410998
-0.00111131459472507
0.000300742545916978
-2.35776924506215e-05
0.00104450612686642
0.00351647455057277
0.00288099514609111
-0.000290108660549987
0.00182091481859648
0.00090912172733329
0.00152430368423555
0.00107792976615265
-0.000428032385736778
0.000149980720161119
-0.000610094634879793
0.000291304925335467
0.00242580588685529
0.00146162724418447
0.00050245154201406
0.00015818947677558
-0.000363112191856842
0.00143093079353748
0.00301751309571317
0.00235994265448249
0.00262160609017625
0.00282383923879886
0.00199073819455819
0.00227378972911454
0.00131323849972206
0.00159581771905816
0.00267895135204112
0.000532402833106738
0.000713697874625413
0.000959308642528467
0.00088942202493425
0.0019400924077487
0.000619621776095369
0.000382303204126008
0.000207210370408939
0.000329971838663543
0.00302207109489319
0.00216811278418313
2.22579999830399e-08
8.6699999967233e-09
9.49389998703796e-09
9.10589999781369e-09
5.06749997922618e-09
7.98090000304021e-09
8.26790000889493e-09
8.85050000282447e-09
6.12579999355095e-09
3.00619999367873e-09
2.71499999931536e-09
5.51919996374368e-10
-2.59520001158132e-10
-3.75279997663981e-10
-7.64750007278802e-10
-1.16089997987288e-09
3.01149997435919e-09
7.98610023307015e-10
5.72239997536877e-09
