-5e-09
1e-09
-1e-09
0
0
0
0
1e-09
1e-09
1e-09
1e-09
-2e-09
0
1e-09
-1e-09
-1e-09
-3e-09
0
1e-09
-0.074603
-0.11383
-0.14048
-0.14843
-0.13848
-0.11253
-0.073436
-0.026318
0.026785
0.075143
0.11482
0.14061
0.14844
0.14064
0.11506
0.075476
0.027181
-0.026769
-0.074716
-0.12085
-0.18556
-0.22724
-0.23843
-0.22539
-0.18481
-0.11974
-0.041473
0.042972
0.11951
0.18457
0.22598
0.23799
0.22406
0.18463
0.12032
0.043073
-0.041688
-0.12098
-0.1207
-0.18462
-0.22668
-0.23891
-0.22604
-0.18434
-0.1197
-0.043012
0.041658
0.12079
0.18534
0.22655
0.23795
0.22465
0.18485
0.12046
0.041445
-0.043013
-0.12059
-0.074959
-0.11441
-0.14023
-0.1488
-0.14071
-0.11451
-0.075269
-0.027031
0.026267
0.074435
0.11373
0.13984
0.14734
0.13955
0.11235
0.0736
0.026569
-0.026853
-0.07527
1.88e-09
1.5411e-09
1.0821e-09
-1.6164e-10
2.5733e-10
3.6278e-10
-6.6079e-10
9.0446e-10
2.2638e-09
8.9641e-09
5.0132e-09
9.0004e-09
1.4538e-08
3.5108e-09
5.3102e-09
4.5526e-09
6.0532e-09
3.2938e-09
1.3298e-09
0.075274
0.11295
0.14076
0.14744
0.14037
0.11443
0.075493
0.027165
-0.02679
-0.074768
-0.11363
-0.14054
-0.14798
-0.13935
-0.11163
-0.073319
-0.026576
0.026794
0.075518
0.12069
0.18536
0.22569
0.23602
0.22212
0.18454
0.12029
0.043252
-0.041759
-0.12101
-0.18569
-0.22693
-0.23833
-0.22594
-0.16801
-0.11985
-0.041518
0.042911
0.1208
0.11951
0.18574
0.22682
0.23816
0.22576
0.18313
0.11999
0.04148
-0.04306
-0.12064
-0.1853
-0.22625
-0.23867
-0.22508
-0.18416
-0.12061
-0.042996
0.041815
0.12152
0.074416
0.11401
0.13993
0.14804
0.13938
0.1127
0.073652
0.026536
-0.026929
-0.0751
-0.11442
-0.14042
-0.14839
-0.14069
-0.11498
-0.075593
-0.027132
0.026868
0.074247
2.2258e-08
8.67e-09
9.4939e-09
9.1059e-09
5.0675e-09
7.9809e-09
8.2679e-09
8.8505e-09
6.1258e-09
3.0062e-09
2.715e-09
5.5192e-10
-2.5952e-10
-3.7528e-10
-7.6475e-10
-1.1609e-09
3.0115e-09
7.9861e-10
5.7224e-09
