1.69601384061999e-17
3.27670065212029e-18
1.29620403222615e-17
2.18631464127317e-18
2.07738201181187e-17
-3.04021411959395e-18
-8.89492653950806e-18
-2.82446968231104e-18
6.44905220782562e-18
6.32126819914898e-18
6.84636946849589e-19
3.62563162133522e-18
1.15813228687428e-18
-2.33601872639699e-18
7.27880196592473e-18
-2.01271232231898e-17
2.56408152891696e-17
-2.33070145869442e-17
2.46312304814151e-17
-0.0720560573455175
-0.111388393909824
-0.137106160761201
-0.146049261805442
-0.137106210270885
-0.111386761500278
-0.0720561822809418
-0.0238570486479589
0.0274614028331067
0.0758136978746254
0.115379308642528
0.141309422024934
0.150330092407749
0.141309621776095
0.115362303204126
0.0758002103704089
0.0274619718386636
-0.0238459289051068
-0.0720788872158169
-0.118465493873134
-0.182223525449427
-0.223939004853909
-0.23845010866055
-0.223939085181403
-0.182220878272667
-0.118465696315764
-0.0404020702338472
0.0426319676142634
0.120789980720161
0.18468990536512
0.226541304925335
0.241095805886855
0.226541627244185
0.184662451542014
0.120768189476776
0.042632887808143
-0.0403840692064625
-0.118502486904287
-0.120786517942977
-0.184690131929306
-0.226533941309317
-0.241095805849686
-0.226534021909067
-0.184687477438343
-0.120786720750665
-0.0426282697474997
0.0404057657871256
0.118468950417184
0.182223299509522
0.223946343596184
0.238450108697586
0.223946664826246
0.182195921327702
0.11844719839589
0.0404066854052749
-0.042610257454083
-0.120823577692451
-0.0758115546179864
-0.115379448980868
-0.141304858559953
-0.15033009238471
-0.141304908510157
-0.115377804736667
-0.0758116801440864
-0.027459116242504
0.0238593314952561
0.0720581905167134
0.111388254581594
0.137110683979529
0.146049261828265
0.137110881968991
0.111371371533634
0.0720447664753091
0.0238598995692604
-0.0274479782707905
-0.0758344924410263
2.07835961564065e-17
-1.07457232818853e-18
4.44707208507937e-19
-4.41458572006895e-19
-2.12994885347396e-18
1.15997176812316e-17
-7.06897965916321e-18
-3.32208206580792e-17
6.66603646860665e-18
6.5067979232917e-18
4.73731139516319e-18
3.96475744742164e-17
-3.0113915856877e-17
3.87050364544586e-18
1.39530722113449e-17
1.29003101208517e-17
1.0184616716816e-19
2.21592964946038e-17
1.25340156622655e-17
0.0758115546179863
0.115379448980868
0.141304858559953
0.15033009238471
0.141304908510157
0.115377804736667
0.0758116801440863
0.027459116242504
-0.0238593314952561
-0.0720581905167133
-0.111388254581594
-0.137110683979529
-0.146049261828265
-0.137110881968991
-0.111371371533634
-0.072044766475309
-0.0238598995692604
0.0274479782707905
0.0758344924410262
0.120786517942977
0.184690131929305
0.226533941309317
0.241095805849686
0.226534021909067
0.184687477438343
0.120786720750664
0.0426282697474999
-0.0404057657871257
-0.118468950417184
-0.182223299509522
-0.223946343596184
-0.238450108697586
-0.223946664826246
-0.182195921327702
-0.11844719839589
-0.0404066854052749
0.042610257454083
0.120823577692451
0.118465493873134
0.182223525449427
0.223939004853909
0.23845010866055
0.223939085181404
0.182220878272667
0.118465696315764
0.0404020702338474
-0.0426319676142632
-0.120789980720161
-0.18468990536512
-0.226541304925335
-0.241095805886855
-0.226541627244184
-0.184662451542014
-0.120768189476776
-0.0426328878081432
0.0403840692064625
0.118502486904287
0.0720560573455175
0.111388393909824
0.137106160761201
0.146049261805442
0.137106210270885
0.111386761500278
0.0720561822809418
0.0238570486479589
-0.0274614028331067
-0.0758136978746254
-0.115379308642528
-0.141309422024934
-0.150330092407749
-0.141309621776095
-0.115362303204126
-0.0758002103704089
-0.0274619718386635
0.0238459289051068
0.0720788872158169
1.69601384061999e-17
3.27670065212029e-18
1.29620403222615e-17
2.18631464127318e-18
2.07738201181187e-17
-3.04021411959393e-18
-8.89492653950804e-18
-2.82446968231101e-18
6.44905220782565e-18
6.32126819914901e-18
6.84636946849617e-19
3.62563162133524e-18
1.15813228687429e-18
-2.33601872639702e-18
7.27880196592465e-18
-2.012712322319e-17
2.56408152891693e-17
-2.33070145869446e-17
2.46312304814146e-17
