-6.99999995143637e-09
9.99999989218464e-10
2.00000003540731e-09
1.99999999429077e-09
4.99999999858636e-09
-1.00000000609071e-09
7.59626768845386e-18
2.00000000478602e-09
-1.99999999942004e-09
-2.9999999749457e-09
1.99999999555898e-09
2.99999999442177e-09
2.99999998177393e-09
-9.99999937258529e-10
-5.0000000365251e-09
-1.99999996666419e-09
-9.00000003295708e-09
-7.00000004586153e-09
9.99999987172036e-10
-0.00304591194730168
-0.0028345251404315
-0.00168302869220112
-0.00163302192741724
-0.00229319276645557
-0.00253364335050957
-0.0032352481820683
-0.00290112557155037
-0.00224346110778076
-0.0012066946865282
-0.00113143669169836
-0.00295201790466433
-0.00400627028217314
-0.00526286696622516
-0.00559587352946705
-0.00391380244072184
-0.0037687032115509
-0.00302745909931129
-0.00318865514105088
-0.00246110757291082
-0.00174343998783472
-0.000264944948092941
0.000167318657358251
-0.000440155473168724
-0.0014396866340104
-0.00257046363168956
-0.00161562394078052
-0.000830588687170619
-0.000702458663089045
-0.00035160476351246
-0.00225247982078882
-0.00400168821090227
-0.00572753940681398
-0.00375258543513984
-0.00196367683671084
-0.00236340108626415
-0.00295633705282444
-0.00269416391637317
0.000527424606632798
0.000345109901968198
0.0023266048385056
0.0046858602992389
0.00593715310392706
0.0036916646379147
0.00156367549260228
0.00237571360788952
0.00293672108361498
0.00254606457782089
0.00176694543590718
0.000318088830348472
-0.000123157078396968
0.00050971284431206
0.00140883050461088
0.00225046228273429
0.00165794430026034
0.000881029042101911
0.000704272603645112
0.00121976831513779
0.00116113069208849
0.00296062697332931
0.00403267364543794
0.00525029553604717
0.00550763295523554
0.00387380161242909
0.00366012852945227
0.00260002912615676
0.00304897111286764
0.00289621964179233
0.00155766828439453
0.00174940828611882
0.00210053019874124
0.00259550741125625
0.00317524734593189
0.00257256357139535
0.00227612226920093
0.00108687034069471
2.37840037134574e-10
1.96829998865324e-09
1.30180001342002e-09
1.57219999888865e-08
1.80299998930552e-09
2.2082000673956e-09
1.59559999912104e-08
5.72830002109478e-09
-2.86529998651857e-09
3.85640000890175e-09
6.34969946990487e-10
7.64960006031663e-09
1.11559999815872e-08
-5.12390000226764e-09
-3.13559999909421e-09
-4.62049999108133e-10
3.79200008776992e-10
3.95959986557917e-10
4.10699999633123e-09
-0.00116976831513776
-0.00114713069208849
-0.00300962697332927
-0.00391267364543792
-0.00523029553604692
-0.00548763295523577
-0.00386380161242927
-0.00378012852945239
-0.00320002912615661
-0.00311897111286777
-0.00279921964179228
-0.00170066828439456
-0.00172940828611884
-0.00212053019874123
-0.00281550741125602
-0.00324524734593182
-0.0026325635713953
-0.00231612226920083
-0.00109687034069469
-0.000407424606632817
-0.000290109901968753
-0.00228860483850547
-0.00445586029923867
-0.00547715310392721
-0.0037516646379146
-0.00180367549260235
-0.00270571360788946
-0.00293672108361503
-0.00259606457782052
-0.00174794543590712
-0.000306088830348376
0.000153157078397248
-0.00032971284431188
-0.00427883050461092
-0.00257046228273428
-0.00153794430026
-0.00092102904210184
-0.000344272603645168
0.00241110757291096
0.00172143998783453
0.000263944948092822
-0.000177318657358316
0.000360155473168478
0.00188968663400996
0.00247046363168918
0.00160562394078062
0.000810588687170544
0.000462458663089221
0.0002846047635124
0.00225747982078871
0.00466168821090221
0.00589753940681348
0.0036025854351398
0.00201367683671044
0.00246340108626419
0.0031063370528247
0.00266416391637322
0.00296591194730167
0.00290152514043156
0.00150902869220117
0.00171302192741721
0.00214319276645555
0.00251364335050949
0.00314524818206818
0.00265112557155048
0.00218346110778084
0.00118669468652817
0.00103643669169825
0.00293701790466439
0.00400627028217308
0.0052428669662252
0.005655873529467
0.00395380244072166
0.00397870321155067
0.00314745909931147
0.00311865514105117
2.42850000485636e-08
1.04169999892185e-08
3.32480003540731e-09
-2.66170000570923e-09
2.98149999858636e-09
-3.64930000609071e-09
-4.08429992403732e-10
4.50640000478602e-09
-3.63729999420041e-10
5.4768000250543e-09
6.68189999555898e-09
5.64589999442177e-09
7.99039998177393e-09
1.08480000627415e-08
1.58099999634749e-08
1.34280000333358e-08
1.15429999670429e-08
-6.18960004586153e-09
1.4571999987172e-08
