-7e-09
1e-09
2e-09
2e-09
5e-09
-1e-09
0
2e-09
-2e-09
-3e-09
2e-09
3e-09
3e-09
-1e-09
-5e-09
-2e-09
-9e-09
-7e-09
1e-09
-0.10638
-0.037051
0.037699
0.10709
0.16317
0.20011
0.21235
0.19974
0.16322
0.10751
0.038251
-0.037187
-0.10734
-0.16499
-0.20223
-0.21336
-0.20039
-0.16278
-0.10649
-0.17235
-0.059689
0.060873
0.17339
0.26442
0.32343
0.34318
0.32325
0.26403
0.17251
0.060787
-0.060228
-0.17389
-0.26703
-0.32492
-0.34392
-0.32351
-0.2643
-0.17253
-0.17269
-0.060793
0.060272
0.17458
0.26726
0.32484
0.34352
0.32352
0.26426
0.17243
0.059713
-0.06085
-0.17334
-0.26433
-0.32348
-0.3435
-0.32321
-0.264
-0.17246
-0.1075
-0.038221
0.037177
0.10737
0.16499
0.20213
0.21332
0.20028
0.16234
0.10638
0.037113
-0.037843
-0.10697
-0.16335
-0.20006
-0.21241
-0.20007
-0.1632
-0.1076
2.3784e-10
1.9683e-09
1.3018e-09
1.5722e-08
1.803e-09
2.2082e-09
1.5956e-08
5.7283e-09
-2.8653e-09
3.8564e-09
6.3497e-10
7.6496e-09
1.1156e-08
-5.1239e-09
-3.1356e-09
-4.6205e-10
3.792e-10
3.9596e-10
4.107e-09
0.10755
0.038235
-0.037226
-0.10725
-0.16497
-0.20211
-0.21331
-0.2004
-0.16294
-0.10645
-0.037016
0.0377
0.10699
0.16333
0.19984
0.21234
0.20001
0.16316
0.10759
0.17281
0.060848
-0.060234
-0.17435
-0.2668
-0.3249
-0.34376
-0.32385
-0.26426
-0.17248
-0.059694
0.060862
0.17337
0.26451
0.32061
0.34318
0.32333
0.26396
0.17282
0.1723
0.059667
-0.060874
-0.1734
-0.2645
-0.32298
-0.34328
-0.32326
-0.26405
-0.17275
-0.060854
0.060233
0.17455
0.2672
0.32477
0.34397
0.32361
0.26445
0.1725
0.1063
0.037118
-0.037873
-0.10701
-0.16332
-0.20013
-0.21244
-0.19999
-0.16328
-0.10753
-0.038346
0.037172
0.10734
0.16497
0.20229
0.2134
0.2006
0.1629
0.10642
2.4285e-08
1.0417e-08
3.3248e-09
-2.6617e-09
2.9815e-09
-3.6493e-09
-4.0843e-10
4.5064e-09
-3.6373e-10
5.4768e-09
6.6819e-09
5.6459e-09
7.9904e-09
1.0848e-08
1.581e-08
1.3428e-08
1.1543e-08
-6.1896e-09
1.4572e-08
