-4.8563632731024e-17
1.07815358723547e-17
-3.54073147647389e-17
5.70923142894132e-18
1.41364449838393e-18
6.09070676585709e-18
-7.59626768845386e-18
-4.78602375928234e-18
-5.79959032007702e-19
-2.50543027516262e-17
4.44101996841569e-18
5.57822554616757e-18
1.82260663137635e-17
-6.2741471184776e-17
3.65251036180289e-17
-3.33358086427089e-17
3.29570770758016e-17
4.58615310611985e-17
1.28279643459815e-17
-0.103334088052698
-0.0342164748595685
0.0393820286922011
0.108723021927417
0.165463192766456
0.20264364335051
0.215585248182068
0.20264112557155
0.165463461107781
0.108716694686528
0.0393824366916984
-0.0342349820953357
-0.103333729717827
-0.159727133033775
-0.196634126470533
-0.209446197559278
-0.196621296788449
-0.159752540900689
-0.103301344858949
-0.169888892427089
-0.0579455600121653
0.0611379449480929
0.173222681342642
0.264860155473169
0.32486968663401
0.34575046363169
0.324865623940781
0.264860588687171
0.173212458663089
0.0611386047635125
-0.0579755201792112
-0.169888311789098
-0.261302460593186
-0.32116741456486
-0.341956323163289
-0.321146598913736
-0.261343662947176
-0.169835836083627
-0.173217424606633
-0.0611381099019682
0.0579453951614944
0.169894139700761
0.261322846896073
0.321148335362085
0.341956324507398
0.32114428639211
0.261323278916385
0.169883935422179
0.0579460545640928
-0.0611680888303485
-0.173216842921603
-0.264839712844312
-0.324888830504611
-0.345750462282734
-0.32486794430026
-0.264881029042102
-0.173164272603645
-0.108719768315138
-0.0393821306920885
0.0342163730266707
0.103337326354562
0.159739704463953
0.196622367044764
0.209446198387571
0.196619871470548
0.159739970873843
0.103331028887132
0.0342167803582077
-0.0394006682843945
-0.108719408286119
-0.165450530198741
-0.202655507411256
-0.215585247345932
-0.202642563571395
-0.165476122269201
-0.108686870340695
-3.71345741393058e-17
1.13467622578334e-17
-1.34200248491252e-17
1.11135267718919e-17
1.06944791336078e-17
-6.73956011643101e-17
8.78962060189264e-18
-2.1094778539831e-17
-1.34814268431007e-17
-8.90174682391228e-18
5.30095132414597e-17
-6.03166269864274e-17
1.84128488943608e-17
2.26764042135106e-18
-9.05792308684036e-19
-8.91866577545842e-19
-8.7769917124425e-18
1.34420832426518e-17
3.66877295702408e-18
0.108719768315138
0.0393821306920885
-0.0342163730266707
-0.103337326354562
-0.159739704463953
-0.196622367044764
-0.209446198387571
-0.196619871470548
-0.159739970873843
-0.103331028887132
-0.0342167803582077
0.0394006682843946
0.108719408286119
0.165450530198741
0.202655507411256
0.215585247345932
0.202642563571395
0.165476122269201
0.108686870340695
0.173217424606633
0.0611381099019688
-0.0579453951614945
-0.169894139700761
-0.261322846896073
-0.321148335362085
-0.341956324507398
-0.321144286392111
-0.261323278916385
-0.169883935422179
-0.0579460545640929
0.0611680888303484
0.173216842921603
0.264839712844312
0.324888830504611
0.345750462282734
0.32486794430026
0.264881029042102
0.173164272603645
0.169888892427089
0.0579455600121655
-0.0611379449480928
-0.173222681342642
-0.264860155473168
-0.32486968663401
-0.345750463631689
-0.324865623940781
-0.264860588687171
-0.173212458663089
-0.0611386047635124
0.0579755201792113
0.169888311789098
0.261302460593187
0.32116741456486
0.34195632316329
0.321146598913736
0.261343662947175
0.169835836083627
0.103334088052698
0.0342164748595684
-0.0393820286922012
-0.108723021927417
-0.165463192766456
-0.202643643350509
-0.215585248182068
-0.20264112557155
-0.165463461107781
-0.108716694686528
-0.0393824366916982
0.0342349820953356
0.103333729717827
0.159727133033775
0.196634126470533
0.209446197559278
0.196621296788449
0.159752540900689
0.103301344858949
-4.8563632731024e-17
1.07815358723547e-17
-3.54073147647389e-17
5.70923142894132e-18
1.41364449838393e-18
6.09070676585709e-18
-7.59626768845386e-18
-4.78602375928235e-18
-5.79959032007701e-19
-2.50543027516262e-17
4.44101996841569e-18
5.57822554616757e-18
1.82260663137635e-17
-6.2741471184776e-17
3.6525103618029e-17
-3.33358086427089e-17
3.29570770758016e-17
4.58615310611985e-17
1.28279643459815e-17
