-0.00730905498490259
-0.00404075292145206
-0.00344332008130732
0.00133806869411904
0.00151318113821838
0.0013856310321195
-1.9690733992239e-07
-0.0046740089822447
-0.00706380261571081
-0.00584672096649717
-0.00801356718297193
-0.00617516284392383
3.75814302964994e-07
0.00257393243746887
0.00452887204867647
0.00118439033142936
-0.00260282391683231
-0.00266219869592677
-0.00473905071111208
-0.00297410108426527
-0.0032283776818462
-0.00199037235956562
0.00221280245135697
0.00325028081537898
0.00525452436792354
0.00297547443558395
-0.00175796472644917
-0.00365233207493567
-0.00468378886747858
-0.00506714420832995
-0.00248788941144914
0.00336696582542027
0.00648729480367281
0.00602435007086205
0.00217351988554845
-0.00206996697496209
-0.00418137410243746
-0.00263409758273336
-0.00262595794695153
-0.000911834651000448
0.00214779234125348
0.0042867868795203
0.00549555192426054
0.00632254851500082
0.00409953939525394
0.00139048095546976
-0.000490260554005591
-0.00331781273724472
-0.000712197687776514
0.00175803633172585
0.00512871512526869
0.00653806855863737
0.00596153999761664
0.00376898926130359
0.000847960795538005
-0.00068887538256035
-0.00227595645910064
-0.00274781272864545
-0.000730229120826126
0.00197578121141306
0.00547053923400695
0.00757132916268875
0.00571424274469959
0.00279555915754059
0.00056683360683335
-0.000881788356102003
-0.00263595793396279
-0.00117188094571724
0.00158292320922024
0.00393534344396818
0.00500831594034434
0.00635437925782546
0.00470989144703007
0.00134565826266936
-0.000530238409777575
-0.00284381371369889
-0.00448178884152714
-0.00484223814144191
-0.00240999954688158
0.00341667771084124
0.00652626166549183
0.00521692365871809
0.00163976643108463
-0.00362267954891876
-0.0106882681177676
-0.00394410105369775
-0.0032184872454889
-0.00337802491132017
0.000439232995827959
0.00455172551009878
0.00518018103477923
0.00307044033513548
-0.00208935707528351
-0.00375124259451338
-0.00468779181423434
-0.00587672093394445
-0.00796368489910279
-0.00625955219487695
-3.69865509983131e-06
0.00257258836183551
0.00361904115406336
0.00275434055830043
-0.00336614393129153
-0.0035706190990718
-0.00221905494759284
-0.00601088674329853
-0.00185820760003474
0.00208368551693222
0.00303029908666005
0.00157185545634038
1.84459479371555e-05
-0.00519399905035654
-0.00721120962375464
-0.00492672466282403
-0.00486878884152715
-0.0039822381414419
-0.00251699954688158
0.0031986777108412
0.00627226166549194
0.00507692365871809
0.0023297664310846
-0.00216267954891869
-0.00366826811776771
-0.00203410105369761
-0.00387848724548906
-0.00198802491132005
0.00146923299582802
0.00435172551009888
0.00458518103477924
0.00298344033513545
-0.00206235707528351
-0.00361724259451336
-0.00509679181423431
-0.00275981272864539
-0.000500229120826083
0.00166878121141316
0.00440153923400696
0.0056013291626888
0.00588424274469959
0.0036355591575406
0.00167683360683321
-0.000771788356102282
-0.00226595793396284
-0.000811880945717547
0.00197292320922027
0.00423534344396814
0.00587831594034438
-0.00100562074217456
0.00432689144703012
0.00147565826266942
-0.000675238409777602
-0.00269381371369879
-0.00486595794695166
-0.000821834651000247
0.00179779234125338
0.0040967868795202
0.00573555192426053
0.00533254851500085
0.00447953939525396
0.0014004809554698
-0.000488260554005499
-0.00274381273724469
-0.000464197687776433
0.00187403633172599
0.00538871512526869
0.00708806855863735
0.00559153999761666
0.0041689892613038
0.000917960795537881
-0.000128875382560206
-0.00146595645910064
-0.00387410108426545
-0.00284837768184637
-0.0024703723595656
0.00163280245135672
0.00438028081537906
0.00543552436792348
0.00302147443558393
-0.00199096472644922
-0.00390833207493567
-0.00464778886747858
-0.00481714420832993
-0.00247188941144916
0.00335596582542023
0.00654929480367267
0.00588435007086224
0.00269351988554833
-0.00138996697496235
-0.0028613741024377
-0.00501409758273347
-0.00270905498490259
-0.0215807529214521
-0.00138332008130732
-0.000281931305880972
0.0025031811382184
0.0014786310321195
-1.9730923992239e-07
-0.00506100898224469
-0.00688380261571081
-0.00591672096649717
-0.00791356718297193
-0.00628616284392383
3.77467302964994e-07
0.00248993243746887
0.00390887204867646
0.00343439033142939
-0.00343282391683231
-0.00372219869592677
-0.00269905071111204
