-0.00271799304257703
-0.00150830824625509
-0.00054285489693201
-0.000587929009361027
3.48810396879895e-05
0.000941515693740277
-1.9338520817059e-07
-0.000978600507328953
-0.00237386749543735
-0.00398616942922246
-0.0028136413139942
-0.000923074721899016
3.69770066228006e-07
0.000580848074535179
0.000423241591621298
-0.000620005204436197
-0.000942395483121417
-0.0017604247722684
-0.00316798911046878
-0.00163566254270647
-0.00113859125122406
-0.000189020439792853
0.000420900933187057
0.000981154132804057
0.00121556434036693
0.000436588116675178
-0.000614046749220838
-0.0021188408680996
-0.00325437868450286
-0.00234465961075202
-0.000406470012315849
0.000416057573028705
0.000653562837360469
0.00146741124310193
0.000732956910277693
-0.000468646122353367
-0.00113215821438406
-0.00196565933236803
-0.00106973397443405
-0.000732456256264447
0.000456300712646601
0.00240784844989561
0.00303565847116616
0.00310073698262241
0.00190163193052673
0.000237105810039009
-0.00109892387383778
-0.00138736192213387
-0.00104386045649299
0.000390682596574959
0.00209980341519635
0.00339600422231322
0.003472581447478
0.00165071137980141
0.000406452597034757
-0.000639813166176811
-0.000909732649823886
-0.00124736191341696
-0.0010858921651006
0.000352409435208895
0.00223565593210694
0.00315957347703757
0.00346443663661652
0.00173672472760483
0.000345436283815337
-0.00069241490770594
-0.0010597339628704
-0.000762497604659379
0.000490926893203653
0.00258652728711331
0.00307890526848403
0.00289202593930422
0.00207085469954621
0.000211287078515199
-0.00116591906586034
-0.00130136291194487
-0.00306737865943325
-0.00240775023924232
-0.00033800262865848
0.000381916225971293
0.000545472158237914
0.00142800138955398
0.00101807566199297
-0.000301150814364215
-0.000958490612768703
-0.00191566251468095
-0.00102869188927712
0.000442380755536931
0.000487579255920995
0.000973728656345263
0.00122356658554973
0.000338886016884695
-0.000550346286674497
-0.00209154345015234
-0.00317838153117657
-0.00411616939791909
-0.00291375440448717
-0.000850036719688446
-3.52295035742727e-06
0.000797687078831585
0.000500990484108121
-0.000491404888787073
-0.00101546958526716
-0.00198818491717151
-0.00325799300825019
-0.00197843157484517
-0.00071886177955055
-0.000602015608040685
-3.66223798551057e-05
0.00109366329288306
1.75832253467411e-05
-0.000927464774625582
-0.0027309834443047
-0.00380617298369888
-0.00308937865943316
-0.00229775023924229
-0.000604002628658472
0.000400916225971295
0.000562472158237889
0.00160800138955403
0.000858075661993057
-1.11508143642025e-05
-0.000498490612768632
-0.00154566251468091
-0.0013886918892772
4.23807555369193e-05
0.000397579255921238
0.000963728656345225
0.00117756658554967
0.000397886016884706
-0.000601346286674499
-0.00223954345015236
-0.00338138153117651
-0.00131336191341689
-0.0010258921651005
0.00042840943520895
0.00202465593210698
0.00341957347703763
0.00353443663661659
0.00208672472760474
0.000395436283815248
-0.000632414907705936
-0.00113973396287037
-0.000612497604659312
0.000550926893203407
0.00225652728711315
0.00305890526848446
0.00297202593930415
0.00193585469954623
0.00014228707851522
-0.00115591906586026
-0.0013253629119446
-0.00101973397443417
-0.000492456256264595
0.000606300712646585
0.00234784844989563
0.00307565847116603
0.00277073698262252
0.00194063193052679
0.000207105810039007
-0.00115792387383772
-0.00130436192213389
-0.000980860456492941
0.000335682596574988
0.0020378034151964
0.00349600422231332
0.00340258144747793
0.00175071137980148
0.000256452597034745
-0.000579813166176946
-0.001109732649824
-0.00190566254270663
-0.00130859125122396
3.09795602070895e-05
0.000410900933186575
0.00116115413280402
0.00116256434036692
0.000407588116675146
-0.000567046749220868
-0.00211384086809962
-0.00313037868450293
-0.00233065961075209
-0.000387470012315896
0.000391057573028722
0.00057256283736043
0.00123741124310192
0.000702956910277552
-0.000508646122353296
-0.000472158214384066
-0.00166565933236829
-0.00278799304257704
-0.00210830824625508
-0.000852854896931987
-0.000627929009361039
-0.000135118960311986
0.000963515693740286
-1.8792110817059e-07
-0.00111160050732895
-0.00256386749543734
-0.00402616942922246
-0.0029236413139942
-0.000759074721899018
3.67217066228006e-07
0.000903848074535182
0.000423241591621298
-0.000300005204436182
-0.00106239548312143
-0.00195042477226842
-0.00307798911046875
