-1e-09
-0.039316
-0.067373
-0.078097
-0.066515
-0.039071
-1e-08
0.050592
0.10192
0.15258
0.19577
0.2234
0.22898
0.22128
0.196
0.15273
0.10286
0.050925
1.2e-08
0.013379
-0.017943
-0.040251
-0.04826
-0.040011
-0.017878
0.013383
0.053598
0.096746
0.13899
0.17376
0.19538
0.20157
0.19486
0.17345
0.13917
0.097468
0.053988
0.013424
0.052885
0.040241
0.031741
0.030028
0.031615
0.040132
0.052576
0.06881
0.085631
0.10041
0.11343
0.12227
0.12545
0.12169
0.11323
0.10027
0.085802
0.069067
0.052948
0.10065
0.11337
0.12195
0.12639
0.12182
0.11329
0.10045
0.085619
0.069008
0.05286
0.040231
0.031759
0.030084
0.031637
0.03989
0.052681
0.068509
0.0854
0.10051
0.13896
0.1739
0.19465
0.202
0.19529
0.17361
0.13954
0.097688
0.054064
0.013433
-0.018011
-0.04054
-0.048262
-0.040037
-0.01788
0.013395
0.053543
0.096566
0.13878
0.15281
0.19634
0.22179
0.23012
0.22229
0.19607
0.15292
0.10288
0.050822
5.1962e-09
-0.039166
-0.067157
-0.078164
-0.066507
-0.039253
-2.2588e-08
0.050621
0.10239
0.15249
0.13883
0.17356
0.19916
0.20224
0.19495
0.17399
0.13931
0.098102
0.054373
0.013513
-0.017927
-0.040327
-0.048282
-0.04
-0.017829
0.013345
0.053584
0.096971
0.14017
0.10052
0.11353
0.12231
0.12547
0.12189
0.11328
0.10101
0.085651
0.069039
0.052781
0.040343
0.031815
0.029944
0.031533
0.040046
0.052481
0.068374
0.085633
0.10055
0.052922
0.040434
0.031726
0.029948
0.031668
0.039889
0.052628
0.068617
0.08543
0.10069
0.11406
0.12193
0.12544
0.12217
0.11299
0.1005
0.085497
0.069162
0.052826
0.013447
-0.017965
-0.040361
-0.048252
-0.040159
-0.017804
0.013377
0.053667
0.09677
0.13868
0.17379
0.19492
0.20166
0.19479
0.17324
0.13897
0.097438
0.054395
0.013475
-2.0981e-09
-0.03908
-0.067117
-0.078021
-0.066372
-0.039035
-1.1392e-08
0.050847
0.10215
0.15239
0.19617
0.22159
0.22866
0.22238
0.19591
0.15321
0.10297
0.050811
1.1928e-08
