-1.00000006115423e-09
0.000489273917359215
-0.00181982177566506
-0.0036431614220238
-0.000961772424778545
0.000732632501050982
1.17239571063184e-07
0.00113732963888972
-0.000962564680230232
-0.00132039571464182
-0.000329169551745473
-0.000559984918594714
-0.00470841503316691
-0.00268020013981496
-8.09497419218819e-05
-0.00115607790231687
-2.31612884846188e-05
0.00145883724472103
2.32628313676831e-05
-0.000742308091883449
-6.33301271885794e-05
-0.00171865950899289
-0.00259711385867107
-0.00147861996016566
3.52084250736934e-07
-0.000738205660459552
-0.000401013193833365
-0.000476989269712569
0.000360943813760145
0.000789428896776051
-0.000308187368737806
-0.00205881738192343
-0.000828362992657594
0.000494273877377244
0.000552581643872424
0.000244527263989866
-2.02950356354425e-05
-0.000678590534990189
0.00121921208033993
0.000117786680563087
-0.00109240540473353
-0.000318321957321874
-0.00121839156760298
8.31749223635658e-06
0.000910249496850674
0.00235648676282176
0.00266744899260228
0.00118663802229452
0.000408769819687599
-2.74463669399511e-05
-0.000116898675558363
-0.000607518524366552
0.00021479334703281
0.0010512668402429
0.00283826162706664
0.00260999423412241
0.00128904924613633
0.00142737357655408
0.000348720109859244
-0.000345797879354001
0.000823101332819598
-0.000475815923132769
0.000269302524118678
0.00122733049670128
0.00265620193380799
0.00255520376309551
0.00119485093631208
0.000107746634774968
-0.0010731412438078
-0.000262321951006225
-0.0011950859093379
-0.0002381059434029
0.00101183059401953
0.00205638218443037
0.0024408694849196
0.0012795013704379
0.000332793147737931
0.000929306387439266
-0.00103417511122939
-0.00162881736161841
-0.000394219028069132
0.000640741741628537
0.000912684836112787
0.000466953574175005
6.68923337202587e-05
-0.000686559158948524
-0.000131442602083472
-0.00200404632065523
-0.00259911384050766
-0.00150088816501012
-1.40717536798556e-05
-0.00073556521375249
-0.000453633486463205
-0.000645582863783384
0.000133000916914594
-0.00108812051322382
0.000240680087958356
-0.00216506803098401
-0.00356841500829688
-0.00166512184961193
-2.75582480231129e-05
-0.000978253767022957
-1.67167078443664e-07
0.00136968898566164
2.17770814386295e-06
0.000639133820425505
-0.00159931306860728
-0.00371016139934412
-0.000949115714490065
0.000535157576899682
-1.1521713081908e-05
0.00116927609589394
-0.000478488913181016
-0.00143247051346362
0.000202793147737995
0.000589306387439176
0.00347582488877063
-0.0013888173616185
-0.000734219028069139
0.00102074174162833
0.000682684836112807
0.000880953574174947
0.000375892333720262
-0.000606559158948493
-4.74426020834681e-05
-0.00179104632065519
-0.00261911384050765
-0.00146388816501011
3.6928246320133e-05
-0.000785565213752464
-0.00041263348646324
-0.000240582863783284
0.00152300091691474
0.001297373576554
0.000508720109859181
1.42021206459286e-05
-9.68986671802674e-05
-0.000405815923132768
0.000259302524118557
0.00178733049670113
0.00268820193380798
0.00258620376309544
0.00111585093631209
0.000219746634774955
-0.00101714124380776
-0.000402321951006177
-0.00129908590933785
-8.21059434028409e-05
0.000811830594019583
0.00192138218443036
0.00267386948491952
0.00131950137043775
0.00125621208033992
0.000310786680563079
-0.00110740540473356
-0.000398321957321833
-0.00116539156760288
-0.000234682507763616
0.000962249496850719
0.00216348676282177
0.00246644899260227
0.00146663802229469
0.00103876981968758
-0.000367446366939986
-0.000126898675558429
-0.000127518524366488
-2.52066529672496e-05
0.001281266840243
0.0025332616270666
0.00270499423412243
0.00116704924613636
-0.000674308091883445
-8.53301271886014e-05
-0.00182865950899292
-0.00258911385867111
-0.00162661996016569
7.43520842507416e-05
-0.000744205660459598
-0.000332013193833344
-0.000452989269712559
5.09438137600016e-05
0.00081942889677597
-0.00076818736873796
-0.00196881738192356
-0.00089836299265772
0.000284273877377283
0.000352581643872363
0.000214527263989808
0.000386704964364548
-0.000627590534990242
-2.09810006115423e-09
0.000725273917359215
-0.00156382177566505
-0.00356716142202379
-0.000818772424778541
0.000768632501050984
1.15847571063184e-07
0.00139232963888972
-0.000732564680230224
-0.00151039571464182
7.08304482545385e-05
-0.00236998491859469
-0.00502841503316689
-0.00158020013981497
-0.000170949741921889
-0.000676077902316857
8.6838711515394e-05
0.00134483724472103
2.32627593676831e-05
