6.11542285905041e-17
-0.0398052739173592
-0.0655531782243349
-0.0744538385779762
-0.0655532275752215
-0.039803632501051
-1.27239571063184e-07
0.0494546703611103
0.10288256468023
0.153900395714642
0.196099169551745
0.223959984918595
0.233688415033167
0.223960200139815
0.196080949741922
0.153886077902317
0.102883161288485
0.049466162755279
-2.32508313676831e-05
0.0141213080918834
-0.0178796698728114
-0.0385323404910071
-0.0456628861413289
-0.0385323800398343
-0.0178783520842507
0.0141212056604596
0.0539990131938334
0.0972229892697126
0.13862905618624
0.172970571103224
0.195688187368738
0.203628817381923
0.195688362992658
0.172955726122623
0.138617418356128
0.0972234727360101
0.0540082950356354
0.0141025905349902
0.0516657879196601
0.0401232133194369
0.0328334054047335
0.0303463219573219
0.032833391567603
0.0401236825077636
0.0516657505031493
0.0664535132371782
0.0829635510073977
0.0992233619777055
0.113021230180312
0.12229744636694
0.125566898675558
0.122297518524367
0.113015206652967
0.0992187331597571
0.0829637383729334
0.0664570057658776
0.0516589507538637
0.0992226264234459
0.113021279890141
0.122295797879354
0.12556689866718
0.122295815923133
0.113020697475881
0.0992226695032987
0.082962798066192
0.0664527962369045
0.0516651490636879
0.040123253365225
0.0328321412438078
0.0303463219510062
0.0328320859093379
0.0401281059434029
0.0516691694059805
0.0664526178155696
0.0829591305150804
0.0992304986295621
0.138627206852262
0.172970693612561
0.195684175111229
0.203628817361618
0.195684219028069
0.172969258258371
0.138627315163887
0.097221046425825
0.0539971076662797
0.0141195591589485
-0.0178795573979165
-0.0385359536793448
-0.0456628861594923
-0.0385361118349899
-0.0178659282463201
0.0141305652137525
0.0539966334864632
0.0972115828637834
0.138646999083085
0.153898120513224
0.196099319912042
0.223955068030984
0.233688415008297
0.223955121849612
0.196097558248023
0.153898253767023
0.102880167167078
0.0494523110143384
-2.17251194386295e-06
-0.0398051338204255
-0.0655576869313927
-0.0744538386006559
-0.0655578842855099
-0.0397881575768997
1.1499125081908e-05
0.0494517239041061
0.102868488913181
0.153922470513464
0.138627206852262
0.172970693612561
0.195684175111229
0.203628817361619
0.195684219028069
0.172969258258372
0.138627315163887
0.097221046425825
0.0539971076662797
0.0141195591589485
-0.0178795573979165
-0.0385359536793448
-0.0456628861594923
-0.0385361118349899
-0.0178659282463201
0.0141305652137525
0.0539966334864632
0.0972115828637833
0.138646999083085
0.099222626423446
0.113021279890141
0.122295797879354
0.12556689866718
0.122295815923133
0.113020697475881
0.0992226695032989
0.082962798066192
0.0664527962369046
0.0516651490636879
0.040123253365225
0.0328321412438078
0.0303463219510062
0.0328320859093378
0.0401281059434028
0.0516691694059804
0.0664526178155696
0.0829591305150805
0.0992304986295622
0.0516657879196601
0.0401232133194369
0.0328334054047336
0.0303463219573218
0.0328333915676029
0.0401236825077636
0.0516657505031493
0.0664535132371782
0.0829635510073977
0.0992233619777053
0.113021230180312
0.12229744636694
0.125566898675558
0.122297518524366
0.113015206652967
0.099218733159757
0.0829637383729334
0.0664570057658776
0.0516589507538636
0.0141213080918834
-0.0178796698728114
-0.0385323404910071
-0.0456628861413289
-0.0385323800398343
-0.0178783520842507
0.0141212056604596
0.0539990131938333
0.0972229892697126
0.13862905618624
0.172970571103224
0.195688187368738
0.203628817381924
0.195688362992658
0.172955726122623
0.138617418356128
0.0972234727360102
0.0540082950356355
0.0141025905349902
6.11542285905041e-17
-0.0398052739173592
-0.0655531782243349
-0.0744538385779762
-0.0655532275752215
-0.039803632501051
-1.27239571063184e-07
0.0494546703611103
0.10288256468023
0.153900395714642
0.196099169551745
0.223959984918595
0.233688415033167
0.223960200139815
0.196080949741922
0.153886077902317
0.102883161288485
0.049466162755279
-2.32508313676831e-05
