-3e-09
0.075032
0.15448
0.22912
0.2901
0.32922
0.34319
0.32992
0.29076
0.2294
0.15389
0.07552
1.3e-08
-0.06064
-0.10025
-0.11494
-0.10048
-0.06035
-2.8e-08
0.021666
0.081935
0.14648
0.20714
0.25659
0.28972
0.29952
0.28898
0.25658
0.20793
0.14649
0.082404
0.021538
-0.027348
-0.059419
-0.070881
-0.05947
-0.027317
0.021519
0.078911
0.10221
0.1267
0.15037
0.16871
0.18164
0.18587
0.18122
0.16882
0.1496
0.127
0.10241
0.078861
0.060208
0.048207
0.044234
0.048142
0.06027
0.078951
0.14971
0.12699
0.10207
0.079067
0.060221
0.048241
0.044171
0.048171
0.060286
0.078941
0.10221
0.12695
0.15037
0.1688
0.18124
0.18587
0.18106
0.16868
0.14967
0.20787
0.14653
0.082245
0.021541
-0.027443
-0.059529
-0.070989
-0.059432
-0.027414
0.021556
0.081832
0.14685
0.20737
0.25662
0.28952
0.29941
0.28889
0.25641
0.20777
0.22972
0.15408
0.075288
-1.3397e-10
-0.060826
-0.10027
-0.11491
-0.10058
-0.06044
-1.9588e-08
0.074932
0.15438
0.22906
0.29002
0.32973
0.34311
0.32981
0.29124
0.22952
0.20792
0.14644
0.083048
0.021564
-0.027346
-0.059547
-0.070792
-0.059521
-0.027388
0.021565
0.081882
0.14657
0.20711
0.25664
0.28947
0.29956
0.28887
0.25663
0.20852
0.14968
0.12699
0.10257
0.078879
0.060248
0.048188
0.044372
0.048189
0.060278
0.07884
0.10232
0.12698
0.15018
0.16868
0.18142
0.18581
0.18095
0.16879
0.14968
0.078947
0.1024
0.12711
0.15026
0.16877
0.18114
0.18592
0.18111
0.16863
0.14973
0.12718
0.10225
0.078823
0.060318
0.048172
0.044248
0.048003
0.060191
0.078825
0.021534
0.081668
0.14655
0.20712
0.25691
0.2893
0.29945
0.28908
0.25661
0.20775
0.14657
0.082357
0.021577
-0.027365
-0.05947
-0.070793
-0.059419
-0.027419
0.021554
-2.3301e-09
0.074774
0.15435
0.22893
0.28987
0.32929
0.34304
0.33028
0.29107
0.22954
0.15403
0.07536
9.3301e-09
-0.060825
-0.10026
-0.11469
-0.10058
-0.06039
-2.5249e-08
