7.7776577801944e-17
0.0735769616267984
0.15307335560346
0.228979869607248
0.291764983059912
0.333211492843954
0.347691740646699
0.33320867837133
0.2917652813429
0.228972901031746
0.153073799433254
0.0735571171545358
3.78625425416461e-07
-0.0592108255735865
-0.0975463447047252
-0.110775643446885
-0.0975330767468002
-0.0592373314259584
3.45973860876077e-05
0.0210102935140091
0.080338969845909
0.144652752210877
0.20625847242552
0.257353225387472
0.291148568194389
0.302967769931157
0.291146271540828
0.257353468420056
0.206252808213748
0.144653111871921
0.0803229424566629
0.0210105983181011
-0.0265915621229649
-0.0573408935148244
-0.0679392181667072
-0.057330260838498
-0.0266128419815607
0.0210381454021935
0.0768705959647271
0.0988712475446396
0.123436832511505
0.147628877590314
0.168157928446198
0.181957467689862
0.186823867849418
0.181956524081224
0.168158027059979
0.147626624707404
0.123436971896782
0.0988652168845031
0.0768707073046521
0.0597008224054755
0.0488471801198672
0.0451505717791462
0.0488509002115928
0.0596932458823588
0.0768807698746398
0.147627719105265
0.123436867357825
0.0988712807275207
0.0768695897779032
0.059697073637877
0.0488505898789056
0.0451505715413498
0.0488513134987219
0.0596969941955256
0.0768715464934624
0.0988711479960273
0.123443200410004
0.147627590913038
0.168153275046959
0.181961914097579
0.186823867533966
0.181957063012052
0.168162679974865
0.147616005535129
0.206255559757057
0.144652842126146
0.0803390580340818
0.0210075389755508
-0.0266020910957642
-0.057331147821378
-0.0679392188506034
-0.0573290795952618
-0.0266023142221214
0.0210128956791775
0.0803387052814515
0.144669183479495
0.206255237455358
0.257341757110538
0.291159390301659
0.302967769166625
0.29114758324737
0.257364935452569
0.206226109252234
0.228976286205077
0.153073466560919
0.0735770708178185
-3.42166792473988e-06
-0.0592239402900139
-0.0975341835657934
-0.110775644300827
-0.0975316027359732
-0.0592242182126446
3.23239043062734e-06
0.073576634053808
0.153093632149217
0.228975889683223
0.29175090761055
0.333224754972947
0.34769173971028
0.333210285824146
0.291779355257384
0.228940053765247
0.206255559757057
0.144652842126146
0.0803390580340819
0.0210075389755508
-0.0266020910957642
-0.057331147821378
-0.0679392188506034
-0.0573290795952618
-0.0266023142221214
0.0210128956791775
0.0803387052814515
0.144669183479495
0.206255237455358
0.257341757110538
0.291159390301659
0.302967769166625
0.29114758324737
0.257364935452569
0.206226109252234
0.147627719105265
0.123436867357825
0.0988712807275207
0.076869589777903
0.059697073637877
0.0488505898789056
0.0451505715413496
0.0488513134987218
0.0596969941955256
0.0768715464934624
0.0988711479960272
0.123443200410004
0.147627590913038
0.168153275046959
0.181961914097579
0.186823867533966
0.181957063012052
0.168162679974865
0.147616005535129
0.076870595964727
0.0988712475446396
0.123436832511505
0.147628877590314
0.168157928446199
0.181957467689863
0.186823867849418
0.181956524081224
0.168158027059979
0.147626624707404
0.123436971896782
0.098865216884503
0.0768707073046521
0.0597008224054755
0.0488471801198673
0.0451505717791462
0.0488509002115928
0.0596932458823585
0.0768807698746398
0.0210102935140091
0.0803389698459091
0.144652752210877
0.20625847242552
0.257353225387472
0.291148568194389
0.302967769931157
0.291146271540828
0.257353468420056
0.206252808213748
0.144653111871921
0.0803229424566629
0.0210105983181012
-0.0265915621229649
-0.0573408935148243
-0.0679392181667071
-0.057330260838498
-0.0266128419815607
0.0210381454021935
7.7776577801944e-17
0.0735769616267984
0.15307335560346
0.228979869607248
0.291764983059912
0.333211492843954
0.347691740646699
0.33320867837133
0.2917652813429
0.228972901031746
0.153073799433254
0.0735571171545358
3.78625425416461e-07
-0.0592108255735865
-0.0975463447047252
-0.110775643446885
-0.0975330767468002
-0.0592373314259584
3.45973860876077e-05
