x           y           stackinginfo
0.0 0.0 0
1.2301 0.710199 0
40.5933370593599 2.13033288046255 2
2.46025935163165 2.84065607476299 1
2.46025050820869 4.26110157439302 2
3.69029102192734 4.97173322126562 5
3.69063429002101 6.39201931394822 2
4.9209070413371 7.10192933076151 1
44.2838125306119 8.52244423995246 1
6.15038520642908 9.23264198138594 4
6.15040028503049 10.6531753349024 2
7.38072213875373 11.3630323193605 1
7.38092091304093 12.7835357301735 2
8.61094404188203 13.4937323316999 0
47.9737083312158 14.9142418272315 3
9.84048630707541 15.6244708773772 3
49.2039107571994 17.044694346592 2
11.0708756453931 17.7551471595899 1
11.0707958625025 19.1755732295446 3
12.3008938647456 19.8861409722194 4
51.6639356976434 21.30624296357 1
13.530828132647 22.016324335534 1
52.8937912780953 23.4367916503484 1
14.7605802312819 24.1470927501694 2
14.7609024101665 25.5675547733455 2
15.9912699156469 26.2773293927955 2
15.9909894179556 27.6978585734682 2
17.2209390317069 28.4078142677278 0
56.5838659751958 29.8283477226936 1
18.4509070416586 30.5381989049874 1
18.4513265799865 31.9586179099495 1
19.6815357458075 32.6690085618492 0
2.46040087410466 7.91477066813894e-05 1
3.69070403669366 0.70990993959102 1
3.69036235659464 2.13045769139838 1
4.92016030484375 2.84057763581382 4
4.92012766015145 4.26109928737274 2
6.15046086889115 4.97094553732902 1
6.15083667507828 6.39144263079556 4
7.38088293815728 7.10181833231035 0
7.38058792245587 8.52230534128659 0
8.61059573228337 9.2326244520178 3
8.61078404606632 10.6528012247433 1
9.84093315838742 11.3632458215859 1
9.84088820231456 12.7836747344349 0
11.0709499294651 13.4943037125683 4
11.0709264908517 14.9144627338954 2
12.3010423475735 15.6244767181656 1
12.300750731808 17.0449885214715 5
13.5306378071094 17.7552343258824 2
13.5308677605353 19.1757227216199 5
14.76121262612 19.8855250136696 2
14.7609903590407 21.3060634320142 3
15.9909750037196 22.0160581609595 0
15.9906208597725 23.4365512150877 4
17.2207829877904 24.1464958165146 1
17.221121127099 25.5668354126768 2
18.451295178278 26.277296751247 3
18.4511796005331 27.6977490974237 0
19.6813885154386 28.4080845172266 4
19.681303090618 29.8281895303836 1
20.9114230140354 30.5383662487993 1
20.9113569615236 31.9588470002495 1
22.1414762320859 32.669251505309 1
4.92054148132198 -0.000610898955121548 4
6.15061349616938 0.709892232549254 0
6.15042295123615 2.13034206891981 0
7.38050838588726 2.84066771829461 3
7.38062149315236 4.26080630978864 1
8.61073410228495 4.97121553024571 1
8.61073294996991 6.39167368598924 3
9.84078506442855 7.10229290847402 5
9.84099390662458 8.52253805085248 2
11.0711614229605 9.23248513257415 1
11.0708560669775 10.653037444026 5
12.3006529851312 11.3632660276115 2
12.3008338737108 12.7837598020782 2
13.5311647982195 13.4936219270492 2
13.5311343059478 14.91416832135 3
14.7611299402017 15.6243199710248 0
14.7607701164671 17.0447773945716 0
15.9908532175635 17.7548874676087 1
15.9911101033141 19.1751608595334 2
17.2212856792095 19.8856308358793 3
17.2211677589351 21.3060499408691 0
18.4513893886558 22.0164082571888 4
18.4512141941424 23.4365113146034 5
19.6812887331918 24.1466042430534 1
19.6811115634854 25.5671200594634 1
20.9111900398296 26.2774044682329 1
20.911607493949 27.6978312707693 2
22.1419634825492 28.4075682372308 5
22.1415636929123 29.8281315489732 3
23.371449712693 30.5381294776112 0
23.3713692829867 31.9586123835596 2
24.6016911262131 32.6684579515657 1
7.38041266890721 -0.000311451119176745 2
8.61048165828893 0.710198410457912 2
8.6108645389811 2.13052685226326 2
9.84107995040268 2.84040548068723 1
9.84072563899327 4.26098150584464 5
11.0704815035219 4.97118471230297 4
11.0706273936084 6.39166239789183 2
12.3009552310399 7.10157766334408 2
12.3011583750919 8.52212226105864 4
13.531155506903 9.2324913872828 0
13.5308703196802 10.6529141073658 0
14.7609136397866 11.3631687204193 3
14.7611291646792 12.7833830309005 2
15.9912860400419 13.4938628102598 1
15.9912158554956 14.9142801317087 0
17.2214000556473 15.6247091589523 4
17.2212753069753 17.0448551671451 5
18.4513454933486 17.7548577298549 1
18.4511069501015 19.1754070307113 1
19.6811259590554 19.8855854123289 2
19.6814850251683 21.3060393490979 2
20.9118296995026 22.0158010395246 5
20.9114395985243 23.4363685928132 3
22.1413688414189 24.1463770953793 0
22.1411851970055 25.5668183877339 4
23.3714561286563 26.2767150842376 1
23.3717932127682 27.6971183484959 2
24.6019250888458 28.4076274690448 0
24.6017664174997 29.8280327797339 0
25.8319654818898 30.5382926416982 4
25.8319561061335 31.9584054617777 1
27.0620224269125 32.6687254760692 1
9.84034033633623 -0.000451321243414521 2
11.0706546085696 0.709502831772465 2
11.0709853626624 2.13001969710377 4
12.3009885415232 2.84057468609886 0
12.3007770779989 4.26095644923203 0
13.5308353446792 4.97126891968312 3
13.5309951209934 6.3914369165459 1
14.761106683349 7.10191831541139 1
14.7611127556868 8.52236209322059 3
15.9912489415067 9.23284955638809 2
15.9913075235893 10.6530730261031 2
17.22139818706 11.3630214479812 1
17.2211363268822 12.783598784229 2
18.4510552682452 13.493758301518 2
18.4513814054424 14.9142169530785 2
19.6817147395676 15.6240553259347 2
19.6814822881391 17.0446287541091 3
20.9114505760203 17.7547392443747 0
20.9112506295556 19.1751334617601 4
22.141441669897 19.8851607739152 1
22.1416916614164 21.3054917272332 2
23.3718450416113 22.0160027968179 3
23.3716919733023 23.4363815389968 0
24.6019671339584 24.146593280033 4
24.6018038081676 25.5667069381212 1
25.8318415531185 26.2768761363626 5
25.8317294779721 27.69740621431 1
27.0618377558892 28.4077204744716 5
27.0622699629192 29.8281065254148 2
28.2925241386257 30.5379160199764 1
28.292083940664 31.9584957263151 3
29.5218572384299 32.6686435259363 0
12.3007828551507 -0.000553228523765057 2
13.5308231786075 0.709887583616243 1
13.5308503412756 2.13036948318784 3
14.7609595243422 2.84083295045335 2
14.7612052671351 4.26113718259119 2
15.9913249092664 4.97105259737552 1
15.9910200619243 6.39164530734112 5
17.2208395668397 7.10182661886847 4
17.2211527605176 8.52226761617111 2
18.4514687156119 9.23221441863956 2
18.4514850004029 10.6527890815191 0
19.6814629971663 11.3631050378581 0
19.6813001167919 12.7834555070061 0
20.9114223939832 13.4936264138015 1
20.9116342388123 14.9138907796582 2
22.1417921619618 15.6243954728074 3
22.141714364299 17.0447720214777 0
23.3720064208181 17.754994865269 2
23.3718273317074 19.175145015938 5
24.6018488970538 19.8851831377952 1
24.6016584643024 21.3057464031045 1
25.8317707300525 22.0158908506304 2
25.8321765445972 23.436309607858 2
27.0624553101238 24.1460931205462 3
27.0619594305386 25.5666694764616 3
28.2917934464788 26.2767662746184 0
28.2917888112451 27.6971476337492 5
29.5220778337724 28.407131931539 1
29.522384522417 29.8275901800483 4
30.7524138092023 30.5382245141923 0
30.7522248348332 31.9585612896413 0
31.9823493600181 32.6688395858803 4
14.7608143546876 -0.000366736564247412 4
15.9905780546661 0.709823035672074 4
15.9908356795979 2.13022068830261 5
17.221127994169 2.84026751335805 2
17.2213376263114 4.26082174537474 0
18.4513087833712 4.97136287459701 0
18.4511796123538 6.39166828230442 0
19.6812615223491 7.10193793269202 1
19.6814432153991 8.52215159946915 2
20.9115682794146 9.23266693896247 1
20.911603259047 10.6530695510583 0
22.1418654587708 11.3633421111657 2
22.1418085776474 12.7835628767066 2
23.3718406080197 13.493512220503 1
23.3716250712413 14.9140994127976 2
24.6016930761476 15.6241591182232 2
24.6020987282504 17.0445883799277 2
25.8323914444381 17.7544242996033 4
25.8319976991405 19.1750038552683 0
27.0619001872418 19.8851334411199 0
27.0618621250524 21.3054633702592 3
28.292107277172 22.0155076081204 1
28.2923218248288 23.4358924759135 4
29.5223920064051 24.1465149027568 0
29.5222132757101 25.5668215146004 0
30.7524353465488 26.2770115096776 2
30.7523044012713 27.6971451611684 1
31.9822799833549 28.40746806654 5
31.9822383344548 29.8279874152061 1
33.2123540577458 30.5383275943 5
33.2126900083554 31.9586883132 2
34.4428314844926 32.6685748194159 3
17.2209940112962 -0.000192278921315238 3
18.4510776144598 0.710091674866933 1
18.4511597599536 2.13027409641707 5
19.6812120595276 2.84078407907307 1
19.6813143089621 4.26122900576955 3
20.9115278145353 4.97152905800172 2
20.9116320910161 6.39182882406699 2
22.1416813468804 7.10174921216674 3
22.1414458799967 8.52234948311835 2
23.3714254696359 9.23240954802147 2
23.3718546721439 10.6528286890714 2
24.6021498280564 11.362776898084 4
24.6019922117071 12.7833622222887 0
25.8319486308678 13.493625876322 0
25.8319363668729 14.9139094371618 3
27.062129267756 15.6240429725242 1
27.0622958980132 17.0443618344148 2
28.2924034380527 17.7549461991165 3
28.2923144584949 19.1752531074219 0
29.5226190714708 19.8853709797238 2
29.5224112453619 21.3055388481639 5
30.7523564831359 22.0157013911854 5
30.7522170426711 23.4362546044831 1
31.9823596677166 24.1464171640914 5
31.9827155249768 25.5668083820177 2
33.2128783722887 26.2766763078235 3
33.2123483473873 27.6972535774622 3
34.442115674337 28.4074333660591 0
34.442272759635 29.8277713717522 5
35.67253461471 30.5378876224504 2
35.6727785552356 31.9583895989195 0
36.9027453148669 32.6690813422892 0
19.6814277846562 -3.87027840697878e-05 1
20.911488121797 0.709880393598978 3
20.9111578653854 2.1304768897716 2
22.1410393122154 2.84057757463221 4
22.1414503785589 4.26096025811028 2
23.371724409631 4.97105044853024 2
23.3718005198954 6.39162592813174 0
24.6017807822926 7.10208291742025 0
24.6017927299165 8.5223219161106 3
25.8319374103022 9.2325366963302 1
25.83209359365 10.6528098997077 5
27.0622116897482 11.363368595911 1
27.0622799327692 12.7837067593162 0
28.2926216694959 13.4938009219983 2
28.29247350211 14.9140371604081 5
29.5224288900496 15.6240569414957 5
29.5222398927998 17.0446375089005 1
30.7524031523268 17.7546479923544 2
30.7527975222043 19.1750559237225 5
31.9829908751941 19.8849487776824 4
31.9824819430652 21.3055216785837 0
33.2123023218593 22.0157159250311 0
33.2123928881976 23.4359980474772 5
34.4426254215775 24.1461577980063 2
34.4427930488194 25.5665887183862 4
35.6727735367275 26.2773244916455 0
35.6725908190705 27.6975470936865 0
36.9027261923782 28.4077696296649 5
36.9026357635835 29.8279454052391 5
38.1325949275484 30.5383887801122 1
38.1326553193214 31.9588777096847 1
39.3628334256537 32.6691347605831 2
22.1415512720621 -0.000199871404115934 0
23.371529461653 0.710433571396586 0
23.3714910123689 2.13062513705102 0
24.601595797683 2.84087891972707 1
24.6016975243226 4.26112764409862 5
25.8317801455215 4.97166711950916 1
25.8319765270825 6.39205708797114 4
27.0623076787823 7.10215068795649 2
27.062287227387 8.52246709291748 1
28.2922705992853 9.23240977751181 3
28.2920750779993 10.6530078045782 2
29.52221932602 11.362944573308 2
29.5226850599138 12.7833555596639 5
30.7529149856888 13.4933301311639 4
30.75259288289 14.9139102543398 0
31.9824962786742 15.624170078255 0
31.9825909542368 17.0444061500169 1
33.2128005445197 17.7545987620207 1
33.2129030253111 19.1749667515164 4
34.442917611061 19.8856779838911 3
34.4427999015389 21.3058992380606 0
35.6730224819187 22.0160279508625 2
35.6728018942273 23.4362334705324 1
36.9026869393339 24.1465491479928 2
36.9026378604306 25.5670763802876 1
38.132813760621 26.2772199139588 2
38.1330337610265 27.6976083005146 1
39.363102205737 28.4075334503313 3
39.3626156623508 29.8281129158705 4
40.5924314216872 30.538260348105 4
40.5927424328545 31.958585532261 5
41.8229793364461 32.6687973376951 2
24.6015871224696 0.000298069894735249 2
25.8318775905238 0.710378768364978 1
25.8319317983974 2.13075901695943 1
27.0619356405531 2.84068357664535 3
27.0616952015517 4.26128276677079 2
28.291770584502 4.9712210807068 5
28.2922757576092 6.39161119137417 2
29.5225216022632 7.10171898910265 4
29.5224475288789 8.52230085814745 0
30.752431276234 9.23267049970571 0
30.7525517507425 10.6528656206349 3
31.982740282944 11.3630810297385 1
31.9828374683892 12.7834131139279 4
33.2128954568419 13.4940697748437 3
33.2129552350917 14.9143287612847 0
34.4432672555387 15.6243698591348 2
34.4430404665065 17.0446406631281 5
35.6729029729519 17.7548081830315 5
35.672763918595 19.1753669930721 1
36.9029661260047 19.8853712229201 2
36.9032456199014 21.3057786463194 1
38.1333330621417 22.0157373216706 0
38.1327726751698 23.4363036322224 0
39.362579696629 24.1465056278155 0
39.3627813221273 25.5667720810703 1
40.5929853036043 26.2770538033565 2
40.5931067922248 27.6975222436186 0
41.8230726390395 28.408258650417 0
41.8229354444876 29.8284114666558 0
43.0530289410333 30.5386449166956 5
43.0529815563772 31.9588897968209 5
44.2829811865193 32.669383865378 1
27.0617899903747 -0.000185617488378287 2
28.292014753339 0.710068713711554 4
28.2920928547162 2.13062357339359 0
29.5221255411948 2.84111928037524 0
29.5222104946223 4.26127281842506 3
30.7523674428428 4.97149648949027 1
30.7524530402902 6.39181784845708 5
31.9825355921315 7.10240594364307 1
31.9827905803127 8.52272913932113 4
33.2131623917236 9.232697323509 2
33.2130183545177 10.6530493230635 1
34.4429106321942 11.3630908519237 4
34.4427441708706 12.783674112464 2
35.6729794213846 13.4935662928014 5
35.6733756542739 14.913986281516 5
36.9035017091725 15.6240215719869 0
36.9030403303441 17.0445880794007 0
38.1328970338869 17.7548589907362 0
38.1330554062421 19.1750772309773 1
39.3632431322895 19.8853841306566 2
39.3632889617191 21.3057926321107 0
40.593255001044 22.016561262351 0
40.593105478355 23.4367065523075 0
41.8232376817598 24.146871336944 2
41.8230284443862 25.5671407222838 1
43.0529276725753 26.2775449977668 2
43.0530261395257 27.6980373535303 5
44.2832815128276 28.4080706336698 5
44.2833315070557 29.8284864102054 1
45.5133445009973 30.5384191587722 0
45.5129598365421 31.9590021419791 4
46.7429409459909 32.6690014665737 3
29.5219472588852 0.000150095878159254 3
30.7520025825401 0.710662073236714 1
30.7523518602173 2.13105502392331 4
31.9827321629174 2.84097039676059 1
31.9826561900256 4.2613903500889 1
33.2125966583709 4.97135065173967 3
33.2124152421243 6.39194196915895 2
34.4426527377307 7.10176715724044 5
34.4431561637824 8.52218354702459 2
35.6733308137958 9.2323323388031 0
35.6730901221124 10.6529049954137 0
36.9030409480948 11.3632420426284 0
36.9032084816624 12.7834211430145 1
38.1333915505741 13.4937211540821 5
38.1334185299864 14.9140996714541 3
39.3634082304673 15.6248500266702 3
39.3634022849022 17.0450314589237 4
40.593614481318 17.7551032274623 2
40.593336636592 19.1754296353579 1
41.8231601518164 19.8857240624958 2
41.8231407383466 21.3062530840273 1
43.0533892234757 22.0162146623845 2
43.053474690644 23.4366500513549 1
44.2834985093446 24.1466216774543 0
44.2829724017571 25.5671839177266 4
45.5128820722621 26.2772793910807 3
45.5131972046542 27.6975654985184 2
46.7433892120945 28.4079198895887 2
46.7434532776751 29.8284182024478 0
47.9734901907424 30.5390236042008 0
47.9734401744553 31.9591390246314 3
49.2035510783499 32.6693536450122 5
31.9819357713238 0.000166112184062184 2
33.2121160211557 0.710006677007198 5
33.2126441519442 2.13039262854183 2
34.4428481479626 2.84066491491725 4
34.4427991245587 4.26122239708913 0
35.6728606370289 4.97159659994438 0
35.6730047558637 6.39174039351621 1
36.9031819573401 7.10200234987442 1
36.9032216898311 8.52238466103316 3
38.1332554805222 9.23306516373724 1
38.1334823556815 10.6533198293539 4
39.3637854578899 11.3632901095161 1
39.3635368204163 12.7836917908856 1
40.5933413318027 13.493876244646 2
40.593253762845 14.914432039424 2
41.8235256575029 15.6243215715736 5
41.8237477903962 17.0447712798271 5
43.0537930045467 17.754834533496 0
43.053261292743 19.1753848953662 0
44.2831500932712 19.8855971130961 3
44.2833719342498 21.3058305203271 1
45.5135423923976 22.0162297465297 5
45.5135392712792 23.4366696060696 0
46.7435552196628 24.1473512083264 0
46.7434033785116 25.5674506911678 3
47.9735000385051 26.2776157570787 5
47.9733262284511 27.6979667679985 1
49.2033044412547 28.4083827327747 1
49.2035772015717 29.8288356444745 5
50.4339236178656 30.5387208761536 5
50.433817226704 31.9591819034781 1
51.6637815450053 32.669118803542 0
34.4425586472694 7.13024162309093e-05 2
35.6727131023166 0.7102845644388 5
35.6727294568887 2.13068312361972 1
36.9028139092883 2.84121817575502 1
36.9032089255534 4.26155806979641 4
38.1335848994164 4.97141477871486 1
38.1333686124982 6.39188622390835 1
39.3632102067185 7.10196785821722 4
39.3630958287165 8.52253768530342 2
40.5933981804229 9.23236631157544 5
40.593795741884 10.6528224807682 5
41.823877452628 11.3630223303858 0
41.8234963640092 12.7835697949715 0
43.0534275298457 13.4938803172257 0
43.053616977207 14.9140702242321 1
44.2837820648293 15.6244686023875 5
44.2837509275902 17.0448781739921 0
45.513748775622 17.7556050532948 4
45.5136524351224 19.175730748875 4
46.7437785547658 19.8858251719982 1
46.7434972955955 21.306222749129 5
47.9733749619998 22.0165531763322 2
47.973527185618 23.4370492551962 5
49.2038452865425 24.1469141877104 5
49.2037285484612 25.5673953905661 1
50.4337231687218 26.2773375771426 0
50.4333052774485 27.6978907481885 4
51.6633944795029 28.4078189553411 1
51.6637973687775 29.8281538269742 2
52.8939857844199 30.5385372932617 4
52.893959776323 31.9590489167989 0
54.1240667115514 32.6694936670486 0
36.9029299514067 0.00011493894031436 1
38.1328781885417 0.710063093594818 0
38.1326962560423 2.13062971298772 2
39.3630165111123 2.84039562983236 1
39.3634911130378 4.26084303454865 2
40.593614233866 4.97118363311765 0
40.5934162366957 6.39171960257545 0
41.823439385624 7.10207186522934 0
41.823606020255 8.52222486368646 1
43.0537631556031 9.23259236694729 5
43.0537596682332 10.6530089560291 3
44.2837661610708 11.3637287024542 3
44.2838824240484 12.783924237884 4
45.5140787526841 13.4939314697631 1
45.5137755505174 14.9143899584257 5
46.7435734028663 15.6246535642976 2
46.7436328197421 17.0451763443871 5
47.9739398073177 17.7550377151771 2
47.9739300789495 19.175532010476 1
49.2039383732007 19.8855664935455 0
49.2034461323847 21.3060951208559 0
50.4334570514506 22.0161708197465 3
50.4337488666416 23.4364480034595 2
51.6639271792433 24.1468815723255 4
51.6638696054564 25.567339714738 0
52.8940014719371 26.2778309556089 0
52.8938778740156 27.6979188233656 3
54.1239841231842 28.4080705597833 1
54.1238485079193 29.828495885126 1
55.353899999516 30.5389129774845 1
55.3542659815165 31.959315365817 2
56.5846 32.669134 1
