x           y           stackinginfo
-1.77668081137246e-09 5.44293934734321e-10 0
46.4241610125663 77.8077566486905 3
2.25306315397107 0.988944800857168 4
3.66515079559035 0.834164080158361 2
4.50533545215895 1.97957396910442 2
5.91729645925178 1.82525468590892 5
6.75710495844566 2.97065016935149 2
8.16905663520063 2.81481417722259 0
9.00936045521676 3.95955638519923 3
10.4213098090393 3.80310525941564 3
11.2610366323601 4.94848699254938 1
12.6728538681626 4.79313739502915 2
13.5126277213664 5.93880670210649 2
14.9245773390871 5.7842819466917 5
15.7656732488826 6.92897790415372 1
17.1776649059085 6.77378987931549 1
18.0186138596264 7.91857085439373 1
19.4303137626082 7.76338027264789 1
20.270493196035 8.90867853217266 3
21.6820435544183 8.75332798757613 0
22.5227748051347 9.89832043330349 0
23.9346196351088 9.74268543577633 0
24.7759142623112 10.8873127934982 0
26.1879926167889 10.7324365544074 2
27.0284341224906 11.8776782591233 2
28.4403913608205 11.7234140476209 5
29.2801858729788 12.8688872518501 2
30.692099527351 12.7132571375061 0
31.5323950335683 13.8580176598491 3
32.9443601586248 13.7015147188382 3
33.7841936412041 14.8467739976018 1
35.1960500061234 14.6912260501057 5
36.0356762757484 15.8369564758077 2
37.4476498378822 15.6825152715507 5
38.2884787935329 16.8273792922348 1
39.7004995063542 16.6721934158652 1
40.5414432471028 17.8169254200693 1
41.9532043316752 17.661551960244 1
42.7934103914353 18.8068028007789 1
44.2049434992552 18.6514776334649 0
45.0455113565939 19.796611929328 0
46.4572900518989 19.641099155824 0
47.2986683157045 20.7857029211183 0
48.7107261728006 20.6307467302638 4
49.5514389231915 21.7758156718309 2
50.9634023566621 21.6215556071646 1
51.8032519756999 22.7670590011902 2
53.2151237675257 22.6116641947513 0
54.0553729477683 23.7564889760159 0
55.4673424283397 23.5999792703423 3
56.3073194840218 24.7451056621283 1
57.7192152856236 24.5893584349578 5
58.5587785959891 25.7350886055514 2
59.9707748238933 25.5806884985849 2
60.811283877075 26.7257700325105 1
62.2233265456154 26.5706250291169 2
63.0642449445846 27.7153116979789 1
64.4760766383155 27.5597536191116 1
65.3163167337218 28.7049353333848 1
66.7278498305662 28.5495909286863 4
67.5682270867581 29.6948691391736 0
68.979944003205 29.5394848962561 0
69.8213489322668 30.6840974114254 0
71.2333762333909 30.5290794154079 4
72.0743514836846 31.6739847727033 2
73.486321657579 31.5196837070534 1
74.3262826281136 32.6651735779445 5
75.7381161900112 32.5100235337008 0
76.5783121163858 33.6549374519232 0
77.990274233854 33.498477057199 0
78.830425942273 34.6434656893121 3
80.2423573390624 34.4875438887903 5
81.0819371015808 35.6332182125886 2
82.4939479286071 35.4788203039608 2
83.3341371531287 36.6241297658983 5
84.7461926421389 36.4690686449972 2
85.5870713261165 37.6137172758342 1
86.998969126375 37.4580028204098 1
87.8392320237273 38.6031072799425 1
89.2507838040842 38.4476978219308 4
90.0909787728699 39.593094835639 0
91.5026415845144 39.4378300779963 0
92.34400760443 40.5824879395664 0
93.7559969905395 40.427430518035 3
94.5971954983454 41.5721961336918 2
96.0091643258261 41.4178139361121 1
96.8492797448744 42.56324869804 5
98.2610840266816 42.4083233195338 0
99.1012387843985 43.5533353315312 0
100.513179862922 43.3969834372743 0
101.353511926645 44.5418481235109 3
102.765474986801 44.3857916574336 5
103.605147386139 45.5313610943046 5
105.017165925343 45.3769333416861 2
105.857086208693 46.5224426325289 5
107.269147319738 46.3675005331499 2
108.109956696661 47.5121421904486 1
109.521906522878 47.3563063810299 1
110.362169814949 48.5013396141922 1
111.773763878798 48.3458177429911 5
112.613806802373 49.4912949463933 0
114.02542930254 49.3361208889586 0
114.866687421718 50.4808656335927 0
116.278638821961 50.3257934241062 3
117.119999002948 51.4704557700695 2
118.53195830832 51.3159604422118 1
119.372256747707 52.4613051212597 1
30.7595437324936 52.3065516360741 0
31.599678635139 53.451657089296 0
33.0115831517272 53.295462422776 0
33.8520690373765 54.440239616246 3
35.2640576257154 54.2840960600653 4
36.103887184657 55.429525849903 5
37.5159143926026 55.2750329405513 2
38.3556472882745 56.4206897450287 5
39.7677094265815 56.2658868149309 2
40.6083910887568 57.4105855923976 5
42.0203760691977 57.2546657585564 1
42.8606250044048 58.3996384467013 1
44.2722847253707 58.2439629243237 2
45.1122069925473 59.3894831252504 4
46.5238085432452 59.2343500819292 4
47.3648823465474 60.3792302074434 0
48.7767998326285 60.2241711026545 3
49.6182572242803 61.3687685286181 4
51.0302051034891 61.2141401307364 5
51.870699939321 62.3593698487308 1
53.2824677319562 62.2047147695084 3
54.122600622181 63.349901729414 0
55.5344539477115 63.1938997463557 0
56.3750496462933 64.3386368213241 0
57.7870540086975 64.1824540147046 4
58.6270913333676 65.3277248614494 5
60.0391301612074 65.1731334515362 2
60.8787808398023 66.3188634236546 2
62.2908407821681 66.164207169641 2
63.1313321030717 67.3090356863905 2
64.5433377149001 67.153081808734 1
65.3835840828755 68.2979941263568 1
66.7953248168351 68.1421429785283 2
67.635158026807 69.2876695357813 4
69.046759194461 69.1325196308041 4
69.8875784262086 70.277577128034 0
71.2994657416821 70.1225642071439 3
72.1409658537111 71.2671262637096 3
73.5529061890978 71.1123619127388 5
74.3935976561347 72.2574625071312 1
75.8053488428071 72.1028312431184 3
76.6454864251025 73.2480860291899 0
78.0572784371092 73.092294516716 0
78.8979379036971 74.2370365401505 0
80.3099449930674 74.0808580107285 0
81.1502256536258 75.2259667189785 5
82.5622783076336 75.0712497191939 2
83.4019411553109 76.2169802973539 2
84.8139950680739 76.0624669017047 2
85.6542571845072 77.2074784469462 2
87.066271968924 77.0515511431246 5
42.8942902857763 0.23289725448194 1
44.3061135388493 0.076871064402123 1
45.1458928727253 1.22236770247104 2
46.5575124679973 1.06715021206879 2
47.3980404407344 2.21240027594324 0
48.8099022343704 2.05746980874652 3
49.6514021129766 3.2020161573345 3
51.0633418453506 3.04713501443537 1
51.9042186999183 4.19210336981041 1
53.3159513596686 4.03743191333796 1
54.1560998962633 5.18273326978249 0
55.5678265419522 5.02714163524943 0
56.4085101111528 6.17192363837659 0
57.8205024637456 6.01579107660884 0
58.6610425553716 7.16074585299708 4
60.0731110824199 7.00589113069298 2
60.9128642632942 8.15156127842687 2
62.3249085726761 7.99717579242723 2
63.1649476819259 9.14238578252013 2
64.576961989039 8.98654522791319 5
65.417270810808 10.1313243054536 1
66.8291622543065 9.97514509142951 1
67.6689176724195 11.120584687513 2
69.0805707547838 10.9652580126223 2
69.9208126860879 12.1106843727132 4
71.3326580167976 11.9558651506749 3
72.1741083059063 13.1004227896113 3
73.5860554099781 12.9454551854502 1
74.4270784365579 14.090310129199 5
75.8387974504673 13.9355484588195 1
76.6789701233636 15.0808667278429 3
78.0906348367496 14.9254400006029 0
78.9313069238525 16.0702890064074 0
80.3432631053349 15.9142416245677 0
81.184050555051 17.0590633934633 4
82.5961330434207 16.9040765496323 2
83.436046890111 18.0496336794521 2
84.8480776511869 17.8953481154399 2
85.6879384961433 19.0407358370872 2
87.0999413856086 18.8850333704072 4
87.9402873400916 20.0297612078285 1
89.3522248219713 19.8734613979747 1
90.1919927987424 21.0188195338514 2
91.603689036869 20.8633469560975 2
92.4436783637146 22.0089137722894 4
93.8555216373598 21.8542161630745 5
94.6968582364376 22.9988291207159 3
96.1088198307492 22.8438131670917 1
96.9499349826938 23.9885852074962 5
98.3616568882692 23.8336945884415 1
99.2018753810167 24.9789952567305 3
100.613489366847 24.8236887537914 0
101.454116803954 25.968626358086 0
102.866014689026 25.8126951884658 0
103.707007462156 26.9574186340992 0
105.11909564727 26.8023170437351 2
105.959231885046 27.947718961272 2
17.3467524284791 27.7934909865531 2
18.1865065564161 28.9390088694166 2
19.5984869981542 28.7834812896596 4
20.4388276401614 29.928204593422 5
21.8507913366147 29.7718169548846 1
22.6906070770534 30.917077573686 1
24.1023537776731 30.7614283438813 2
24.9421388505753 31.9070920820769 2
26.3539972277877 31.7524968653315 5
27.1951316536885 32.8972323586642 3
28.6071126755836 32.7422052800397 1
29.4482696049633 33.8869220305895 1
30.8600189966491 33.7318720914407 1
31.7003009321834 34.8771271511182 1
33.1118806825411 34.7218964736663 0
33.9524236637914 35.8669445727121 0
35.3642497911199 35.7111448939966 0
36.2053862532351 36.8558140229315 0
37.6174672490412 36.7006205403451 4
38.4578670273358 37.8458455763425 2
39.86988011542 37.6916275067219 5
40.7096169023018 38.8372118817421 2
42.1215659946174 38.6818831569077 4
42.961847362544 39.8266588590961 5
44.3738226540169 39.6702187144995 3
45.2137231040828 40.8153695164888 1
46.6255249227814 40.6595269638693 5
47.4651713080201 41.8052351378535 2
48.8770572294827 41.6506974700689 2
49.717903783405 42.7956221726468 3
51.1299056085197 42.6406197795617 1
51.9710672428408 43.7852952597332 1
53.3828653510197 43.6300756819121 1
54.2232200309246 44.7752637003593 1
55.6347817398764 44.6200669597261 0
56.4751991090461 45.7652409253863 0
57.8869511907931 45.609578599588 0
58.7281705880186 46.7542342822589 0
60.1402309175292 46.5989729553921 4
60.9809119750136 47.7440200967918 2
62.3929314425057 47.5897667119899 5
63.2327318107224 48.7353591827069 2
64.6446447694917 48.5802427435554 4
65.4848279381098 49.725118076685 4
66.8968029348407 49.568670102211 3
67.7368188388951 50.7137042731825 1
69.1486731489569 50.5576724518756 5
69.9882506005805 51.7033720174148 2
71.4001656329015 51.5488358912234 2
72.2406764410031 52.6939873253757 5
73.6526964470849 52.5390472875808 1
74.4938350632648 53.6836864031315 1
75.905691494201 53.5283133999037 1
76.7461207305645 54.6734169597688 1
78.1576801703515 54.5182120237513 3
78.9979585301733 55.6635019905433 0
80.4096405787471 55.5079766739817 0
81.250886609309 56.6526530729652 0
82.6629120637324 56.4973519325317 4
83.5038699303496 57.6422311264673 2
84.915898703278 57.4879092972813 1
85.7558287976242 58.6334593576716 2
87.167708076454 58.4785579892597 4
88.0077918206279 59.6235536246185 4
89.4197551602384 59.4671571458903 0
90.2599091216004 60.6120734833377 1
91.6718063828632 60.4558800948518 5
92.5113843012213 61.6015214530866 2
93.9233201075391 61.446935801272 2
94.763499144431 62.5923122476358 5
96.1755324557451 62.4374683347799 1
97.0166160781607 63.5820858524066 1
98.4285303072993 63.4265886070731 1
99.2690154912498 64.5716056380964 1
100.680591433111 64.4163455108107 5
101.520747626668 65.5617193070792 0
102.932369940211 65.4063150934638 0
103.773580731825 66.5510474606847 0
105.185559170934 66.3957384531562 0
106.026754676277 67.5404761204951 2
107.438786675288 67.3860638221264 2
108.278896881737 68.5315283857902 5
109.690752511641 68.3768227859892 4
110.530765507906 69.5219362685789 4
111.942705652229 69.3656532175367 0
112.782994263308 70.5104703316912 3
114.194926461438 70.3541579419191 5
115.034570479089 71.4997010603635 5
116.446520960322 71.3450237689669 2
117.286420461567 72.4905895591345 5
118.698464422764 72.3358626247579 1
119.539445544003 73.4804980357902 1
120.951409609507 73.3249083864754 1
121.791915691783 74.4698515054149 1
123.203531701463 74.314480586847 5
124.0435950538 75.4598991780889 0
125.455173145462 75.3045796537461 0
126.296284495286 76.4494044495452 0
127.708211990627 76.2941204443064 0
128.54958140002 77.4387560113607 1
129.961606493689 77.2842372836704 1
85.7896837625668 0.466079562095732 2
87.201527763189 0.311525720222862 2
88.0415139310653 1.45673752914449 4
89.4534192814468 1.30062446308686 0
90.2938102860843 2.44538302661977 3
1.68127371852601 2.28900006632424 2
2.52104327148311 3.43441591493729 2
3.93301115255422 3.27961265998555 2
4.77271359388001 4.42531048964553 2
6.18476688919939 4.27070601263671 2
7.02557431249631 5.41542816686681 1
8.43757531812895 5.25978000275428 1
9.27806855882659 6.40466580485932 1
10.6897480504198 6.2491319534532 5
11.5297437314129 7.39456083925676 3
12.9412962081664 7.23927113226267 4
13.7822356061949 8.38423041918949 0
15.1941148311958 8.22900165353122 0
16.0355922294051 9.37357571589652 4
17.4476029574105 9.21894179538073 2
18.2881626856518 10.3641404971963 1
19.7000023506684 10.2096746803001 3
20.5400023957757 11.3549589919204 4
21.9518625203752 11.1990637605781 0
22.7923146591524 12.343810574145 0
24.2042932069908 12.1874048857267 0
25.0442376818513 13.332676072003 5
26.4562274054493 13.1777247310006 2
27.2958371031857 14.323479802639 2
28.7078978270332 14.1689909530258 2
29.5484648728035 15.3138718580985 1
30.9604891999984 15.1582085504046 5
31.8009665927898 16.3030394805863 1
33.212725025837 16.1473149878604 5
34.0526748274405 17.292721780342 5
35.464220351082 17.1374046208923 4
36.3049245689658 18.2825320829095 0
37.7167587775659 18.1273839556368 3
38.5582848967047 19.2719305432239 0
39.9702777979235 19.117183454506 5
40.8110693852951 20.2622300508678 1
42.2229041819362 20.1077809791981 1
43.0629437794361 21.2531146793925 4
44.4747527574482 21.0974622351841 0
45.315231358176 22.2422383038494 0
46.7272155122456 22.0858545313908 0
47.5673727904006 23.2309757934173 5
48.9793860334189 23.0758661767836 2
49.8189975361362 24.2216092208876 2
51.231061934354 24.0672216351467 2
52.0713561742665 25.2123078183585 1
53.4833914078093 25.0566842415754 5
54.3238651720445 26.2014570486871 1
55.7357040388192 26.0455444068206 1
56.5756273965599 27.1909009990875 5
57.9871845120014 27.0355086805507 4
58.8276265080513 28.1808099547773 0
60.239419774497 28.0257635216665 3
61.0809423164487 29.1703102654378 0
62.492918039941 29.0154660363663 5
63.3339208468008 30.1603686361648 2
64.7457448317483 30.0058710765564 1
65.585844922683 31.1512260962951 3
66.9976019607986 30.9958059266493 0
67.8380836129409 32.1406408883681 0
69.2500571241701 31.9843262568459 0
70.0904503965475 33.12930056579 3
71.5024869746293 32.9740387749888 2
72.3421819424228 34.1197096178401 2
73.7542451524161 33.9654055501588 2
74.5942853196606 35.1107027745135 2
76.0063212204465 34.9551745650913 5
76.8468041426997 36.0998899474097 1
78.2587090189041 35.9438178612951 1
79.0986180101356 37.089107626965 5
80.5102068442244 36.9336022195191 2
81.3503990196482 38.0790548797347 0
82.7621617781594 37.9241211843619 3
83.6036228707692 39.0687023429921 3
85.0155868183064 38.9137873099657 1
85.856751779112 40.0585746900114 2
87.2685620964362 39.9039767963838 1
88.1087417131483 41.0493200191633 3
89.5204493127518 40.8940902924159 0
90.3609135988295 42.0390053483694 0
91.7728554557081 41.8828031130461 0
92.6134782359927 43.0276485886 0
94.0255337741508 42.872254634379 2
94.865386079509 44.0178005443888 2
96.2774441638308 43.863553311233 2
97.1172871683221 45.0090327603089 2
98.5293153299028 44.8536476131704 2
99.3697909637626 45.9983335476815 5
100.781740482422 45.8421408736426 1
101.621654165615 46.9873515363259 5
103.03329286451 46.8317019025297 2
103.873269538844 47.9772686017518 4
105.285018899311 47.8224391709556 4
106.126349439962 48.967101361012 3
107.538308741819 48.8121500849886 1
108.37957524324 49.9568587885619 5
109.791379769302 49.8021211478512 1
110.631659322749 50.947418612685 3
112.043324419151 50.7923202071599 0
112.883753300057 51.9373280572222 0
114.295641481446 51.7812690982836 0
115.136456896371 52.9260210894388 0
116.548522610064 52.770522084883 4
117.388594298823 53.9159055329467 2
118.800646134421 53.7616741000079 2
119.640374967975 54.9072795451432 2
121.052388369829 54.7520680879915 2
121.892806512075 55.8967823859995 5
33.2802848304168 55.740505465409 1
34.1202267596636 56.8856314119422 5
35.5319297137725 56.7298145238485 2
36.3717305124723 57.8754560985488 4
37.7834867516523 57.7206958476961 4
38.6245980679701 58.8655026974144 3
40.036559118643 58.7105509553895 1
40.8778738381201 59.8552109700414 5
42.2896900752039 59.7003120932276 1
43.1300826752701 60.8455387242717 1
44.5417154769363 60.6905109592575 0
45.3820871436877 61.8356198518203 0
46.793905411642 61.6797165629126 0
47.6348564240754 62.8244211207155 0
49.0469195719732 62.6688459006684 4
49.8872537241118 63.8140499185764 2
51.2993035213734 63.6597845495966 5
52.1390110051482 64.8054460842485 2
53.5510037810461 64.6504233455156 2
54.3913069158395 65.7952303121462 5
55.8032933942537 65.6389113417891 3
56.6432929029357 66.7839475779772 1
58.0550668111101 66.6279542686322 1
58.894745883695 67.7736236742559 2
60.3065261635085 67.6188823198552 2
61.147340454327 68.7638886695152 3
62.5593068493197 68.6089751563219 1
63.4006351955073 69.7535989795431 1
64.8124814525012 69.5985453262717 1
65.6529929132305 70.7436830244321 1
67.0646039434384 70.5886742581631 3
67.9048969786714 71.7338840483662 0
69.316638974679 71.5781347405764 0
70.1576647741965 72.7228363001147 0
71.5697097750071 72.5672161403604 4
72.4103264279888 73.7122421364211 2
73.8223823459363 73.5578993380955 2
74.6621526488233 74.703552010683 2
76.0741196562471 74.5487203125668 4
76.9142719133566 75.6936665427032 2
78.3262586764317 75.5373584253598 3
79.1663426809379 76.6823009529398 1
80.5781828093503 76.5261391932442 1
81.4177965394511 77.6717907010613 2
82.8296085859941 77.5170128926824 2
38.6578391151735 0.698740326963606 3
40.069812741503 0.543906191179786 1
40.9111210936799 1.68850367442222 1
42.3230083670949 1.5333235704053 1
43.1636353797667 2.67835997868537 1
44.5752373328631 2.52332662643863 3
45.4154505184978 3.668617944711 0
46.8271186486271 3.51301465834251 0
47.668168048271 4.65774756313792 0
49.0801780426359 4.50211895410275 0
49.9210750984893 5.64697982616465 2
51.3331415356045 5.49253648985359 2
52.1730459977481 6.6381253692971 2
53.5849858504749 6.48347379804625 4
54.424993588674 7.62857284129303 4
55.8369690504135 7.4723334153264 0
56.6771542227198 8.61718334302691 1
58.0890456842908 8.46087940068201 1
58.9286509888555 9.60647123734705 2
60.3404914512723 9.45160530484739 2
61.1806465910444 10.5970411420666 4
62.5926290532221 10.4423185619437 1
63.4338757404187 11.5869108820438 1
64.8458073956912 11.4316374863109 1
65.6865218162808 12.5765790684092 1
67.0981335296222 12.4214784770456 1
67.9382859604271 13.5668182193305 0
69.3498918519096 13.4113387241426 0
70.190912474865 14.5561349288362 0
71.6028706453048 14.4005365315161 0
72.4440086864117 15.5452632343322 4
73.8560810465846 15.3907111947055 2
74.696175386127 16.5361914162923 5
76.1080939652196 16.3816939203038 4
76.947998392662 17.5269305600041 4
78.3599500987065 17.3708169271042 0
79.2002251284432 18.5155952480377 3
80.6121530868301 18.3591841010259 1
81.4518048768202 19.5046828350669 1
82.863670338444 19.3496822116208 2
83.7035524721345 20.4952846658353 2
85.1155478785055 20.3406838319403 1
85.9566705463932 21.485318185961 1
87.3686446137228 21.3299827582952 1
88.2094036762314 22.4748477468845 1
89.6210500139548 22.3196292044332 1
90.4611673291121 23.4649816383187 3
91.8727280569818 23.3095877029524 0
92.713664552321 24.4544780072485 0
94.1255618382727 24.2989489604876 0
94.9668770037486 25.4435834676114 4
96.3789445576799 25.288926583636 2
97.2192722225584 26.4342613455473 5
98.6311807736359 26.2798774675462 5
99.4710427016739 27.4252173710823 4
100.882959363171 27.2692839037523 0
101.723286358365 28.4140328535637 3
103.135239508282 28.2575526270346 3
103.974990017172 29.4029330035058 1
105.386882971326 29.2477603249389 5
106.22656863792 30.3934725077817 2
17.614084174388 30.2389802921412 5
18.4549991844113 31.3837284997044 1
19.8670089858824 31.2283607773968 5
20.7077691701884 32.3731682837137 1
22.1194738217033 32.2177824683488 1
22.9595746918091 33.3631175727175 3
24.3711087769898 33.2077607316662 0
25.2118921039792 34.3527829505759 0
26.6237294891657 34.1973515668053 0
27.4651565799745 35.3419355315168 0
28.8772091343022 35.1871826525808 2
29.7177936727204 36.3323531225825 2
31.129703512124 36.1780280902044 5
31.9695857669759 37.3234309246426 4
33.3814597353218 37.1677250729183 0
34.2217959441452 38.3124926021976 0
35.6337637708369 38.1559860739216 3
36.473659104057 39.3012316598617 1
37.8855833292042 39.1458702328468 2
38.7251684751675 40.2916225246549 2
40.1371983828995 40.1372147732724 5
40.9778350377305 41.2821442763485 1
42.3898708828203 41.1267801218412 5
43.2306114663386 42.2715365438121 1
44.6423899309843 42.1159554831437 1
45.4824905511784 43.2612448929958 3
46.8940161512998 43.105875769818 4
47.7345911703531 44.2510554071334 0
49.1463724197548 44.0957378858898 0
49.9878528558028 45.2403059419179 0
51.3998823349124 45.0854670653034 5
52.2407231993006 46.2304731486665 2
53.6526374843553 46.0761495422843 1
54.4925877282424 47.2215801400545 4
55.9044176954296 47.0661284538549 0
56.7447363370425 48.2109528952703 0
58.1567073338293 48.0544696213024 0
58.9967855434629 49.1995722194807 1
60.4087414525958 49.0440274473772 2
61.2483154826621 50.1897563778142 2
62.6603587850063 50.0354043950645 5
63.5006887455957 51.180553219061 1
64.9127395781722 51.025238835985 5
65.7534583202601 52.1699441762996 1
67.1653120779042 52.014174082013 1
68.0054169514019 53.1593977541137 1
69.4169516017704 53.0039692429149 4
70.2573010733029 54.1493016009413 0
71.6690302429851 53.994102868326 0
72.510505406023 55.1386868032025 0
73.9225063084706 54.9837770934152 5
74.7635791726913 56.1286333532729 2
76.1754919475634 55.9742573544906 1
77.0155485990269 57.1196788940245 5
78.4273387527842 56.9644752665877 0
79.2676333841805 58.1093787449163 0
80.679593230192 57.9529740237224 0
81.5198799152473 59.0979338046545 3
82.9318655538961 58.9422301119583 2
83.7715099353245 60.0878789443479 2
85.1835591856939 59.9335575653316 2
86.0236063426606 61.0789234092216 5
87.4356616624626 60.9237074773177 2
88.2763539698099 62.0683711347047 5
89.6882699849068 61.9124458441563 1
90.5283727907009 63.0575965681916 5
91.9399377053863 62.9020662863787 2
92.7800794491492 64.0475226683679 0
94.1917663175144 63.892433311 0
95.0331702000803 65.037071942353 0
96.4451425897417 64.8821124621374 3
97.2863952580724 66.0268500097565 2
98.6982982455859 65.8723726079258 1
99.5384902594628 67.0177477854269 5
100.950246444941 66.8627501440246 0
101.790517073813 68.0077441027429 0
103.202447584345 67.8514673748988 0
104.042935097036 68.9963060271295 3
105.454945802959 68.8404791092348 4
106.294734546737 69.9859999478111 2
107.706786182105 69.8316820005697 2
108.546615690958 70.9772288100941 5
109.958668521037 70.8221510848331 2
110.799301973743 71.9668139855203 5
112.211261219137 71.8107729183042 1
113.051356748686 72.9558532974391 5
114.462975263061 72.8001854298901 2
115.302943554842 73.9457274578227 4
116.71460547789 73.7907186447543 4
117.555865937991 74.935458890803 0
118.967814828714 74.7804770683929 3
119.809184267419 75.9251337449533 5
121.221076794918 75.7705198928784 1
122.061424474448 76.9158159502662 1
123.473151835014 76.7609559407619 0
124.313402781882 77.9060405260739 0
125.725285115742 77.7499273702942 0
81.5536889682468 0.931183458567321 0
82.9657162241135 0.775274549668226 4
83.8057087239483 1.92063597268105 2
85.217763374691 1.76628124244549 2
86.0574677554076 2.91194797116816 2
87.4695141431889 2.7570316585704 2
88.3100304864317 3.90176201996474 5
89.7220162710762 3.74564802199178 1
90.5621148040275 4.89066068818311 1
91.973806379681 4.73483105222608 1
92.8136360713765 5.88042129070788 1
4.20079775582902 5.72544604774285 4
5.04183245825568 6.87034306971998 0
6.45376327308701 6.71537247960485 3
7.29519178589913 7.85998070318489 5
8.70708210789657 7.7052171976193 5
9.5475925561906 8.85041321885256 1
10.95929482015 8.69561478018465 3
11.7995239488421 9.84078520949731 0
13.2113426812536 9.68485254886504 0
14.052108436046 10.8295762570171 0
15.4641406098925 10.6736250398084 4
16.3043816568267 11.8188134512674 2
17.7164412652363 11.6643779306612 2
18.5561193742965 12.8100899343488 2
19.9681550359996 12.6553430292303 2
20.8084984220862 13.8002071227178 2
22.2204975625832 13.6440737939489 1
23.0606244710035 14.7890151028438 1
24.4723974632293 14.633016469869 1
25.3121315844557 15.7786133282972 2
26.7238064552195 15.6236184275747 2
27.5645497343131 16.7687128843797 0
28.9764666026034 16.6137929324206 1
29.8179144771215 17.7583697985554 3
31.2298145092448 17.6034660259455 1
32.0704884103323 18.7485480503672 1
33.4821683221418 18.5937483248863 3
34.3223690256216 19.7389939345379 0
35.7341159436678 19.5832421801864 0
36.5749411149893 20.7279762083353 0
37.986962144948 20.5720200733319 0
38.8274738898509 21.7170395056204 2
40.2395427796796 21.5624892989664 2
41.0792785516831 22.7081791473731 2
42.4912991489395 22.5535957652446 2
43.3314426965852 23.6986350064199 2
44.7434449095602 23.5425409562103 3
45.5836259332405 24.6874067963287 1
46.9954740077806 24.5312470057431 1
47.8351555263545 25.6768126545127 2
49.2468603729725 25.5217466206178 2
50.0872877145263 26.6670459357401 4
51.499195593713 26.5122171554817 1
52.3406226413759 27.6567791138811 1
53.7525419923251 27.5017647422193 1
54.5933655572228 28.6467299526887 1
56.0050295459878 28.4918798355022 1
56.8452064752531 29.6371773621641 0
58.256882194624 29.4815900632525 0
59.0977217358888 30.6263675169339 0
60.509712659109 30.4704465328582 0
61.3504948670304 31.6153123304614 4
62.7625759930666 31.4606353294314 2
63.602441581674 32.6062468511253 2
65.0144434487298 32.4518061093915 2
65.8544046021777 33.5970242514179 2
67.266399035188 33.4410262405916 4
68.1066492040994 34.5858183285573 1
69.5185538787597 34.4295226652632 1
70.3582273651459 35.575023442808 2
71.769967510228 35.4198408753367 2
72.6100975540032 36.5653204218645 4
74.0220046804629 36.4106113992448 1
74.8633622721362 37.5551866439205 1
76.2753079212596 37.4000959223922 1
77.1162406041428 38.5449624354385 1
78.5279044440972 38.3900201393926 1
79.368075834834 39.5353371261083 3
80.7796903228823 39.3798821422102 0
81.6205022157443 40.5247308634651 0
83.032442522486 40.3688845196281 0
83.8734610918285 41.5136276125866 4
85.2855507748 41.3588302768491 2
86.1256090653129 42.5043162460061 2
87.537592248821 42.3499872977201 2
88.377422205785 43.4953571117364 2
89.7893956051557 43.33950583297 4
90.6296959826474 44.4842497241135 1
92.0416368860572 44.3278490215906 1
92.8813471497307 45.4732576560582 2
94.2931248117373 45.3179168892785 2
95.1330032729881 46.4635352135617 2
96.5449216059711 46.3089492456838 5
97.3861376792676 47.4535914488444 1
98.798112748084 47.2984592826795 1
99.6391060166852 48.4432517741384 5
101.050794535609 48.2881768117577 1
101.890984274612 49.4334791731758 3
103.302554703402 49.2781176750695 0
104.143296139873 50.4230629570906 0
105.55517016265 50.2673228603021 0
106.396365269566 51.4119847207394 0
107.808452459011 51.2570832835245 2
108.648752915458 52.402408211599 2
110.060725866443 52.2481479693137 5
110.900499408466 53.3936211103829 2
112.312440173885 53.2379572511099 4
113.152744355623 54.3827012235354 3
114.564705949799 54.2262289729716 3
115.404496143748 55.3715257288324 1
116.816315131025 55.2159942829918 2
117.656007876473 56.3616991827473 2
119.067948663532 56.2072114316488 5
119.908932832318 57.3519934291663 1
121.320936983553 57.1968523284426 1
122.161945156128 58.3415917942406 1
123.573683124217 58.1863472596497 1
34.3894084115034 59.3316093240857 3
35.8009530340718 59.176298960847 0
36.641564838696 60.3213724486266 0
38.0533692030507 60.1657535677703 0
38.8946774527267 61.3103761381592 0
40.3067496614858 61.1553887302906 2
41.1473197978515 62.3005387687627 2
42.5592948499205 62.146297126777 5
43.3990920231459 63.2918189880453 2
44.8109930132769 63.1363743771475 4
45.651254083985 64.2811698270246 3
47.0632243052413 64.1246661057132 3
47.9031348162573 65.269836907355 1
49.3149971717416 65.114103029796 5
50.1545847324145 66.2598345819574 2
51.5665517386444 66.1054025192946 5
52.4072308554118 67.2503864440824 1
53.8192601772232 67.0952720324993 1
54.6602525921571 68.2399672115641 1
56.072055457638 68.0845391524329 1
56.9123205482582 69.2297374638498 1
58.3238565021866 69.0744345850475 4
59.1642968441191 70.2196501892937 0
60.5760345193388 70.0641609072102 0
61.4173988881839 71.2087788506176 0
62.8294447829279 71.0537238420431 4
63.6702885210275 72.198702982775 2
65.0822718188177 72.0444337994142 1
65.9221577711013 73.1899572739749 2
67.3340187712387 73.0347492411576 0
68.1742136962064 74.179632232535 4
69.5861809703442 74.0231472772316 0
70.4262439754134 75.1681852609765 1
71.8381463488828 75.0122626050873 5
72.6777072333555 76.1579642690353 2
74.0896950703249 76.0035404893094 2
74.9300423331962 77.1487542889673 1
76.3420891398175 76.9937068337969 1
32.1707987529003 0.174860256142977 1
33.5826693181299 0.0192675698989389 1
34.4229740337906 1.16438781746236 1
35.8345186242011 1.00904809208353 4
36.6747817979868 2.15439060801081 0
38.0864589111217 1.99902940473339 0
38.9278181087701 3.14367701913002 0
40.3398271505437 2.9885777085985 4
41.1809226069665 4.13340175320416 2
42.5929105081611 3.97906672205049 1
43.4329389924183 5.12454679464081 5
44.8447672369359 4.96957143327466 0
45.6849045478138 6.11455554851064 0
47.0968568828379 5.95815029677762 0
47.937092063412 7.10305869029603 3
49.3490292937811 6.94698265662495 5
50.1886403560219 8.09260250431679 2
51.6006399177251 7.93814948473954 2
52.4406834617754 9.08358039749493 5
53.8527403143482 8.92863745691906 2
54.6936401219187 10.0732706034194 1
56.1055696476801 9.91754585346487 1
56.9458927982721 11.0625890925165 1
58.3574670661303 10.9071638316439 5
59.197576204978 12.0525977909782 0
60.6092038907996 11.8973441062047 0
61.4504907877721 13.0420598119465 0
62.8624579075193 12.886941364312 3
63.7037510564545 14.0316423118246 2
65.1157340987114 13.8772096598165 1
65.9559418059608 15.0226080133058 5
67.3677479859927 14.8678303535739 0
68.2078502377191 16.012914755398 0
69.6197739215694 15.856645916755 0
70.4601677472352 17.0014522696976 3
71.8721349978804 16.8452691626453 4
72.7118653528948 17.9907671456037 5
74.1238739375055 17.8362498342641 2
74.9636823277292 18.9818548116904 5
76.3757440852259 18.8270401762513 2
77.2165369451699 19.9717023547124 1
78.6285101457224 19.8158799791323 1
79.4688248393561 20.9608586536409 1
80.8804534891818 20.8052986185083 5
81.7204408536228 21.9507848279511 4
83.1320360702057 21.7955961734209 0
83.9731792699876 22.9404238022856 0
85.3851065593291 22.7853135825332 3
86.2265326574254 23.9299302742846 4
87.6385043612908 23.7753766573724 2
88.4789144794814 24.9206626759313 1
89.8907063191315 24.7660196258174 3
90.7308015561123 25.9111908410015 0
92.1426822133189 25.7551037148009 0
92.9831966443237 26.8998528071564 0
94.3951861354286 26.7436128046671 4
95.2350929308112 27.8889628464257 5
96.6471143395311 27.734348437002 2
97.4867834193944 28.880062050826 2
98.8988467565623 28.7253855708701 2
99.7394658670139 29.8701501939144 2
101.151467112685 29.7142718537211 1
101.991767527385 30.8591932041795 1
103.403470802753 30.7034620870664 5
104.243364229334 31.8489655193889 4
105.654946935925 31.6937832171089 4
106.49587083618 32.8387689096695 0
107.907762073222 32.6836959213949 3
108.749258343851 33.8282652122447 4
20.1367210822974 33.6735789911442 5
20.97733903806 34.818734657793 1
22.3891184189796 34.6641510184691 3
23.2292230360627 35.8093939660602 0
24.6410490268785 35.6535195494046 0
25.4816394905186 36.7982583689773 0
26.8936399023928 36.6420078451364 0
27.733766623443 37.7871992886487 5
29.145803463448 37.6324614609726 2
29.9854379419506 38.7782067282366 2
31.3974994163538 38.6236675542835 2
32.2378909767311 39.7686000588662 2
33.6499071164152 39.6127215626663 5
34.4902103519008 40.7575823440096 1
35.9019972867275 40.6016689836307 2
36.7418283884305 41.7471532441478 5
38.1534182791275 41.5919222483962 4
38.9940694198301 42.7370936623112 0
40.4059281494039 42.5820910473737 3
41.2474462353313 43.726637246552 3
42.6593974942999 43.5718267785662 5
43.500218037813 44.7168440634749 1
44.91198184486 44.5622485602546 1
45.7521048924578 45.707544459348 0
47.1638696357225 45.551888291808 0
48.004496318317 46.6966561912001 0
49.4164926463149 46.5404382184757 0
50.2568666968546 47.6854735986512 4
51.6689208003002 47.5305958224675 2
52.5086055461842 48.67630723181 2
53.9206615892697 48.5218947195314 2
54.7608112675459 49.667028429029 2
56.1728319898573 49.5112115822477 5
57.0131605338932 50.6560068156144 1
58.425024424611 50.4999245359831 1
59.2648212708328 51.6453602743643 2
60.6764364456819 51.4900366578471 2
61.5168024533891 52.6353901035792 0
62.928635496052 52.4804886797056 3
63.770127923458 53.6250358659185 3
65.1820775516663 53.4701263575211 1
66.0230727768053 54.6150161357571 2
67.4348195533401 54.4603497534709 1
68.2749723219003 55.6056718664322 3
69.6866754357705 55.450207656348 0
70.5273055423035 56.5950334272019 0
71.9392782467178 56.4388896939908 0
72.7799053247739 57.5837813617154 4
74.1919765137631 57.4287643197041 2
75.0317868758241 58.5743846195449 2
76.4438335049153 58.4200780997504 2
77.2837723883151 59.5654067108259 2
78.6957879570964 59.409707439884 4
79.5361523852553 60.5544424106091 1
80.9480733957332 60.3982223072007 1
81.787864259041 61.5435869613906 2
83.1995191316462 61.388133747805 2
84.039622397549 62.5336406187458 4
85.4514423904157 62.3788576069581 3
86.2928527589704 63.5234412130936 3
87.7048085689775 63.3684667371057 1
88.5459264882744 64.5132583146431 5
89.9576648548094 64.3584770589196 1
90.7978656872469 65.5037920297591 3
92.2095136221297 65.3484754568307 0
93.0501154143588 66.4933821778516 0
94.4620416757615 66.3373484109626 0
95.3028953317255 67.4821240865076 4
96.7149780663511 67.3269826701417 2
97.5549814049838 68.4724640477689 2
98.9670154298266 68.3182272139226 2
99.8068051567643 69.4637134363425 2
101.218804891522 69.308174272161 4
102.059177256316 70.4528848809883 1
103.471133435151 70.2965607226959 1
104.310951842296 71.4418361060828 2
105.722656642771 71.2862209120396 2
106.562537357552 72.4318412373616 4
107.974361775849 72.2771694203736 5
108.815611513115 73.4218465536761 3
110.227580231405 73.2668463283325 1
111.068764973283 74.4115721935059 5
112.480514774491 74.2566421530725 1
113.320784039652 75.4019180580911 3
114.732390042356 75.2467001319392 0
115.572932245336 76.3917062591858 0
116.984792400595 76.235804657145 0
117.825820741041 77.3805045098051 0
119.237903921364 77.2252610881891 3
75.0659055235624 0.40707011513909 2
76.4779304508291 0.252856165792351 2
77.3176560446545 1.39843943303287 2
78.7296308652787 1.24308792291062 4
79.5699579702769 2.38783106133011 5
80.9819320290254 2.23143670412653 3
81.8218113067152 3.37661174712991 1
83.2335734807103 3.22081223663192 2
84.0732858342882 4.36649946688195 2
85.4851316725446 4.21190171365087 5
86.326128886429 5.3567422988844 3
87.7381145876668 5.20175247524789 1
88.5793225673981 6.34643405486394 1
89.9911075261868 6.19133716787318 1
90.8314575615807 7.33655085021195 1
92.2430372981371 7.18138635785222 0
93.0834809396317 8.32650943116574 0
94.4952665154296 8.17074793934303 0
95.3364056406474 9.31541733171128 0
6.72397870009373 9.16009689435484 4
7.56450446451575 10.3052272064773 2
8.97653087401849 10.1509888249979 5
9.81628161797536 11.2966040913369 2
11.2282244676066 11.1414553776854 4
12.0684556722364 12.2862869839746 4
13.4804348129466 12.1298622188876 3
14.3204084184382 13.2749283630199 1
15.7322295874342 13.1189390828865 1
16.5718403472344 14.2646404467777 2
17.9837164487324 14.1100631697839 2
18.8243933624669 15.2551183077537 3
20.2363963433897 15.1001764461469 1
21.0775972327224 16.2448206942887 1
22.4894331874067 16.0895659399348 1
23.3298697193742 17.2346979219946 1
24.7414380581242 17.0795450387184 3
25.5817581361944 18.2247852127846 0
26.9934695598906 18.0691651007976 0
27.8346631149211 19.2138408889177 0
29.2467052842008 19.0584713886697 4
30.0875155343078 20.2034265796931 2
31.4995511093997 20.0491255670504 5
32.3394016066006 21.1947174187158 2
33.7513103558829 21.039777388786 4
34.5914250318606 22.1847318167261 4
36.0033978791639 22.0283307196508 3
36.8434914597211 23.173284304037 1
38.2553636620282 23.0171223076151 1
39.0949385136907 24.1627884809595 2
40.5068417207349 24.008175562123 2
41.347177210938 25.153460091592 5
42.759194502595 24.9986033572294 1
43.6003568855879 26.1432197615639 1
45.0122484137243 25.9878337376244 1
45.8527624209194 27.1328746551202 1
47.2643358347775 26.9776894664544 3
48.1045377392498 28.1230223815607 0
49.5161821947986 27.9675345970996 0
50.3573723097733 29.1122511967636 0
51.7693716289173 28.9568652266467 0
52.6104458200577 30.1016635957159 2
54.0224893076027 29.9472762171531 2
54.8624998706583 31.092796690351 5
56.2743803256045 30.9380561037857 4
57.1143974030594 32.0831387489326 4
58.5263524847306 31.9268231423809 0
59.3665760689985 33.0716717270004 1
60.778488041657 32.9153731178794 5
61.6180923599689 34.0609603892025 2
63.0300143131055 33.906264270482 2
63.8700396225561 35.0517551324416 5
65.2820687063164 34.8970091603958 1
66.1231513534447 36.0416247700343 1
67.5350954779116 35.8861386266642 1
68.3756567453415 37.031096437111 1
69.7872569807842 36.8758277654659 5
70.6273668259444 38.0212158160585 0
72.0389580881935 37.8658330788408 0
72.8800844898643 39.0106244958121 0
74.2920313766186 38.8552568588646 0
75.1333141897147 39.9999342698972 4
76.5453565391974 39.8454455431384 2
77.3855708893039 40.9908552903723 5
78.7974345704024 40.8362818433932 4
79.6373954705548 41.9814779368844 4
81.0493212343677 41.825306947063 0
81.8896534512021 42.9700820482237 3
83.3015971155336 42.8136910967356 3
84.1412911784487 43.9591667137312 5
85.5532306726941 43.8043474586235 2
86.3930139434315 44.9499965846708 2
87.8050544433274 44.7953708139461 1
88.6459926211091 45.9400428637791 1
90.0579801067533 45.7844886922838 1
90.8985476647964 46.929381313922 1
92.31019912098 46.7739725810492 5
93.1502433600904 47.919379650828 3
94.5617990287847 47.7640552090605 0
95.4027942826502 48.9089596211435 0
96.8146880260744 48.7536442880969 0
97.6561130188296 49.8982421708399 4
99.0681443652196 49.7436444962999 2
99.9085929642261 50.8889123089759 5
101.320450978924 50.734453729189 3
102.160406995203 51.8797342036803 4
103.572292880681 51.7237623063739 0
104.412693499683 52.8685100846956 3
105.824660406577 52.7120739795405 3
106.664498312494 53.8574148971717 5
108.076460013373 53.7024444139745 2
108.916095576224 54.848184486487 2
110.328146991283 54.6936728247447 2
111.168864829825 55.8384759705221 1
112.580882836911 55.68288903619 5
113.421432663951 56.8277277302434 1
114.833155672171 56.6721361928934 5
115.67315570106 57.8175302178925 3
117.084694601977 57.6622075565647 4
117.925488111898 58.8072643162526 0
119.337332352203 58.6520283228019 0
120.178835937397 59.7965853748441 4
121.590849774945 59.6418780842689 5
122.431540390757 60.7869907926241 1
123.843397288847 60.6325803792744 1
124.683386114676 61.777918466919 4
36.0707277489011 61.6221860611115 0
36.9111589403312 62.7669507789106 0
38.3231378258752 62.6105146167822 0
39.163162916095 63.7557097389481 5
40.5751499353921 63.6005742553506 2
41.4147403612219 64.7463312206008 2
42.8268002247519 64.5919191307204 2
43.6672455415115 65.7369139243422 1
45.0792814100965 65.5813418690008 5
45.9198174212166 66.7261252432297 1
47.3316211930804 66.5703383174426 5
48.1715954843281 67.715689452648 5
49.583135675379 67.5603164012768 4
50.423682062125 68.7055445788149 0
51.8354798761759 68.5504082060634 0
52.6770064760239 69.6949549072002 0
54.0889997473164 69.5401479983664 5
54.929921632426 70.6851071645837 2
56.3417736763906 70.5306778255633 1
57.1818231241442 71.6760458768493 4
58.5936124012476 71.5205613762989 0
59.4340490188299 72.6653773416937 0
60.846026105367 72.5089886704081 0
61.6862713737022 73.6540355181017 3
63.0982840791957 73.4987376697879 2
63.9379146788703 74.6444493967159 2
65.3499780096845 74.4901177659475 2
66.1901452185852 75.6353288093602 1
67.6021872212708 75.4798257338557 5
68.44272048763 76.6245519869321 1
69.8545980354878 76.4685872763702 1
70.6945568667049 77.6138757858086 5
72.1061175981039 77.4584094724736 2
27.9341645976817 0.640295905851749 0
29.3459224595799 0.485270463491469 0
30.1874154914488 1.62983823376306 0
31.599389847971 1.47495156062453 1
32.4405057235756 2.61977834198622 2
33.852346222464 2.46527264260133 1
34.6924788260352 3.61063833721774 3
36.1042207474552 3.45537490837243 0
36.9446459076836 4.60026550124619 0
38.3566027753897 4.44397296245251 0
39.1970791104397 5.58888033694251 3
40.6091151778932 5.43343852112232 2
41.4488657176695 6.57904763613049 2
42.8609274636388 6.42477548246705 2
43.7008592078838 7.57018770343759 2
45.1128981959985 7.41480537318493 2
45.9534266902872 8.5594885594274 1
47.3653589426398 8.40338366447896 1
48.205311844252 9.54859830544512 5
49.6169140624458 9.39300376325911 2
50.4569856580379 10.5385180656966 4
51.8687176790879 10.3836010536505 3
52.7101134362217 11.5282303415834 0
54.1220748931466 11.3732932510115 1
54.9633266420325 12.518022657204 5
56.3751555726879 12.3633941754543 1
57.2153924954285 13.5087224307118 3
58.6270914091723 13.3536252549171 0
59.4674909555425 14.498604921477 0
60.8794060450995 14.3424478263124 0
61.7200906135518 15.487243871037 0
63.1321431425452 15.3316860602977 2
63.9720808963961 16.4771484464207 2
65.3841387425521 16.3229026550233 2
66.2239086542667 17.4684714446946 2
67.6359378182606 17.3132486042703 2
68.4764231398286 18.4579369120926 5
69.8883898561888 18.301730685716 1
70.7283536190192 19.4468661590411 5
72.1400156569887 19.2911165269976 2
72.9798999318487 20.4367191779599 4
74.391625809632 20.2818834418782 4
75.2328443907506 21.4266296489488 3
76.644799752082 21.2716763737924 1
77.4861271079955 22.416344263851 5
78.8979554688622 22.2615628316759 1
79.7383136771239 23.4068237469248 1
81.1499771618971 23.2518268339244 0
81.9903375973112 24.3969018153438 0
83.4021911274397 24.2409028866834 0
84.2430373333802 25.3856297616355 0
85.6550958307625 25.2299876978974 4
86.4952755773351 26.3752763609375 2
87.907330316047 26.2210104384116 2
88.7470314338538 27.3666686101344 2
90.1590451935129 27.2116259594224 2
90.9994283012854 28.3563860064428 5
92.4114132132336 28.2001190333256 1
93.2514125000295 29.3451722929479 1
94.6631466222178 29.1892519092847 2
95.5028875944494 30.334901341938 2
96.9146276429222 30.1801008589538 4
97.755583066012 31.3250245417351 3
99.1675374963543 31.1700919570851 1
100.00889627674 32.314719798859 1
101.42074150695 32.1597794731535 1
102.261228017948 33.3049537509804 1
103.672864649769 33.1499957241011 3
104.513166448907 34.2951684104459 0
105.924946608294 34.1393306562021 0
106.765892962053 35.2840365891406 0
108.177942871895 35.1283412464343 4
109.018395274215 36.2734509650286 2
110.430452752624 36.11911596202 2
111.270174951448 37.2647936541997 2
22.6576713746835 37.109937573998 2
23.4979034604465 38.2548272585663 2
24.9098947090392 38.0985499897615 3
25.7499585058058 39.243516465898 1
27.1617660239587 39.0874253319541 1
28.0014180318085 40.2330752106778 2
29.4131866138601 40.0782565857323 2
30.2538212078851 41.223394783388 3
31.6657777974937 41.0685242727194 1
32.5071352496207 42.2131219067991 1
33.9190117512309 42.0580434975179 1
34.7596283523465 43.2031158938202 1
36.1712474987968 43.0481479161311 3
37.0114807976894 44.1934065331535 0
38.4231848680132 44.0377244944089 0
39.2641776532888 45.1824480258745 0
40.6762022956987 45.0267347623023 0
41.5169387534721 46.1716727960915 2
42.9290056103612 46.017236933386 2
43.7688272401578 47.1628729647202 2
45.1807956436972 47.0081967251248 2
46.0208626004371 48.1532455767831 2
47.4328492723388 47.9970148117679 3
48.2729997800624 49.1418924121838 1
49.6848691502196 48.9856475711053 1
50.5244846462597 50.1312564295835 2
51.9362851450396 49.9763662167649 2
52.7765888283524 51.1217181419559 4
54.1885502664195 50.966948639841 1
55.0298677435548 52.1115316562358 1
56.4417829914387 51.9563490676647 1
57.2825121285088 53.1013180864885 1
58.6941284348907 52.9462989817394 1
59.5343043451012 54.0916154060961 0
60.9459392556379 53.9360729332642 0
61.7869285519893 55.0808467834139 0
63.1989097505147 54.9251548640074 0
64.0399104243774 56.0699438262353 4
65.4519870864575 55.9153959532333 2
66.2919725173088 57.060940433256 2
67.7039170372011 56.9064224672651 4
68.5438482139717 58.051624970774 2
69.9558178678764 57.8954971267322 0
70.7960591413235 59.0402949886068 1
72.2079728089814 58.8839271030517 1
73.0476063146537 60.0294578108261 2
74.4594353774528 59.8744478299802 2
75.2994419898228 61.0199820886013 4
76.7114131189344 60.8653349314749 1
77.5526384808528 62.0099376847018 1
78.9645942803357 61.8546836566596 1
79.8053958548036 62.9995657915131 1
81.2170317851974 62.8444508761531 1
82.0571741138291 63.9897900076071 3
83.4687550812427 63.8343556102503 0
84.3096921299803 64.9792086121953 0
85.7216145485441 64.8235778123704 0
86.5628254747316 65.968255893698 4
87.9749036768585 65.8135981052928 2
88.815104588382 66.9590090530973 5
90.2270330219178 66.8046161426025 5
91.0668832866055 67.949943639164 2
92.4788234558006 67.7939728717942 0
93.3191263593355 68.9387252076869 3
94.7310699744113 68.7822687870946 3
95.5707718136312 69.9276942225838 1
96.9826297462728 69.772521022388 2
97.8224016337705 70.9181889565262 2
99.2343889531549 70.7636586200523 5
100.075443628567 71.9083444108895 1
101.487436901201 71.7530488796284 1
102.328264638136 72.8978650531387 1
103.739945821102 72.7426042246226 1
104.580076205376 73.8879337154567 3
105.99162137201 73.7325636649191 0
106.832445128305 74.8775292931004 0
108.244303899082 74.7219933788784 0
109.08565859619 75.8666039456845 4
110.497726921702 75.7118480577403 2
111.338179123702 76.8570976092541 5
112.75010392076 76.7027816376289 5
113.58994302274 77.8481904230159 4
115.001843922151 77.6924259260959 0
70.8299155722578 0.87367946197688 3
72.2418777710242 0.717173197414707 3
73.0816968946206 1.86247243142216 1
74.4935872717511 1.70710889636159 5
75.3332098968715 2.85284720704923 2
76.7452171951591 2.69840936345535 5
77.5860178693569 3.84325109117509 1
78.9980419359288 3.68794570252093 5
79.8388592580712 4.83271017008489 1
81.2506060681515 4.67726457296309 1
82.0907401813612 5.82255683407736 3
83.5022679246984 5.66720348266516 0
84.3429134722867 6.81231544442325 0
85.7547115149985 6.65689274694786 0
86.596148815425 7.80147408979523 0
88.0081974176319 7.64663141793451 2
88.8489136151744 8.79171209282318 2
90.2608435690795 8.63741810245568 1
91.1007318102706 9.78286737906237 4
92.5125892551791 9.62734562770131 0
93.3528889561352 10.7721483533994 0
94.7648587759621 10.6156382905976 0
95.6048351567465 11.7608000424584 1
6.99226305130633 11.6052425344027 2
7.83182871322437 12.7509850192375 2
9.24385444689496 12.596607771653 5
10.0843484042116 13.7416589374809 1
11.4963938520938 13.5863839162819 5
12.3371876430369 14.7310990597787 1
13.7490092491208 14.5754587722041 1
14.589157590232 15.7206893867457 1
16.0006853984042 15.5653052630325 4
16.8411189223096 16.7105713273191 0
18.2528600420143 16.5552709168657 0
19.0943230915808 17.6998547852816 0
20.5063438798199 17.5449390197412 5
21.3473129148435 18.6898590035214 2
22.7592470360961 18.5355350842134 1
23.5992319529392 19.6809864765851 4
25.0110487051449 19.5257188901266 0
25.8513161795014 20.6705974842643 0
27.2632814109219 20.5141380768925 0
28.1034489642692 21.659156613378 3
29.515406119333 21.5034244876211 2
30.3549972219228 22.6491134186943 2
31.7670344118724 22.4947655362027 2
32.6072205069166 23.6400417925676 1
34.0192766459949 23.4848440029072 2
34.8600422163459 24.6295133729694 1
36.2719327699876 24.4737038428381 1
37.1120894012083 25.6188613910068 1
38.5236360965118 25.4634015499834 4
39.3638610203792 26.6088014295668 0
40.7755517475351 26.4536182695173 0
41.6169761447953 27.5982405293534 0
43.028964496835 27.4432707939676 3
43.8701470159771 28.5880535546043 2
45.2820767270886 28.4336508508241 1
46.1221952396059 29.5790653316556 5
47.5339779841041 29.424028414532 0
48.3742159042514 30.5689968658164 0
49.7861609747875 30.4126437976189 0
50.6265289229954 31.5575302150999 3
52.0385153625009 31.4016578163595 2
52.8782108572787 32.5472406111581 5
54.2902529792402 32.3928956572844 2
55.1301793721847 33.5383739034808 5
56.5422376629313 33.3832961550589 2
57.3829540444027 34.5279460128005 5
58.7948970620853 34.3720047580491 1
59.635048945807 35.517090626588 1
61.0466379099023 35.3615131878746 2
61.8866841126748 36.5070101335265 0
63.2983381018962 36.351921937523 0
64.139655227878 37.4966248997411 0
65.5516131966659 37.3416245962465 3
66.3929489068005 38.486306253575 2
67.8048677613065 38.3317843357444 1
68.6451465708505 39.4771258185455 1
70.0569019021666 39.3222635107843 0
70.8971189912438 40.4673242354205 0
72.3090259512581 40.3111220153993 0
73.1495695600851 41.4559100717426 0
74.5615787391924 41.2999399204984 4
75.4014442741819 42.4453786339295 2
76.8134908856509 42.2910022382656 2
77.6532385103669 43.4366322872523 5
79.065293945102 43.2817024260276 2
79.9059098325947 44.4263925837021 5
81.3178873792339 44.2703588863411 1
82.1580304960478 45.415379525768 5
83.5696844573805 45.2596504579462 2
84.4095856425243 46.4052066364959 4
85.8212228225312 46.2501705900115 4
86.6623546306318 47.3950055216535 0
88.0742873015075 47.2400041998587 3
88.9157127645182 48.3846220134192 5
90.3276227422437 48.2299585114173 5
91.1680744569446 49.3752011405979 1
92.5798065669822 49.2204377522305 3
93.4200105068331 50.3655845764327 0
94.8318626867797 50.2095625515097 0
95.6725375463631 51.3542979009601 0
97.0845595838624 51.1982738534948 4
97.9246477428503 52.343546492766 2
99.3367006248081 52.189097411436 2
100.176371485178 53.3348072440321 2
101.588420577999 53.180038407614 2
102.428874446968 54.3248407812098 2
103.840871881116 54.1687642470635 1
104.681023303086 55.3137193662418 1
106.092757437655 55.1578213824205 2
106.932549676888 56.3033985242595 4
108.344191377758 56.1483608899822 4
109.185062368075 57.2933759210829 0
110.596974205258 57.1384092290745 3
111.438439052918 58.2829894101631 3
112.850348765053 58.1281816328601 5
113.690975659912 59.2733092508425 1
115.102685937166 59.1185717187922 3
115.942874725471 60.2637955420447 0
117.35466038085 60.107964805048 0
118.195414234281 61.2526945848878 0
119.607435645346 61.0966570205854 0
120.447780241961 62.2417604955423 2
121.859842138652 62.0872024594757 2
122.699528919079 63.2329193596591 2
124.111567416504 63.0783111971964 2
124.951816982642 64.2232809937673 2
126.363822916101 64.0672205773006 3
127.204008869164 65.2121053653019 1
38.5913275981381 65.0560384373684 2
39.4310528710258 66.2015966999483 2
40.8427168945561 66.0465047320927 2
41.6832838999874 67.1917213859905 0
43.0951792747916 67.0368295521083 3
43.9366446023184 68.1813879962949 3
45.3485638530654 68.0264566417279 1
46.1893596202024 69.1714613021046 1
47.6010499401428 69.0166920330084 3
48.4412238137913 70.1619746921127 0
49.8529388528551 70.0063271261891 0
50.6937250499493 71.1510885538449 0
52.105728083174 70.9950771558194 0
52.9463425952003 72.1400206959423 4
54.3584170949842 71.9853337206298 2
55.1981973226788 73.1309960058697 2
56.6102213906146 72.976533851665 2
57.4502652607348 74.121691628193 2
58.8622697902967 73.9657061465832 3
59.702512863278 75.1105175882931 1
61.1143960312268 74.9542999634144 1
61.9540923134401 76.0998072594074 2
63.3657900240543 75.9446146899119 2
64.206053814268 77.0900205739502 4
65.6179401095269 76.9352379553289 1
21.447111701301 0.116296644766094 3
67.8712972164551 77.9247751959261 1
23.6999815354888 1.10616745298576 5
25.1116606596462 0.951319377536017 1
25.9518318121418 2.09663195215637 3
27.3634808873544 1.94113841897986 0
28.2042585537484 3.08596067447688 0
29.6162226080596 2.93001523313546 0
30.4570914700596 4.07482163219074 4
31.8691781195177 3.9200063947731 2
32.7091201442936 5.06556236152588 2
34.1211264186483 4.9112192919703 2
34.9610032692041 6.05654926737429 2
36.3729945103022 5.90069265924279 4
37.2132932584996 7.04544397513564 1
38.6252226131131 6.8891058655942 1
39.4649334166603 8.03453252131616 2
40.8766698305868 7.87919833474018 2
41.7166646069497 9.02475796103049 4
43.128553688107 8.87010000942494 5
43.9698682397604 10.0147023392011 1
45.3818291825386 9.8596243661729 1
46.2228497806286 11.0044322622243 5
47.6345374922747 10.8494658978069 1
48.4747285414966 11.9947737031922 3
49.8863249631348 11.8393955525929 0
50.7270559543045 12.9843028694372 0
52.1389605024017 12.8284585316663 0
52.9800369413286 13.9731641006225 4
54.3921278988722 13.8182349557071 2
55.2322906218471 14.9636420152775 2
56.6442818929971 14.8093792583606 2
57.484058398119 15.9548394987155 2
58.8960238070709 15.7991540573955 4
59.7363402149528 16.9438865257131 3
61.1482967927303 16.7874597244903 1
61.9880623323635 17.9327852944835 1
63.3998418040525 17.7772733314743 2
64.2396206120392 18.9229411682128 2
65.6515267637197 18.7683943874991 5
66.4926495921695 19.913106098519 1
67.9046370551177 19.758008127498 1
68.7456964579211 20.9027558018531 1
70.1574188026297 20.7476343868941 1
70.9976488117107 21.8929080841347 3
72.4092107086628 21.7376045225521 0
73.2498472112903 22.8826240668086 0
74.6616812021785 22.7269003765315 0
75.502902009546 23.8715482240683 0
76.9149845172054 23.7165248743431 2
77.7554082830907 24.8617586209123 2
79.1673954719487 24.7075283985113 5
80.0071561824542 25.8530611148931 2
81.4190861086566 25.6975787369368 4
82.2593689285331 26.8423459506889 3
83.6713388025514 26.6858665068063 3
84.5112005761776 27.8310747028993 1
85.9230268538111 27.6753641351148 5
86.7626614981969 28.8210846033845 2
88.1745943113562 28.6666104581718 5
89.0154386946523 29.8115017888783 1
90.4274519723142 29.6564179176537 1
91.2685111148348 30.8011205433213 1
92.6802891617889 30.6458216230029 1
93.5205687806463 31.7910382116064 1
94.9321134468648 31.6357668525489 0
95.7726042115402 32.7809215486325 0
97.1843674658527 32.6253274057918 0
98.0256723373834 33.7699567317504 0
99.4377339913495 33.6148589206093 4
100.278434727049 34.759916978349 2
101.690428382809 34.6056713591522 5
102.530249238918 35.7512230803627 2
103.94213958916 35.595964822407 4
104.782350305016 36.7408132956659 4
106.194321672804 36.5843248946406 3
107.034313226469 37.7294071413576 1
108.446185097789 37.5734994352242 5
109.285752572003 38.7192155864288 2
110.697711711369 38.5647628559816 2
111.538226545919 39.7098778706631 1
22.9257639386025 39.5548458164812 1
23.7667982109917 40.6995075248876 1
25.1786413957892 40.5440390186428 1
26.0189749428806 41.6891792132021 1
27.4305190561592 41.5338972636301 4
28.2708435201735 42.6791833095614 0
29.6825405039505 42.5237223279719 0
30.5238722466106 43.6683665768149 0
31.9359009018176 43.5132176289751 4
32.7768723030804 44.6581096080563 2
34.188874203665 44.5038096641079 1
35.0288176511196 45.6493325314092 2
36.4406718580081 45.4943048663492 4
37.2808066345473 46.639257359766 4
38.692767987882 46.4828175771027 0
39.5329162800198 47.6277706627691 1
40.944827117425 47.4716927799459 5
41.7844024627692 48.6173515128351 2
43.1963790919583 48.4628738292078 2
44.0365657512082 49.6082171287868 5
45.4486136777698 49.4532750871634 1
46.2895989522809 50.5979070445358 1
47.7015046567535 50.4422977903257 1
48.5418771982648 51.5873562173366 1
49.9534393713734 51.432016969265 5
50.7936107534207 52.5774049579802 0
52.2052505375654 52.4220648201607 0
53.0465444574186 53.5667603439248 0
54.4585303240364 53.4115871895964 3
55.2997335290332 54.5563375309772 2
56.7117366414405 54.4019530110906 1
57.5518500878634 55.5474043616937 5
58.9636783933365 55.3925895040994 0
59.8037580431703 56.5376495611799 4
61.215697219589 56.3813203029178 0
62.0560035892619 57.5261606232318 3
63.4679479359574 57.3699555452072 5
64.3076025694509 58.5155122767778 5
65.719589963357 58.3609719920598 2
66.5595006728829 59.5065112016898 5
67.9715571855182 59.3516867029673 2
68.8124552616697 60.4963241256216 1
70.2244122929298 60.3406067793359 1
71.0647941267253 61.4855929707586 1
72.4763978170079 61.3301436843567 5
73.3164463084474 62.4755941368867 0
74.7280434182963 62.320341556821 0
75.5692322842142 63.4651276952254 0
76.9811733556044 63.3099587808806 3
77.8225453755449 64.4546052496352 4
79.234540402683 64.30011240754 2
80.0748550194647 65.4454577718935 5
81.4866682989139 65.2908072697019 3
82.3267261945768 66.4359628320775 0
83.7386299989329 66.2797974316927 0
84.5790652085296 67.4245639461995 3
85.9910370148096 67.2682814196448 4
86.830833387652 68.4137045123918 5
88.2428336748469 68.259066855152 2
89.0825508606716 69.4047468928848 2
90.4946125716755 69.2500528522966 2
91.3353585767831 70.3947626987689 1
92.7473517279305 70.2389730045773 1
93.5877180404027 71.3839010534094 1
94.9993868785605 71.2282937773134 5
95.8393408334312 72.3737705835587 4
97.2509140542466 72.2185509962051 4
98.0919233628933 73.3634729685546 0
99.5038228994269 73.2083366085949 3
100.345298318573 74.3529188377195 4
101.757280104358 74.1983015111352 5
102.597811722201 75.3435162120611 1
104.009615479212 75.1889611276435 3
104.849680568979 76.3341936960243 0
106.261536541574 76.1782343133164 0
107.102057727979 77.3229747705691 0
108.514047324276 77.1666642922889 0
64.3417866605326 0.348434826159753 5
65.7538039119861 0.193673846090665 2
66.5934332354012 1.33941945507867 2
68.0054972895702 1.18485667553659 2
68.8460265100914 2.3297118211794 2
70.2580414009877 2.17389726801706 5
71.098396993542 3.3187683796536 1
72.5101462851178 3.16297716755865 5
73.3500323447352 4.30844570364642 4
74.7616012000776 4.1531999395179 4
75.6023648673899 5.2982948879235 0
77.0142261172125 5.14322033349081 3
77.8557474247309 6.28777055030306 3
79.2677157800394 6.13302739572603 5
80.1084630686282 7.27810030125525 1
81.5202561556328 7.12356640652821 3
82.3603441080938 8.2688577531424 0
83.77214409575 8.11312673685086 0
84.6127112721041 9.25788394709456 0
86.024705721793 9.10158969283074 0
86.8649217983713 10.2467061152164 5
88.2769579275531 10.09180327366 2
89.1165946507643 11.2375431239489 2
90.528657410292 11.0831032558327 2
91.3689343691983 12.2281539804191 2
92.7809590344153 12.0723738489269 5
93.6213222034438 13.2171837182068 1
95.0331535162726 13.0612105126466 1
95.872999303118 14.2066383806209 5
97.284582785223 14.0513180027664 3
98.1250691206795 15.1965961956081 0
9.51239973727032 15.0416132511454 3
10.3539192385901 16.1861552516175 3
11.7658779706762 16.0313039065645 5
12.6068247798557 17.176237398064 2
14.0186025645339 17.0216575313779 1
14.8587266357044 18.1669830789128 3
16.2704676650381 18.0114686359466 0
17.1110493431608 19.1562749111591 0
18.5230317079403 19.0000407666574 0
19.3634958191679 20.1450075814901 4
20.7755515237839 19.9899592069524 2
21.6152754293623 21.1356327064078 2
23.0273329895641 20.981300089248 2
23.8673710537834 22.1265568311303 2
25.2793958413201 21.9708703216173 5
26.1197852003541 23.1156168666131 1
27.5316840622862 22.9594872615781 1
28.3715107191058 24.1048527378188 5
29.7831269697092 23.9494192104929 2
30.6233450268658 25.0948612799083 4
32.0351488562016 24.9399909062969 3
32.8766132547997 26.0845554261626 3
34.2885694916783 25.9296243773727 1
35.129670581333 27.0744433483363 5
36.5414339676947 26.919766190335 1
37.3816095188064 28.0650950436182 3
38.7932942155896 27.9097582631467 0
39.6338615757947 29.054638090566 0
41.0458102866634 28.8985043833311 0
41.8865137470733 30.0433406023543 4
43.298585720447 29.8881588290697 2
44.1384691533763 31.0337128473852 2
45.5505174882954 30.8794594773887 2
46.3903678073366 32.0248970643921 2
47.8023829739612 31.8693529366645 4
48.6427884910163 33.0140583129579 1
50.0547328145659 32.8578080146245 1
50.8945688554543 34.0030923915957 5
52.3062320264123 33.8475125470305 2
53.1462153518551 34.9930820467252 4
54.5580116877236 34.8383265073568 3
55.3993538154323 35.982959509533 3
56.8113149929812 35.827986618342 1
57.652512199903 36.9727255031741 5
59.0642736239613 36.8179122728908 1
59.9045215241888 37.9632101653408 3
61.3161588675943 37.807999351186 0
62.1566850886118 38.9529707001606 0
63.5685775632639 38.7969670059046 0
64.4094817621789 39.9417069737659 0
65.8215613979504 39.7864134284281 2
66.6616673221015 40.9318074155565 2
68.0737052959529 40.7775905230264 2
68.9134448539183 41.9231566404311 2
70.3254412607355 41.7677881183539 4
71.1658166030426 42.9125044466875 5
72.5777865122655 42.7561671288077 1
73.4176615765315 43.9013594413579 1
74.829382388335 43.7456069669856 2
75.6691746389012 44.8912625524513 2
77.0809824761374 44.7365946355867 5
77.9221128698695 45.8813622818026 3
79.3340851479285 45.7263845009747 1
80.1753267301902 46.8710723152194 5
81.5871077509652 46.7160973042505 1
82.4274436830454 47.8613374991715 1
83.8390472941939 47.7062009974907 0
84.6795011901191 48.851279181586 0
86.0913221668738 48.695418982394 0
86.9323672928553 49.84010782458 0
88.3444416313639 49.6847277462139 4
89.1848115955421 50.8299428406062 2
90.5968457869013 50.6757140362394 5
91.4365660857791 51.8213410537123 2
92.8485364329595 51.6661668648816 4
93.6888254596866 52.8109550442334 5
95.1008062947368 52.654568125302 3
95.9407531752172 53.7996601232929 1
97.3525373390207 53.6437223225323 1
98.1921983478015 54.7894141950418 2
99.60403268176 54.6347850230934 2
100.444868856728 55.779748610424 3
101.856854989326 55.6248033304834 1
102.698106074047 56.7694527411475 1
104.109927078181 56.6143159561166 1
104.950358910827 57.7594785336235 1
106.361942766857 57.6043713045094 3
107.202293521104 58.7495636833939 0
108.614038568226 58.5938488574037 0
109.45516354807 59.738529339915 0
110.867217982092 59.5830907325602 4
111.707871476918 60.7281266568281 2
113.119911828248 60.5738419582375 5
113.959696506123 61.7194677775414 2
115.371635458555 61.5644951049976 4
116.211799799752 62.709402623761 4
117.623779980862 62.5530145932249 3
118.46382702881 63.6980012244117 1
119.875670788737 63.5418848040205 1
120.715263468493 64.6875636172697 2
122.12712875557 64.532916652116 2
122.967626989819 65.67810660091 3
124.379626705289 65.5232329525532 1
125.220856720289 66.6678508309379 1
126.632728064593 66.5125754316386 1
127.473255474564 67.6576450085745 1
128.884834110206 67.5025243722775 1
39.7005785058339 68.6478154739308 0
41.112250922713 68.4922415488056 0
41.9534018574131 69.6369479752308 0
43.3654206783411 69.4814835545927 0
44.2063544467078 70.6263515815753 2
45.6184048689366 70.471982967209 2
46.4583229188803 71.6175547516605 2
47.8702312599684 71.4627806206755 4
48.7102730130969 72.6078251344673 4
50.122241197441 72.4514956350236 0
50.9624074590158 73.5963772993426 1
52.3742985432404 73.4401098867059 1
53.2138860373573 74.5857300986374 2
54.6257758686001 74.4310126626855 2
55.4659437302679 75.5764204026391 5
56.8779552358084 75.4216506146777 1
57.7191265836895 76.5662550418802 1
59.1310496305508 76.4108717404272 1
59.971649342231 77.5558504637482 1
61.3832416309669 77.4006704761735 3
17.2111434664156 0.582525936210983 0
18.62275438794 0.42707353146105 0
19.4638734763017 1.57183976094032 0
20.8758421078409 1.41638532746982 0
21.7170163319028 2.56111455717349 4
23.1290714415771 2.40664651780195 2
23.9691757274324 3.55212055351662 5
25.3810618054774 3.39752171555469 4
26.2210164265208 4.54269432208706 4
27.6329607930124 4.38648301435557 0
28.4732385718642 5.53127969449717 3
29.8851655760432 5.37490044737191 3
30.7248078851348 6.52042564679959 1
32.1367171399277 6.36559257962709 2
32.9766063636463 7.51117968381219 2
34.3886299914159 7.35652875433573 1
35.2296867650697 8.50116323188969 1
36.6416568496394 8.34570409913918 1
37.4822899455985 9.49060717451022 1
38.8939200850695 9.33531361857098 5
39.7340069816 10.4806983482734 0
41.1455728467071 10.3253296096798 0
41.9865998427769 11.4701891267596 0
43.3985120734752 11.3147816021914 0
44.2398629004486 12.4594127696599 4
45.6519121150742 12.3048389363408 2
46.4922425293594 13.4501784124028 5
47.9041183504435 13.2957138595844 3
48.7440387479066 14.440987582444 4
50.1559482216177 14.2849514787609 0
50.9963025534879 15.429704554457 3
52.4082567037034 15.2732572699499 3
53.2480098315794 16.4186604081734 1
54.659941214235 16.2636760327356 2
55.4996323147043 17.4093846248544 2
56.9116692076499 17.2548486859877 5
57.7525337269529 18.3995836510021 1
59.1645408010082 18.2440797089388 1
60.0051671822716 19.3889251929114 1
61.4168585472116 19.2334658853733 5
62.2569039746681 20.3788463116317 3
63.6684434178052 20.2235093174882 0
64.5093073808435 21.3685018983115 0
65.9211652803864 21.2131724073293 0
66.7626267819699 22.3577469169921 4
68.1746611161301 22.2030678434487 2
69.0152386317003 23.3482513300236 1
70.4271137102121 23.1938623611999 3
71.2670520433214 24.339204121198 4
72.6789178962922 24.1833935251013 0
73.5193077664504 25.328149573019 0
74.9312790486593 25.1716791174677 0
75.7711914040904 26.3169430234089 1
77.1831492798383 26.1617878469216 2
78.0227435379319 27.3075448910089 2
79.4347930074064 27.1531088120194 2
80.275396684928 28.2980141972044 1
81.6874286234402 28.1425043267176 5
82.5280363498066 29.2872965477298 1
83.9398044150109 29.1316427609469 5
84.7798267368033 30.2769885501765 3
86.191358046315 30.121629848179 4
87.0319990482451 31.2667855564333 0
88.4438062033624 31.1115553123336 0
89.2853188628042 32.2561079507072 0
90.6973323003676 32.101329843405 5
91.5381550620367 33.2463538509983 2
92.950030507636 33.0919752592826 1
93.7900234892193 34.2373562171827 4
95.2018422973878 34.081797647832 0
96.0422374507558 35.2265963226325 0
97.4542137959225 35.0701494220012 0
98.2943237859003 36.2152673242313 5
99.7063094226646 36.0599393272634 2
100.545899450654 37.2056782459508 2
101.95795764626 37.0513208330801 2
102.798270545975 38.1964390691347 1
104.210315269765 38.0409731627621 5
105.050909540508 39.1857106021292 1
106.462755801359 39.0298655241709 1
107.302766365125 40.1751528365168 5
108.71430745542 40.0197246077769 4
109.554703350912 41.1650439849665 0
110.966463574516 41.0099250023827 0
111.807971466748 42.1544859665687 0
113.21996153739 41.9996235243415 5
114.06100593454 43.1445005449465 2
25.4483786221574 42.9900723622017 1
26.2884557299404 44.1354603253902 3
27.7002292047609 43.9801455560031 0
28.5406145113641 45.1250131965762 0
29.952580490778 44.9686414097251 0
30.7929135236572 46.113614061156 3
32.2049258745265 45.9581292845868 2
33.0445940299311 47.1037910560732 2
34.4566547273499 46.9494914891757 2
35.2966987236682 48.0948242393099 1
36.7087454739471 47.9394545004203 2
37.5493310659516 49.0841416338376 1
38.9612413315186 48.9281366633258 1
39.8012429892445 50.0733535448418 5
41.2128148057491 49.9178160590533 2
42.0529807406876 51.0632736670565 0
43.464704047666 50.9082659737155 0
44.3061446203039 52.0528724221483 0
45.7181141482011 51.8979489445215 1
46.5593291463864 53.0427094079741 2
47.9711866442763 52.8881796798669 1
48.8113717231726 54.0335391985516 3
50.2231035706835 53.8784252697187 0
51.0634682330124 55.0233787377533 0
52.4754039792088 54.8671285687912 0
53.3159539523057 56.011974940783 3
54.7279882750414 55.8563613112033 2
55.5678089343125 57.0018951815283 2
56.9798683999931 56.8476276618327 2
57.8197051042187 57.9931427309131 2
59.2317464106175 57.8379145490688 2
60.0722993132079 58.9825859384885 5
61.4842533641281 58.8264615139228 1
62.3242535284287 59.9716032387483 5
63.7358774032016 59.8159247649368 2
64.5758479722859 60.9614826967905 4
65.9875518374647 60.8065668436637 4
66.8288543936571 61.9512656101709 0
68.2408096933671 61.7963114757959 1
69.0821333176836 62.9409927929099 5
70.4939821429018 62.7863228686454 1
71.3342953546694 63.9316203011504 1
72.7459909784353 63.7766417978312 0
73.5863278911901 64.9216875383 0
74.9982127579854 64.7655921799851 0
75.8389434576335 65.9103497638956 0
77.2509910568056 65.7546416406011 4
78.0910247535583 66.9000134078622 2
79.5030825432266 66.7457377155078 2
80.3428004674443 67.8913760080577 2
81.7548311798207 67.736316930501 2
82.5952972302874 68.8810360183267 5
84.0072772981879 68.7248322077358 1
84.8472931822935 69.8698978053805 1
86.2589866243226 69.7140563552103 2
87.0987989594576 70.8596765388888 4
88.5105046009081 70.7048111386506 4
89.3515833059379 71.8496618841922 0
90.7635304739452 71.6947120000087 1
91.6049075175544 72.839345150498 5
93.0167607067052 72.6845183203644 1
93.8572119922492 73.8297307595858 1
95.2688780814114 73.6748178600926 3
96.109175142061 74.8199572672017 0
97.5209927376158 74.6640293283638 0
98.3618501351772 75.8087450867196 0
99.7738987805837 75.6529764714161 4
100.614190036919 76.7981707415902 2
102.026248728456 76.6438377160256 5
102.865943118519 77.7895270955438 2
104.277958392509 77.6346487316926 2
60.1060317620393 0.815980306037091 2
61.5180241496791 0.659745446939501 1
62.3580827871333 1.80473147661151 1
63.7698534136413 1.64872008588084 1
64.6095558873633 2.79435839255301 2
66.0212821354833 2.6394924167636 2
66.8620646513563 3.78454319601255 3
68.2740077092502 3.62963718024174 1
69.1154016584654 4.77423639902266 1
70.5272746328194 4.61926190058954 1
71.3678674216207 5.76437330260315 1
72.7795105931855 5.60946789348317 3
73.6197544574739 6.75469475189015 0
75.0314971486572 6.59893210467044 0
75.8724224921047 7.74365094757965 0
77.2844560183472 7.58785570937073 4
78.1250254955721 8.73287552923476 2
79.5370911476395 8.57844469389062 2
80.3768458714818 9.7241183598907 2
81.7888408950068 9.56941845937696 2
82.6289864912538 10.7144093830353 2
84.0409806966481 10.5581997479348 3
84.8811084269135 11.7031023885818 1
86.2929506132606 11.5469288429165 1
87.1325931049136 12.6925433557229 2
88.5443507666006 12.5376229121778 2
89.3848055228981 13.6828885229793 4
90.7967480753337 13.5280683861495 1
91.6381220424904 14.672646652606 1
93.0500254158852 14.5175548952472 1
93.8907520366253 15.6625568198904 1
95.3023822632373 15.5076140256491 3
96.1425749040403 16.6529067249058 0
97.5542441395329 16.4972980323811 0
98.3951889652529 17.6420539909198 0
99.8071894013565 17.4862711519809 0
100.648035863099 18.6311309503676 4
12.0356157507582 18.4765846265786 2
12.8755030704938 19.6221865811141 2
14.2874748327971 19.4676474893517 2
15.127455824873 20.6128052950022 2
16.5394403030515 20.4566771198612 3
17.3796527120454 21.6014976068353 1
18.7915494203607 21.445186805675 1
19.6311828442052 22.5907394762818 2
21.0429725677686 22.4357153674588 2
21.8831149562973 23.5811752229642 4
23.2950620719531 23.4264722716413 1
24.1363709862802 24.5710541736597 1
25.5483102422866 24.4158796817509 1
26.3891365950742 25.5607841443537 1
27.8007718491523 25.4057628287807 1
28.6409320309812 26.5510887724592 0
30.0525391428879 26.3956076255422 0
30.8934565729732 27.5404306645028 0
32.3054051746175 27.3847001635742 0
33.1464911422673 28.5294315854804 4
34.5585750936628 28.3747694378693 2
35.3986542073695 29.5202536029228 5
36.8106057551944 29.3658473726967 2
37.6504685457882 30.5111507879289 2
39.0624301142315 30.3551583562464 0
39.9027122086909 31.4999193009569 1
41.3146454638623 31.3435030813828 1
42.1543196842944 32.4889633464925 1
43.5661405259618 32.3337902822309 2
44.4060193758991 33.4794027109628 2
45.8179792239707 33.3248233021393 1
46.6591555797863 34.4694594966324 1
48.0711312823981 34.3142340702343 1
48.9120115694891 35.4590623932216 1
50.3236770890522 35.3039167867651 1
51.1638294310376 36.4492412338969 3
52.5753918421471 36.2938495729647 0
53.4162327122886 37.4387676812779 0
54.8281170311148 37.2831269419472 0
55.669379634296 38.4277723443631 4
57.0814599186264 38.2730061538569 2
57.9217772988496 39.4183362784014 2
59.3337187184961 39.2640216944491 5
60.1735312924354 40.4094293056985 2
61.5854584215813 40.25362153175 0
62.4257684356402 41.3983674858388 3
63.8377245873347 41.2418803871966 3
64.6774876362571 42.3872253768063 1
66.0893424333293 42.2318670171026 5
66.9290292077888 43.3775771640632 2
68.3410092992216 43.2231014792326 5
69.1819652669081 44.367864531184 1
70.5939739778652 44.2126185900568 1
71.4348629038168 45.3573907800309 1
72.8465828321915 45.2020762305946 1
73.6867431418102 46.3473714832381 3
75.0982791978038 46.192023989048 0
75.9389777998272 47.3370726845232 0
77.3507970006838 47.1815435391432 0
78.1921722512198 48.3261444352746 0
79.6042374479884 48.1712885336289 2
80.4448190121021 49.3164482204102 2
81.8567624938552 49.1621730926941 5
82.6965970356015 50.3076372534806 2
84.108482511175 50.15205464047 0
84.948775258118 51.2968354870538 3
86.3607430220372 51.1403191924854 3
87.2006381020281 52.2855333679988 1
88.6125296438318 52.129975461058 5
89.4521128048881 53.2757185395093 2
90.8641150528908 53.1213129370419 5
91.7047779235189 54.2662679252647 1
93.1168129922139 54.1110367039318 5
93.9576834228656 55.2557607874449 1
95.3694732974041 55.100254240479 1
96.2096553374049 56.2454941992904 1
97.6211828156579 56.0901446693442 4
98.4616902743321 57.2353440125252 0
99.8734479422231 57.0799381158655 0
100.714878327421 58.2245288506392 0
102.126918722707 58.0695971702111 4
102.967766031925 59.2145888872038 2
104.379716529118 59.0603024441796 1
105.219630460502 60.2057817331931 4
106.631474078682 60.0504476793823 0
107.471725311679 61.1953003465671 0
108.883693303336 61.0388053255229 0
109.723756436304 62.1838803453643 1
111.135683604408 62.0281334135799 5
111.975247706787 63.1738494283052 2
113.387267347649 63.0194760146745 2
114.22760946209 64.1646563036344 1
115.63966130714 64.0094827978884 2
116.480502723965 65.1541605638556 1
117.892364419619 64.9984743514974 1
118.732567949328 66.1436422474293 1
120.1441043155 65.988245223542 4
120.984408842021 67.133585337024 0
122.396109964781 66.9783037710605 0
123.23753507211 68.1229174621016 0
124.649542463882 67.9679283977974 3
125.490632117048 69.1127674485927 2
126.902584639103 68.9584229796756 1
127.742624958624 70.1038759185615 5
129.154432906121 69.9487856623415 0
129.994644502112 71.0937277026654 0
41.3821028414537 70.9373122960522 3
42.2223574717833 72.082249478956 2
43.6343171089797 71.9263448179932 5
44.4739420314137 73.0719792758103 2
45.8859707145275 72.9176073135795 2
46.7260182061652 74.0630057430259 5
48.1380776110573 73.9079341001424 2
48.9788758224602 75.0525800494954 1
50.3907983353887 74.8967486193208 1
51.2310086596531 76.0418418141241 1
52.642575178441 75.8863520216692 2
53.482697168118 77.0318006463856 0
54.8943518581399 76.8766270807132 0
10.7234554612259 0.0578017967291033 0
57.1476756790668 77.8662783186849 1
12.9767058804101 1.04749513706613 2
14.3886510733543 0.893050847750872 2
15.2288510996281 2.03843911095114 5
16.640631710381 1.88355360301607 0
17.4808148482811 3.02859067790844 0
18.8927411967521 2.87230764731371 0
19.7331770496937 4.01713178858441 3
21.1451645221383 3.86111144634883 4
21.984922566386 5.0066200577741 5
23.3969569086728 4.85221844160549 2
24.2367771183776 5.99779509113694 5
25.6488375666909 5.84285676525775 2
26.4895517230167 6.98751713499201 5
27.9015174598526 6.83157707603305 1
28.7417177173341 7.9766037819345 1
30.1533386507614 7.82097887202297 2
30.9933118261801 8.96649694026842 4
32.4049371573954 8.81139512707542 4
33.2461436916556 9.95617933633461 0
34.6580833976577 9.80114526358852 3
35.4994873882913 10.9457801430343 5
36.9114214098085 10.7912072047317 2
37.7518022595678 11.9364995226553 1
39.1635616957604 11.7817516192526 3
40.0037324796212 12.9268772375646 0
41.4156132573239 12.7707662570348 0
42.256193667806 13.9155196433599 0
43.6682007806742 13.7594302189359 4
44.5081502882768 14.9047842683876 5
45.9201924646946 14.7503151304507 2
46.7598801781567 15.8960070023346 5
48.1719381218242 15.7412192316911 2
49.0125058023655 16.8859654755255 5
50.4244986597038 16.7299600478942 1
51.2646914576077 17.8749254489126 1
52.6763869936988 17.7191357910352 2
53.5162429817514 18.8646869219285 4
54.92785994143 18.7096034853836 4
55.7688421211322 19.8545465251791 0
57.1807542660347 19.6995341760752 3
58.0222230532708 20.8441205758896 5
59.4341493324348 20.6894061073672 5
60.2747165605566 21.8345829419439 1
61.6864569325726 21.6798954506473 3
62.5266224979955 22.8250996693239 0
63.9384441169795 22.6691847784811 0
64.7791207528272 23.8139153474347 0
66.1911362255185 23.6578012222572 4
67.031321225531 24.8029890013465 2
68.4433733725376 24.6484171465079 2
69.2830310643817 25.7941477990765 2
70.6950826451387 25.6395146519748 2
71.5354493664706 26.7844128968799 2
72.9474563815834 26.6283985734988 1
73.7876640266121 27.7732988518997 1
75.1994430349704 27.6173351574298 1
76.0392195678755 28.7628801202985 2
77.4508482183014 28.6077600375406 4
78.29154716549 29.7528953161398 0
79.7034356956598 29.5979422202784 3
80.5449254358546 30.7425007008867 3
81.9568518717512 30.5876533973114 5
82.7976031136514 31.7327033948613 1
84.2093236492712 31.5780085746978 3
85.0494846603205 32.7232767507289 0
86.4612391590532 32.5675613965403 0
87.3019646772655 33.7123110569209 0
88.7139729880327 33.5562131978555 0
89.5544180329713 34.7012386105828 4
90.9664831098343 34.546538673311 2
91.8061951271168 35.6922412165428 2
93.2182365902292 35.5377542584851 2
94.0583817067571 36.6828421662117 2
95.4703927429817 36.5268798287805 5
96.3106399300919 37.6717103915057 1
97.7224957915359 37.5155825389038 1
98.5622286404776 38.6610876910576 2
99.9738851483761 38.5058831658059 2
100.814282922026 39.6512119771845 4
102.226153941542 39.4963549132948 3
103.067620982942 40.6409057422341 3
104.479555921288 40.4859531985065 1
105.320470330444 41.6308802910453 1
106.732173499472 41.4761233060122 1
107.572337618873 42.6214304808351 0
108.984024959658 42.465892390323 0
109.824759582036 43.6106923516837 0
111.236741233057 43.4546512294897 0
112.077448498956 44.5995288429972 4
113.489527907373 44.4446946562545 2
114.329367389044 45.5903125195241 2
115.741394926842 45.4359507681935 2
116.581342463162 46.5812269611558 2
27.9688503826043 46.425373709901 4
28.8091508264605 47.5701373195352 1
30.2210640375935 47.4138730865553 1
31.0607901490419 48.5593099748758 2
32.4724844751341 48.4039801667573 2
33.3126017285006 49.5494754593731 4
34.7244659543406 49.3947384088753 3
35.565857856188 50.5393134381094 3
36.9778089781579 50.3842897552529 1
37.8188399020115 51.5291179229687 5
39.2305381916297 51.3742557033021 1
40.0707233879234 52.5195690919072 3
41.4823516851092 52.3641698650203 0
42.3230579586666 53.509045855036 0
43.7349908683628 53.3530987323084 0
44.575930161272 54.4978578544197 4
45.9880194526432 54.3429001748365 2
46.8280520329574 55.4883854759213 2
48.2400633402997 55.3341143317833 2
49.0798692412899 56.4795462646824 2
50.4918554891139 56.3238485508505 4
51.3321859914311 57.4685754288518 1
52.7441349662894 57.3122065038445 1
53.5838939502165 58.4575519980512 2
54.9956322003843 58.3020599146203 2
55.8355115993027 59.4476810611774 4
57.2473842570445 59.2930634576923 5
58.0886251047689 60.4377187266004 3
59.5005977639623 60.2826621510841 1
60.3416929717149 61.4274202304105 5
61.7534094346938 61.2724163497467 1
62.5936379855683 62.4177029823616 3
64.0052229948785 62.2624002542181 0
64.8458637418225 63.4073746501007 0
66.257729813651 63.2515470074828 0
67.0988455599668 64.3962279608065 0
68.5109335900289 64.241165935263 2
69.3512113433948 65.3864843953371 2
70.7632125688196 65.2322585622105 5
71.6029575105623 66.3777911735757 2
73.0149144559722 66.2222818549433 4
73.8552246948389 67.3670244754998 3
75.2671926314013 67.2105846300093 3
76.1070225408487 68.3558230689833 1
77.5188100709148 68.200141635327 2
78.3585116723164 69.345839226216 2
79.7704072808429 69.1913105756487 5
80.6114052201676 70.3361181308973 3
82.0234016939563 70.1810634226269 1
82.8645165238646 71.3257728696965 1
84.2762760382238 71.1706001283214 1
85.1165613676591 72.3158355704293 1
86.5281206510057 72.1605875324838 0
87.368646412517 73.3056855877697 0
88.7804395728138 73.1499880284356 0
89.621668143664 74.2946342127299 0
91.0337417668377 74.1394897085834 4
91.874293058802 75.2846302067574 2
93.2862960901571 75.1304015201441 5
94.1260660032119 76.275974305525 2
95.5379863104904 76.1206760328915 4
96.378227447137 77.2654877643779 4
97.7902016643022 77.1090152591941 3
53.6178910890527 0.290633869702365 1
55.0297296234243 0.134754212801547 5
55.869326707269 1.28047224814906 2
57.2812513590255 1.12598278164194 2
58.1219350385872 2.27100008026749 1
59.53395373603 2.11598357625606 1
60.3750569011301 3.26065243576395 1
61.7868750980557 3.10530877759503 1
62.6272247841503 4.25047195517142 1
64.0387746134883 4.09523690823062 3
64.8791514414916 5.24046596034357 0
66.2908735964457 5.08490401205402 0
67.1321580855022 6.22955115255898 0
68.5442043524032 6.07434740331438 4
69.3850356521688 7.21931450662961 2
70.797047518804 7.06504093766386 1
71.6369133089436 8.21060198030436 2
73.0487960867172 8.0555260968386 4
73.8889460195889 9.20044237699736 4
75.3009149343458 9.04398860507636 0
76.1409893167913 10.1889845878308 1
77.5528730517679 10.0329221427691 5
78.392437757903 11.1786075880084 2
79.8043864438251 11.0241034812443 2
80.6447312246346 12.1693523697161 5
82.0567665721643 12.0144119335006 1
82.8978322731314 13.159046606836 1
84.3097127912205 13.0035552635139 1
85.1501209032117 14.1486340167635 1
86.561678228754 13.993367891074 3
87.401906393224 15.1387076323273 0
88.8135644108996 14.9832761519543 0
89.654844324573 16.1279589692277 0
91.066850304551 15.9727240855703 4
91.907940907947 17.1175342481824 2
93.3199592510107 16.9631855440875 1
94.1599786887882 18.108688015626 5
95.5718309993683 17.9538297753875 4
96.4119035307375 19.0988604549242 4
97.8238556723594 18.9424879524446 0
98.6640813418435 20.0873656495229 3
100.076002307905 19.9311573410051 5
100.915606258919 21.0767620964109 5
12.3030729288167 20.9221997112262 2
13.1431084939926 22.0676620308773 5
14.5551551855425 21.9128281191537 1
15.3961503272257 23.0574516532911 1
16.8080871526995 22.9018433723059 1
17.6485278045908 24.0468419654624 1
19.0601138302672 23.8914937167414 5
19.9002187102514 25.0369067527982 0
21.3118250789995 24.8815816828401 0
22.1530360201343 26.0263366506014 0
23.5649944521331 25.8711008425713 0
24.4062894942935 27.0157877463554 4
25.8183051151719 26.8613413126317 2
26.6585180661623 28.0067469483082 5
28.0703518700622 27.8520735157217 3
28.9103799495477 28.9972108057121 4
30.3223032484232 28.8409787204858 0
31.1626628830466 29.9857680030528 3
32.5746152022671 29.8294608473225 3
33.4143233387721 30.9749489005012 5
34.8262997974602 30.8202904288984 2
35.6660950835373 31.9659202572096 5
37.0781501971495 31.8112100062243 2
37.9190181754887 32.9558764734483 1
39.3309989144164 32.8001845123676 1
40.1714368215532 33.9451187476506 1
41.5830760364126 33.78963352068 5
42.4230873947491 34.9350816976451 0
43.8346593324619 34.7798169519302 0
44.6757318229069 35.9246849662878 0
46.0876434777681 35.7694786710966 3
46.9290772273258 36.914082478462 4
48.3410816019929 36.7595214216942 2
49.1815148982084 37.9047990123807 1
50.593339680324 37.7502530379863 3
51.4333632729527 38.8954758335546 4
52.8452455934432 38.739435056023 0
53.6856997729543 39.8841821024988 0
55.097675691028 39.7278266473613 3
55.9375437139613 40.8731738699413 5
57.3495377567654 40.7183902779402 2
58.1891886253861 41.8641205408361 2
59.6012499285159 41.7095363793736 2
60.4419194655139 42.854320274455 1
61.8539295744919 42.6985837348452 1
62.6943499629574 43.8434629183286 1
64.1060627152441 43.6877997161933 5
64.9460046941773 44.8332494593139 4
66.3575613038677 44.6779851546234 4
67.1984223814294 45.8230085782668 0
68.6102907281592 45.6678596795864 3
69.4517993448782 46.8124185531595 4
70.863788337148 46.6577354906578 5
71.7044481221941 47.8028691382363 1
73.1162665680676 47.6483787318199 3
73.9563122297651 48.7936663697798 4
75.3681438737563 48.637853582063 0
76.2086520661009 49.7826036260515 0
77.6206401400667 49.6262458034797 0
78.4607115956395 50.7714414876063 5
79.8727262150157 50.6165133198524 2
80.7123372782358 51.7622678761989 2
82.1244016951775 51.6078024976077 2
82.964819574299 52.7527674341522 2
84.3768457586198 52.5970386743785 5
85.2172593969278 53.7418603316044 1
86.6290547489759 53.5860072186958 5
87.4689522601596 54.731425377051 5
88.8805124195274 54.5761078232384 4
89.721112684152 55.7213100319937 0
91.1329408945959 55.5662454882102 3
91.9744718647123 56.7107872944161 3
93.3864456049798 56.5559911785103 5
94.2273237582302 57.7009773440015 2
95.6391318658781 57.5464712392467 1
96.4792177941765 58.6918005916181 0
97.8909944504161 58.536222646643 0
98.7315243515303 59.6810125052707 0
100.143510144783 59.5246970881509 0
100.983815506053 60.6697414114048 5
102.395851800815 60.5146616034077 2
103.23550848098 61.6603765954262 2
104.647571996986 61.5060159292573 2
105.487729108093 62.6511907738211 2
106.899760367716 62.4955289066583 5
107.740185243273 63.6402889192152 1
109.152056368957 63.4842616490956 1
109.991928868306 64.629623636432 5
111.403511702041 64.4742105403302 2
112.243843370883 65.6195836330391 0
113.655638353668 65.4646254258634 3
114.497139795624 66.6091781436749 3
115.90910275797 66.4542914245682 1
116.750165585001 67.5991472168109 2
118.161958814966 67.444565880997 1
119.002101050349 68.5899078925614 3
120.41382280746 68.4345372266944 0
121.254349312374 69.5793932725018 0
122.666313670566 69.4231649042572 0
123.506861837413 70.5680680326536 4
124.918918327408 70.4128456698701 2
125.758698510226 71.558463307745 2
127.170756687856 71.4041865001459 2
128.010690833391 72.5495602444155 2
129.422717889575 72.3940189984785 2
130.263159260452 73.5387265660186 1
131.675086576308 73.3825598770278 1
132.514953388316 74.5278488027437 1
43.902080298802 74.3723054784754 2
44.7421681553438 75.5178188892801 4
46.1539437605194 75.3629754337062 3
46.9953555067121 76.5075774095552 3
48.4073150300191 76.3526330556195 1
49.2485066107541 77.4973916157132 1
50.6602893215075 77.342690082416 1
6.4882588827858 0.524509439464304 2
7.89993088469949 0.369296176476373 3
8.74042991159643 1.5142377968061 0
10.1523502231689 1.35813293265527 0
10.9931172331054 2.50292207978795 0
12.4051874517879 2.34757802745325 2
13.2451590068537 3.49305163664588 2
14.6572088599813 3.33882348147355 2
15.4969876849067 4.48435486052508 2
16.9090017772032 4.32897478602432 2
17.7494266606414 5.47367171286451 5
19.1613886690195 5.31740180165056 1
20.001275713565 6.46260549424673 5
21.4129547658373 6.30690320749823 2
22.2528369392559 7.45251772334749 4
23.6646119423204 7.29777190281016 4
24.5058541048437 8.44247985663217 3
25.9178171935554 8.28751482689057 1
26.7590791118608 9.4322107604223 5
28.1708668524264 9.27735642631702 1
29.0111793676519 10.4226244547892 1
30.4228119737706 10.2675112342008 0
31.2632602083492 11.4125512946807 0
32.6751162571387 11.2565919439619 0
33.5160533223069 12.4013078851777 0
34.9281264289805 12.2458683450609 4
35.7683439236896 13.3911684034221 2
37.1803870885599 13.2369424830918 2
38.020099614654 14.3825670326744 2
39.432093479529 14.2273719930478 4
40.2724457337041 15.372120153277 5
41.6844253773278 15.2157829714254 1
42.5243615092133 16.3608947900226 1
43.9361057390253 16.2050149931068 2
44.7758308730262 17.3506868326317 2
46.1876241222077 17.1959960278663 2
47.0286068012322 18.3408759553497 3
48.4405784593832 18.185927011764 1
49.2818673489387 19.3305815147215 1
50.6936811913812 19.1755633031312 1
51.5340982016194 20.3207574163009 1
52.9457038823074 20.1656918240358 3
53.786072305917 21.3108400409073 0
55.1978536388296 21.1550310978435 0
56.038897312931 22.2997209182234 0
57.4509588964711 22.1442134397072 4
58.2914520625638 23.2893328581857 2
59.7034968530161 23.1350603922178 5
60.5432328428242 24.2807102877224 2
61.9552005321688 24.1257106206355 4
62.7954294634188 25.2705678291376 5
64.2074143450108 25.114208039388 3
65.0474301231182 26.2592220898645 1
66.4592410457486 26.1031627975236 1
67.2988696684801 27.2488423393995 2
68.7106929465147 27.0941526392675 2
69.5513528887911 28.2392488166173 3
70.963334978418 28.0843554840349 1
71.804620378971 29.2289760783653 1
73.2164759635156 29.0738109701691 1
74.0570016706747 30.2189134111345 1
75.4685929878944 30.0638505850897 3
76.3088651601697 31.2091002611923 0
77.7205705662013 31.0534388199021 0
78.5616656792763 32.1981403706223 0
79.9737001669488 32.0425974546093 4
80.8144794061025 33.1875420997527 2
82.2265334248999 33.0331879760305 2
83.0663701565809 34.1788045423044 2
84.4783080510813 34.0239999038467 4
85.3183954314266 35.1689986587389 4
86.7303743617776 35.01267234816 3
87.5704930927675 36.1575862133901 1
88.9823608355792 36.0013650560497 1
89.8219520627958 37.1470068334526 2
91.233805177872 36.9922627296406 2
92.0741263782944 38.1375821265861 5
93.4861188563654 37.9827824960324 1
94.3273652945423 39.1273817149864 1
95.7392686835027 38.9721004269747 1
96.5798903624999 40.1171053948221 1
97.9914831778533 39.9620026481379 3
98.8316682185643 41.1073268650451 0
100.243304934274 40.951800442654 0
101.084397273032 42.0965475707831 0
102.496387830625 41.9410055719134 0
103.337432560237 43.0857962456702 2
104.749495525395 42.9313426148035 2
105.589495350045 44.0768769067495 2
107.001407143016 43.9222513758171 4
107.841377334905 45.0673916230861 4
109.253338459467 44.9111580405442 0
110.093566843962 46.0559802183695 1
111.505476877064 45.8996307931739 1
112.345090449016 47.0451946776204 2
113.756967024381 46.8903471659409 2
114.596982204335 48.0358621363733 5
116.008986019016 47.8811795341109 1
116.850146133575 49.0257880723256 1
28.2375999583756 48.8704226755115 1
29.0782824609158 50.015342108825 1
30.4898990101444 49.8601510826467 1
31.3300219813618 51.0055134076194 0
32.7416047365157 50.8500924559138 0
33.582639474989 51.9949164762487 0
34.9945737389113 51.839413679283 0
35.8358288835294 52.9840877190965 4
37.2478920187881 52.8295279257266 2
38.0881027693498 53.9749389790217 5
39.49999830159 53.8204601527558 4
40.3398996163943 54.9657202579102 4
41.7518310402638 54.8096366982909 0
42.5921437392178 55.9543998957371 3
44.0040848747005 55.7979613886468 3
44.8437760284911 56.9434174959538 1
46.2556753881639 56.788424052262 2
47.0954502759826 57.9340857839028 2
48.50746813541 57.7795211954579 1
49.3484693977969 58.9241995506916 1
50.7604613561318 58.7687805423415 1
51.6011606021968 59.913633775018 1
53.0128258659573 59.7583000402246 5
53.8529104308719 60.9036665023997 3
55.2644571613538 60.7483053570182 0
56.1053692753258 61.893242186427 0
57.5172447691853 61.7378143505615 0
58.3586433993921 62.8824145227527 4
59.7706960442669 62.727751657507 2
60.6111509385704 63.873009820094 5
62.0230423871049 63.7186283301756 5
62.8629360816225 64.8639716664692 4
64.2748279019011 64.7080921700325 0
65.1151833609152 65.8528426527976 3
66.5271458134871 65.6963573842548 3
67.3669665442106 66.8416834563494 1
68.77889282064 66.6865159816483 2
69.6185183988177 67.8322582944856 2
71.030551801594 67.6777963385567 5
71.8713142482353 68.8226184789203 1
73.28333730539 68.6671780402916 5
74.1240214719078 69.8119781557276 1
75.5357557765488 69.6564600013266 5
76.3758206920945 70.8018005097526 3
77.787350144081 70.6464477275873 4
78.6280715044508 71.7915340058575 0
80.0398918321132 71.6362051691193 0
80.8813715671706 72.7807700356408 0
82.2934053847365 72.6260101238533 5
83.1341147157194 73.7711049808943 2
84.5460089263178 73.6167602409847 1
85.3859444334961 74.7621531693432 4
86.7977911635735 74.6065181279277 0
87.6381521924718 75.7513006497063 0
89.0501250104852 75.5948139208298 0
89.8901173686666 76.7399987457393 1
91.3020734794141 76.5846490545016 2
92.1416482131228 77.7304013646479 2
93.5536952970536 77.5760194559708 2
49.3819185673488 0.75754118144079 1
50.7939614446707 0.602122510490759 5
51.6346261087333 1.74687001478631 1
53.0464385819366 1.59115408956618 5
53.8864975384862 2.73644166413079 5
55.2980273219859 2.58104697063139 4
56.1385177402265 3.72629642660003 0
57.5502862029559 3.57108045186191 0
58.3917901922008 4.71564156736391 0
59.8037994195152 4.56079591713762 5
60.6447511287154 5.70573330867723 2
62.0566455539365 5.55136577008708 1
62.8966605934254 6.69677549460394 4
64.3084629971277 6.54139563128338 0
65.1488113939109 7.68624147461279 0
66.5607816281624 7.52980503167483 0
67.4009801553927 8.67484370920402 3
68.8129654487709 8.51932371614268 2
69.6525738339824 9.66502580790692 2
71.0646285896122 9.51069923558784 2
71.90480652781 10.6559432261868 1
73.3168575587272 10.5005964965035 2
74.1575063774982 11.6452919149553 1
75.5693902609183 11.4893992460164 1
76.4094447418878 12.6346185336258 5
77.8209938016338 12.4791376994516 2
78.6612529374211 13.6245343997084 0
80.0729757016891 13.4694329953544 0
80.9144428359062 14.6140245024198 0
82.3264259386263 14.4591113820714 3
83.167581191034 15.6039141838484 2
84.5794677525284 15.4494695199609 1
85.4195921216697 16.5948603159034 3
86.8313544139037 16.4397099924388 0
87.6716827568134 17.5846382466852 0
89.0836331586358 17.4283043011119 0
89.9240489803957 18.5732058748367 3
91.3360607124071 18.4175425119485 2
92.1757827629343 19.5631390463575 2
93.5878393636398 19.4088452158188 2
94.4277690681064 20.5542915553068 5
95.8398191772108 20.3990653477773 2
96.6804407652755 21.5437289071292 5
98.0923779464284 21.3876981316945 1
98.9324261964883 22.5328443017909 5
100.344017154744 22.3772398293047 2
101.184073847157 23.52274892764 4
102.595764768062 23.3677486382922 0
103.437128413352 24.5124122596188 0
14.8245926560068 24.3574567901195 1
15.6658922069909 25.5021606355279 2
17.0777670766703 25.3475931016283 1
17.9180246564495 26.4929289137938 1
19.3297517033035 26.3379511409792 0
20.1700569105207 27.4829705063964 0
21.5819675091006 27.3267809798591 0
22.4225771382402 28.4715763004578 0
23.8346085021907 28.315805308871 4
24.6745106200176 29.4612553061839 2
26.0865675677436 29.306961455139 2
26.9263275875318 30.4525624339975 2
28.3383712609855 30.297491298471 2
29.1789211953752 31.4421774084735 5
30.5908927536421 31.2860486998566 1
31.4309414177642 32.4311229419457 5
32.8425954658572 32.275366126384 2
33.6824849379288 33.4209496992535 4
35.0941641336974 33.2660148928476 4
35.9353450976609 34.4108042105425 0
37.3472903161012 34.2558384094153 1
38.1886721100958 35.4004800611177 5
39.6005416960545 35.2457633920448 1
40.4409469634578 36.3910162601144 1
41.8526440349784 36.2361379881916 3
42.6929233582348 37.3812482152559 0
44.1047756576905 37.2252279383375 0
44.9455340923758 38.3699607550484 0
46.3575749440632 38.2141203444648 4
47.197711321869 39.3593991729624 2
48.6097696138605 39.2050596439811 2
49.4494573976475 40.350745782549 2
50.8614903710394 40.1958470503396 2
51.7019078767446 41.3406258199062 5
53.1138985012372 41.1844451371786 1
53.95396852459 42.3294464680312 1
55.3656998111424 42.1735224464283 2
56.2054621591483 43.3191406287482 4
57.6171508864856 43.1642221096565 4
58.4580682059365 44.3091916460373 0
59.8700025456295 44.154252349206 1
60.7114200600717 45.2988549593752 5
62.1232976730101 45.1439863472926 5
62.9638549672841 46.2891388479644 1
64.3755267496071 46.1342912543963 3
65.2157695147981 47.2794884389124 0
66.6275511399251 47.1236424493601 0
67.4684006731825 48.2683610533796 0
68.8804368403333 48.112486613043 4
69.720839611581 49.2575903965982 2
71.1329030903274 49.1031605760362 2
71.9726096267584 50.2488601395163 2
73.3846272705926 50.0941365963868 2
74.2248665860736 51.2390647316487 2
75.6368647171351 51.0828873233062 3
76.4769840451094 52.2278111863567 1
77.8887937016202 52.0717201649099 1
78.7284770226083 53.2173299378464 2
80.1401915715073 53.0623742630451 2
80.9807944534144 54.2075532529341 0
82.3927217329585 54.0526821730041 1
83.2341391654872 55.1972585127068 1
84.6460370820609 55.0422595007315 1
85.4867446872989 56.1872994466842 1
86.8983968868479 56.0324301084703 3
87.7385983064575 57.1776990084916 0
89.1503056297338 57.0220208988834 0
89.9911950107695 58.1667636301315 0
91.4032089433511 58.0108925824642 0
92.2438901741141 59.1558299648721 2
93.6559639756425 59.001283044022 2
94.4957671272805 60.1469340138063 2
95.9077651384407 59.9923735382198 2
96.7478179631869 61.1374763609928 2
98.1598133244999 60.9813598927011 3
99.0000044616387 62.1262037593199 1
100.41187968076 61.9699625824504 1
101.251529605315 63.115526916109 2
102.663277380691 62.960483853782 2
103.503561669386 64.1058648544991 4
104.915487166428 63.9511000722345 1
105.756862562953 65.0956692345621 1
107.168789031325 64.9405740330019 1
108.009622723018 66.0855060166526 1
109.421267578861 65.9305719251518 1
110.261439447519 67.0758840159104 0
111.673078457824 66.920351713629 0
112.513962191633 68.0651497779071 0
113.925934528087 67.9093225623518 0
114.766876039542 69.0541169984004 4
116.178960666767 68.8994483096486 2
117.018926883031 70.0449999637304 2
118.430903609816 69.8905776016892 2
119.270803695564 71.0358445127606 2
120.68278367852 70.8798437634403 4
121.523047892232 72.0246183183349 1
122.934968731813 71.868256224074 1
123.774634483201 73.013741289398 2
125.186415980638 72.8585654599201 2
126.026416081592 74.0041143611766 4
127.438348372317 73.8494744465531 1
128.279625464833 74.9940742885354 1
129.691584624403 74.8389166511661 1
130.532499858163 75.9837616979597 1
131.944159185172 75.8287213604424 1
132.784324694297 76.9740420003546 3
134.195910190168 76.818621324806 3
