x           y           stackinginfo
0.0 0.0 0
1.402476 0.224922 0
1.91354596371736 1.54960920997297 0
3.31627225592867 1.77214488658999 0
3.82766049303833 3.09711541511232 0
5.23030334919983 3.32120402130209 0
5.74206586528831 4.64611403019223 0
7.14459331051703 4.87165280740586 0
7.65627926499038 6.19668978697529 0
9.05864973640733 6.42368942110935 4
9.56972233238068 7.7490853431839 4
10.9719076775886 7.97746249570804 4
11.4818301018813 9.30345392899002 4
12.8838227765993 9.53299836145486 2
13.3921365642263 10.8597778033539 2
14.7939572545563 11.0901390178825 2
15.3003985109746 12.4177916062518 2
16.7020990221692 12.6484672336181 2
17.2067101451551 13.9769141366363 2
18.6083738789905 14.2072433885085 2
19.1114937948878 15.5362458382196 2
20.5132203703303 15.7655279021575 2
21.0153943543858 17.0947545887635 2
22.4172773665525 17.3224291179328 2
22.9191565848347 18.6515382650677 2
24.3212689625868 18.8772827848486 2
24.8235156474481 20.2059704861676 2
26.2259087629327 20.4297046554731 4
26.7290975507381 21.757750302396 4
28.1317953350309 21.9796551798977 4
28.6363144957439 23.3069552950548 4
30.0393092160203 23.5274116621276 0
30.5452991332555 24.8539849476128 0
31.9485524933413 25.0734728720115 0
32.4559039527733 26.3994397180956 0
33.8593572291679 26.6184616613109 0
34.3677752190263 27.9440010309816 0
35.771354591007 28.1630183493531 0
36.2804541730181 29.4883196656745 0
37.6840781513077 29.7077355492002 0
38.1934309240857 31.0329903581662 0
39.5970092736067 31.2532156881161 0
40.1061650037111 32.5786266012524 0
41.5096055835873 32.8001033467114 4
42.0181144078362 34.1258840857292 4
43.4213379705695 34.3490266988074 4
43.9287701220834 35.6753997481855 4
45.3317221183711 35.9005235505271 2
45.8377326537987 37.2276848629239 2
47.2403973306106 37.4548997501646 2
47.7448225010248 38.7829522534256 2
49.1472304741572 39.0120642773448 2
49.6501596724472 40.340958796505 2
51.0523816277152 40.5714591728161 2
51.5541652409493 41.9009837003757 2
52.9562958742963 42.1321403749377 2
53.4574882623872 43.4619569221992 2
54.8596321879497 43.6929126864211 2
55.3608820906994 45.0226258332772 2
56.7631375494473 45.2525418063598 2
57.2650731400297 46.5817757795622 2
58.6675245466312 46.8099820102448 2
59.1706632194439 48.1384403560044 2
60.573378260828 48.3645396382689 2
61.0780082379012 49.6920789239902 2
62.4810290186144 49.9159935738378 2
62.9871538330404 51.242653582073 2
64.3904860386696 51.4645959900352 4
64.8978472071346 52.7905654917572 5
66.3014518211103 53.0109373276214 3
66.8096136978355 54.3364768859531 3
68.2134132709679 54.5557427525738 3
68.7218763656571 55.8811130839874 3
70.125774635699 56.09971675357 3
70.6340689166798 57.4251424096728 3
72.0379731128356 57.6434690668106 3
72.5456938850092 58.9691412438281 1
73.9495178012789 59.1875618824582 3
74.4563111577549 60.5136620823189 1
75.8599690331276 60.7326174497593 1
76.3655371610107 62.059319278705 5
77.7689535888215 62.2793337746307 5
78.2731057653456 63.6067770558233 5
79.6762340158901 63.8283946333579 5
80.1789695045196 65.1566398936387 2
81.5818002541283 65.3802962403457 2
82.083374157562 66.7092765083843 2
83.4859316702324 66.9351541562273 2
45.1460461434265 0.990454648204512 2
46.5483830615053 1.21840567194366 2
47.0492430532283 2.54814634132423 2
48.451434027031 2.77770929047826 2
48.9529358422421 4.10731534188769 2
50.3550728138205 4.3377898096544 2
50.8578453656352 5.66689236254229 2
52.2600276035522 5.89747501271135 2
52.7645300831951 7.22576947999598 2
54.1668448947894 7.45573323191562 2
54.6732476988921 8.78306681032406 2
56.0757574778518 9.01185711330978 2
56.5839020054966 10.3382646394623 5
57.9866360288683 10.5655373437066 2
58.4960762214329 11.891220751101 5
59.8990276028823 12.1168400662176 5
60.409145859107 13.4420970285619 5
61.8122767731531 13.6661036302641 1
62.3224399403595 14.9912333841813 1
63.7256930928505 15.2138006260076 1
64.2353715743837 16.5390429856049 1
65.6386788131217 16.7604420723913 1
66.1474777003314 18.0859738461598 1
67.5507605382562 18.3065706665574 1
68.0583816321637 19.6325354233562 1
69.4615671807367 19.8527057187472 1
69.967757489259 21.179245438172 1
71.3707924470771 21.399335954458 1
71.8754445589191 22.7265487910008 1
73.278291169833 22.9468957994273 1
73.7815412561641 24.2747834801658 1
75.1841741726424 24.4957579062476 5
75.6863691512385 25.824227450539 5
77.0887746047557 26.046233722255 5
77.5904230056012 27.3751101899695 5
78.9926039316728 27.5985084038079 2
79.4943194477139 28.9275542940163 2
80.8963010009007 29.1525509508872 2
81.3987509487472 30.4814840553857 2
82.8005819944514 30.708070694227 2
83.3044220234608 32.0365898896551 2
84.7061714544756 32.2645307429486 2
85.2119134817868 33.5923711044609 4
86.6136589453223 33.8212291119175 4
87.1215164333895 35.1482375275738 4
88.5233261691014 35.3775197113573 4
89.0331476414138 36.7037000182075 4
90.435063782146 36.9329826543515 5
90.9463889525163 38.2584895905223 3
92.3484226123225 38.4874367825718 1
92.860625529199 39.8125195785145 1
94.2627586135837 40.0408826805809 1
94.7751793541258 41.3658168185129 1
96.1773770157564 41.5934200238149 1
96.6894212091205 42.9184506723099 1
98.0916467934945 43.1451745923012 1
98.6028194444757 44.4704941575417 1
100.005044816154 44.6962781738601 1
100.514922550863 46.0220415923266 1
101.917128451676 46.246907081394 1
102.425347626845 47.5732538151083 1
103.82751863726 47.797292469404 1
104.333952609548 49.1242863824437 1
105.736078671316 49.3476538890892 1
106.240895053629 50.6752542166508 1
29.9614099757527 50.8981127472974 1
30.4649964919339 52.2261897141581 1
31.8670537139637 52.4486825104813 1
32.3699358840887 53.7770488797289 3
33.7719729814674 53.9993724333045 3
34.2747430379292 55.3278149240036 3
35.6767568675225 55.5502355827665 3
36.1800296627918 56.8785298768012 0
37.5820139735401 57.1013487770281 0
38.0863872157274 58.4292709692891 0
39.4883364492681 58.65279941972 0
39.9943028895351 59.9801577933727 0
41.3961841867356 60.2048261760103 0
41.9038823456727 61.531641685977 0
43.3057686307614 61.7571115045926 0
43.8151477031888 63.0833259119807 0
45.2170735030164 63.3095174195602 0
45.7279272350397 64.635191149039 0
47.1299436326331 64.8620908218485 0
47.6421840131836 66.1872569319887 0
49.0441713654475 66.4149526571192 0
10.7162202180682 0.465709619993164 3
12.1181564951774 0.694060734134647 3
12.630972055379 2.0190779499261 3
14.0328345171 2.24789166097352 3
14.5450695782219 3.57317996931368 3
15.9468435256154 3.8022326124667 1
16.4579589458315 5.12799539627245 1
17.8596444645757 5.35703423257274 1
18.3691496624579 6.68344254211479 5
19.7707598257795 6.91219151080764 1
20.2783616910758 8.23933216798642 5
21.6799352367225 8.46744719260714 1
22.1856532133698 9.79526873248522 1
23.5872510053583 10.0223929085709 1
24.0913994587753 11.3507201364747 1
25.4930847289417 11.5766158785656 1
25.9961999489323 12.9052051140987 1
27.3980236995995 13.1298052516881 3
27.9007450258635 14.4583925999733 3
29.3027455145731 14.6817478862009 3
29.8057191783403 16.0100869788586 3
31.2079139530115 16.2323750270652 0
31.7117153032701 17.5602654095123 0
33.1141008749301 17.7817708386789 0
33.6191669671969 19.1090791218643 0
35.0217207690937 19.3301672838458 0
35.5282956399497 20.6568456410092 0
36.9309777724368 20.8779308635952 0
37.439103207036 22.2040132982532 0
38.8418634483343 22.4254958143581 0
39.351416578405 23.7510665107784 0
40.7542065674833 23.9732742802049 0
41.2648905616309 25.2984600814449 0
42.6676560098949 25.5216942595879 0
43.1790231210706 26.8466775269408 0
44.5817008935597 27.0712082936631 0
45.0932338282519 28.3962064373745 0
46.4957694266903 28.6221994102533 0
47.0069277642821 29.9474489085518 4
48.4092814671381 30.1749367133009 4
48.9195195712756 31.5006841537169 4
50.3216702039793 31.7295586206955 4
50.8304882932764 33.0560286914003 2
52.2324422023587 33.2860216658806 2
52.7394854668497 34.613355896914 2
54.1412805728493 34.8440401366682 2
54.6464582929223 36.1722348386914 2
56.0481660807039 36.4030077579985 2
56.5517029852477 37.7318858745941 2
57.9534200795106 37.9620218248607 2
58.455786072609 39.2912770357912 2
59.8576139414371 39.5200875207892 2
60.3594266528607 40.8493656405661 2
61.7614502234968 41.0763652821989 2
62.2633731926894 42.4053333732692 2
63.6656569368511 42.6302792664555 2
64.1683139380247 43.9586671290021 4
65.57089826094 44.181590842489 4
66.0747646153706 45.5092391396035 4
67.4776599032758 45.7304280663573 4
67.982976457109 47.0573086125316 0
69.386159748176 47.2772062591031 0
69.8929018179965 48.6034107881113 0
71.2963245782592 48.8225211098973 0
71.804244899885 50.1482211058987 0
73.2078372888239 50.3670330788754 0
73.7165631556836 51.6924263840769 0
75.1202439120058 51.9113681670868 0
75.6293563623363 53.2366486407112 0
77.0330384957067 53.456116372393 0
77.5420981082973 54.7814815461137 0
78.9456880157173 55.0019093255934 0
79.4542514307703 56.3275663378301 4
80.8576600855362 56.5494092447118 4
81.365299619921 57.8755734742604 4
82.7684563235266 58.0992425943541 4
83.2748001312875 59.4261212446538 2
84.6776674165529 59.6518851740987 2
85.1824867525205 60.9796230137201 2
86.5850723326116 61.2074870504061 2
87.0883675040661 62.5360993594902 2
88.4907233899345 62.7657353573716 2
88.9927558813331 64.0950738835648 2
90.39496554654 64.325862404838 2
90.8962251017215 65.6556346911222 2
92.2983883158836 65.88677359236 2
92.7995036072049 67.2165987833353 2
55.3609386734695 0.173001729597712 2
55.8625585958248 1.50248685435046 2
57.2649280066759 1.73179470192303 2
57.7676176980533 3.06060238524462 2
59.1702150234969 3.28803406098992 2
59.6743469649974 4.61595193974253 2
61.0772273081046 4.84123800410639 2
61.5828970650655 6.16823369845718 2
62.9860831133095 6.39141923426599 2
63.49311110361 7.71763144738315 5
64.8965849974486 7.93901292924286 5
65.4045800712849 9.26468710944233 5
66.8082813452106 9.48469515189968 3
67.3167480033072 10.8101016590776 3
68.7205873179448 11.0291889422254 3
69.2290331105055 12.3545703557694 1
70.6329149177008 12.5731480669614 3
71.1409118605041 13.8987049812827 1
72.5447494666223 14.1171333214453 1
73.0519328804265 15.4430448214366 1
74.4556437599634 15.6617063055872 1
74.9616971783078 16.9881474347611 1
76.3652026856617 17.2075102953687 5
76.8698893135662 18.5346365995884 5
78.2731303378023 18.7552364555791 5
78.7763699705901 20.0831449348486 5
80.1793186486685 20.30550116797 2
80.6812761392004 21.6341755827891 2
82.0839375999268 21.8586415144419 2
82.5850271763175 23.187931105057 2
83.9874381461518 23.4145699117552 2
84.4882548160487 24.74420914235 2
85.8904779759208 24.9727569651727 2
86.3917016199049 26.3024065421012 2
87.7938182767464 26.5323123357819 2
88.2961146462451 27.8616062224696 2
89.6982212148593 28.0921224200089 2
90.2021386817544 29.4207208101971 2
91.6043292750338 29.6510773628591 2
92.1101614786748 30.9787575640403 2
93.5125115030646 31.2083138450584 2
94.0202243019462 32.5350338502536 2
95.4227802464115 32.763331596419 5
95.9320227878408 34.0892311744826 5
97.3347950224647 34.3160127521575 5
97.8449892908564 35.6413609595608 1
21.5663837279739 35.8665527171343 5
22.0768724146047 37.1916588413017 1
23.4799803340665 37.4153364519988 1
23.9901717860252 38.7404693765975 1
25.3933631833513 38.9628223125114 1
25.9028000883307 40.288183321201 1
27.3060070724664 40.5094994138847 1
27.8143524992369 41.8352407537763 1
29.2175004317782 42.055896579702 1
29.724481323639 43.3821575758634 1
31.1275087477947 43.6025167777237 1
31.6329429968794 44.9294184030225 1
33.0358072367397 45.1498053791031 1
33.5397447875546 46.4773828315779 1
34.9424182746292 46.6981236418983 1
35.4451360871497 48.0263161180996 5
36.8476016150545 48.2477803409852 5
37.3495529928956 49.5764431031931 5
38.7518031136791 49.7990171939837 5
39.2535613785201 51.1279406163885 5
40.6556044506944 51.3519352110538 2
41.1578125011839 52.6808625295246 4
42.559679657251 52.906421849931 2
43.062993548996 54.235071295209 4
44.4647422164381 54.4621047440698 4
44.9697402219209 55.7901998745865 4
46.3714456414684 56.0183928266791 4
46.8784746738305 57.3457316683651 4
48.2802109496814 57.5746320998214 4
48.7892882483809 58.901148633488 4
50.1911111683094 59.1303183870239 4
50.7019089985664 60.4560999126181 3
52.1038447148262 60.6851828569067 3
52.615815643893 62.0104328988533 3
54.0178570962013 62.2391574679041 1
54.5303641303498 63.5641361456109 1
55.9324763554161 63.792303273532 1
56.4448811871735 65.1172747522305 1
57.8470260590999 65.3447286304377 1
58.3587812443814 66.6699112282964 1
59.7609279771728 66.8965368654547 1
21.4307854324574 0.947889458291804 1
22.8329150580382 1.17363172885127 1
23.342029272184 2.49973051613048 1
24.7441295073074 2.72461097714192 1
25.2514528769478 4.05134777533463 1
26.6535187602895 4.27543646269687 1
27.1590931301325 5.60281060296078 1
28.5611274712401 5.82624520321044 1
29.0652608066169 7.15415679886859 1
30.4672782356262 7.37706686519119 1
30.9704536725678 8.70534295907387 1
32.3724695954232 8.92787661010493 3
32.8752607578214 10.2563093933011 3
34.2772793332522 10.4786859560427 3
34.7802902850282 11.8070573692676 3
36.1823065381517 12.0295564345552 0
36.6861306110364 13.3576513470424 0
38.0881393158998 13.5805663985971 0
38.593302848883 14.9081928028322 0
39.9953039424882 15.1317831781178 0
40.5021819796613 16.4588051754734 0
41.9041813327937 16.6832493791943 0
42.4129102366463 18.0096162585184 0
43.8149181066573 18.234964802768 0
44.3253652868302 19.5607203080727 0
45.7273841915026 19.7869620182499 0
46.2391622463882 21.1122476664713 0
47.6411744969918 21.3393637701259 0
48.1537552178235 22.6643808345105 0
49.5557309843923 22.8922951613469 3
50.06855011105 24.2172672078927 3
51.470458237935 24.4458398439908 3
51.982951831276 25.7709934764311 3
53.3847693169361 26.0000317910224 3
53.896383691845 27.3255835239323 5
55.2981022485478 27.5548475484388 1
55.808313312176 28.880988443759 5
57.2099399022882 29.1102044207262 5
57.7183398265494 30.4370698035058 5
59.1199022216292 30.6659009566413 5
59.6263673254032 31.9935006803921 1
61.0279211035859 32.2215410719898 1
61.5326391987558 33.5497429568512 5
62.9342544012103 33.776627120838 1
63.4376758205431 35.105200286639 5
64.8394154595256 35.3307367784974 1
65.3421505391696 36.6594134616881 3
66.7440637876522 36.8835689643263 3
67.2467719364734 38.2120840791056 3
68.6488903787669 38.4349584288015 3
69.1521906954934 39.7630859323309 0
70.5545225545672 39.9849095741283 0
71.0589174810902 41.3124867143834 0
72.4614496022138 41.5335915628038 0
72.9672624399589 42.8605380746659 0
74.3699620010998 43.0813302745572 0
74.8773099932048 44.4076539132466 0
76.2801272647194 44.628569947053 0
76.7889479453398 45.9543445323095 0
78.1918281095953 46.1757736447096 0
78.7019015747771 47.5011101481431 0
80.1047909045522 47.7233830590421 0
80.6157268318024 49.0484420098147 0
82.0185600758 49.2718735878534 0
82.5298673761148 50.5968587298715 0
83.9325799846354 50.821704731788 0
84.4437324165055 52.146843115612 0
85.846273376395 52.3732403189332 4
86.3567323528845 53.6987751902343 4
87.7590675104988 53.9267208075771 4
88.2683114750274 55.2528944784919 2
89.6704316525955 55.4822231636578 2
90.1780405625718 56.8092236597226 2
91.5799694695652 57.0395889011627 2
92.0857370777749 58.3674814312108 2
93.4875321419617 58.5983607811103 2
93.9915560330465 59.9270408555306 2
95.3933059916158 60.157738087525 2
95.8959679572767 61.4869433627597 2
97.2977765434131 61.7167005437461 2
97.7996448645778 63.0460805591077 2
99.2016087373116 63.2742573982449 2
99.7033341026158 64.6034570660168 2
101.105528892549 64.829645378646 2
101.607758271417 66.1583539835718 2
103.010239712764 66.3824120060119 4
64.6727312088084 0.436201406276515 3
66.0755286477907 0.658279799265776 4
66.5801759676677 1.98549830072657 4
67.9832838360068 2.20597428099909 0
68.4893308468849 3.53247966625527 0
69.8926955468734 3.75187846578465 0
70.4000176584476 5.07780563090374 0
71.8035809119129 5.29665147659332 0
72.3118592676997 6.62218918731861 0
73.7155448755277 6.84094052812331 0
74.2243771311302 8.16628351024214 0
75.6281037628139 8.3853279954045 0
76.1370599883336 9.7106654990386 0
77.5407437971884 9.9303728514513 0
78.0493708118472 11.2559043423527 0
79.4529284055628 11.4766577099166 4
79.9607675761584 12.8026206211554 4
81.3641070718481 13.0249343449128 4
81.8707694011877 14.3515394943096 2
83.2738305460023 14.575825178829 2
83.7790406891728 15.9032430917473 2
85.1818066036415 16.129700640372 2
85.6854863190681 17.4580011884224 2
87.0879876318294 17.6865110547606 2
87.5903112719768 19.0156115667051 2
11.3110468248516 19.2457142816831 2
89.494001376176 20.5753756834158 2
13.214632418111 20.8063611912188 2
13.7156715510415 22.1362306701045 2
15.1178699109018 22.3672491178985 2
15.6192238624485 23.696927633805 2
17.0215194682546 23.92712420129 2
17.523795901334 25.2562432872645 2
18.9262768550421 25.4849101905673 2
19.4299313837057 26.8131950894989 2
20.8326658860441 27.0398795249805 2
21.3378962396973 28.3672194061978 2
22.7409245731393 28.5917742895121 2
23.2476363150076 29.9182443470092 2
24.6509628514049 30.1408091932144 5
25.1588118607177 31.4666282458928 5
26.5623978681012 31.6875466825732 5
27.0708943532602 33.0129916196844 5
28.474662797587 33.2326960632418 3
28.9832881095917 34.5580307503808 1
30.3871428207948 34.776955087171 3
30.8954344907994 36.1023998291096 1
32.299282506722 36.3209307805537 1
32.8068561591476 37.6466696843935 1
34.2106132506506 37.8651728154605 1
34.717142211997 39.1913787626932 1
36.1207275421946 39.4102766561032 1
36.6259480929105 40.7371118418709 1
38.0292935261865 40.9569082467874 5
38.5330651199581 42.2844925028999 5
39.9361293026619 42.5057253973632 5
40.4385315723268 43.8340850453721 5
41.8413020083276 44.0572180128504 2
42.3426679957234 45.3862525628129 2
43.7451641251359 45.6115326985448 2
44.2460317201115 46.9410221040111 2
45.6483030821481 47.1683883414572 2
46.1493311579216 48.4980245103504 2
47.5514487907319 48.7271014449002 2
48.0533184191689 50.0565322213646 2
49.4553709293711 50.2866896775035 2
49.9586969868203 51.6155610965652 2
51.3607814131194 51.8460342179117 2
51.8659752810585 53.1740668124499 2
53.268177293544 53.4041484683699 2
53.7753352398854 54.7312219502418 2
55.1777166759082 54.9603624517792 2
55.6866040634231 56.2865444340209 5
57.089193708782 56.5143769872497 5
57.5993038757654 57.8398905838562 5
59.002092991351 58.0662338008575 1
59.5127758296355 59.391380794511 1
60.9157256448443 59.6162124748647 1
61.4263417050976 60.9412845336299 1
62.8293977012508 61.1647086073209 1
63.3394238302825 62.4899347149873 1
64.7425259856823 62.7121558518359 1
65.2515706807337 64.0377059519236 1
66.6546529472405 64.2590326336375 1
67.1624159895314 65.5850464473387 1
68.5654115404108 65.805854962885 1
69.0716541382185 67.1324659230846 1
31.6337290729066 0.0788776024907275 1
32.1384058566219 1.40615527510859 1
33.541099050731 1.62689145496273 1
34.0444078008294 2.95480829287036 1
35.4469171374287 3.17597349555816 5
35.949248176837 4.50441568913649 5
37.3515627202696 4.7263709253439 5
37.8534432025867 6.0551561873218 5
39.2555613446704 6.27825061848122 5
39.7576057046942 7.60714504041471 4
41.1595450993711 7.83162219264183 4
41.6624149115023 9.16035349328622 4
43.06421656855 9.3862836576594 4
43.5685442812735 10.7145700691492 4
44.9702689553099 10.9418189820884 4
45.4765257245321 12.2694249488776 4
46.8782427637926 12.4976591934457 4
47.3865970115229 13.8244621026967 4
48.7883667259039 14.053271284212 4
49.298631661562 15.3792981074574 4
50.700488319362 15.6083178752594 3
51.2121798163799 16.9337331444141 3
52.6141287579988 17.1626603245044 3
53.1266199727083 18.4877089258211 3
54.5286410948585 18.7163014347048 1
55.0412875005758 20.0412467334516 1
56.4433469379062 20.2693147867372 1
56.9555708103407 21.5943907463953 1
58.3576358230517 21.8217818671059 1
58.8689416254361 23.147177452681 1
60.270990689105 23.3737785303462 1
60.780934870935 24.6996518510584 1
62.1829569071864 24.9254146800373 1
62.6911726104788 26.251899673839 1
64.0931645872475 26.4768222814724 1
64.599556872573 27.8039601154798 1
66.0015259486779 28.0280988337849 1
66.5062963948827 29.3558246276619 1
67.9082566287062 29.5792947955781 1
68.4118316056012 30.9074558494943 1
69.8138037172425 31.130370537455 1
70.3167344540275 32.4587637923333 3
71.718731747446 32.6812897204012 3
72.2216183462574 34.0096967406367 3
73.623641132719 34.2320769665496 3
74.1270843568442 35.5602812230581 0
75.5291255802485 35.7828070470312 0
76.0336811925125 37.1106092939217 0
77.4357338445003 37.3335746609633 0
77.9418413521624 38.6608201100495 0
79.3439013197999 38.8844793979925 0
79.8518003190584 40.2110884564387 0
81.2538689763747 40.4355969616804 0
81.7635419602093 41.7615773265625 0
83.1656220568018 41.9869827163935 0
83.6768025121328 43.3124319317058 0
85.0788807790766 43.5387665219403 0
85.5910997261198 44.8638618063037 0
86.993147193606 45.0911202438626 0
87.5058612163013 46.416075310223 0
88.9078443557641 46.6441733154407 3
89.4204899723605 47.9692153074452 3
90.8223809400788 48.1979968677155 3
91.3343954717811 49.5233515226727 3
92.7361786597823 49.7526009303003 3
93.2470160376403 51.0784772736704 5
94.6486922654132 51.3079276554088 5
95.1578724767399 52.6344948691059 5
96.5594595849789 52.8638289808162 5
97.0667177470645 54.1911599608145 5
98.4682618758164 54.4199640996924 1
98.9736504158583 55.7479831529011 5
100.375221412263 55.9758077775163 5
100.879083862927 57.3043109079074 5
102.280755995256 57.5308163572875 5
102.783649299255 58.8595356387788 5
104.185483238073 59.0845806226299 3
104.688063074423 60.4132369142558 3
106.090104764195 60.6368288255867 3
106.593026646202 61.9651691270558 0
107.995300145982 62.1874610745062 0
108.499132638954 63.5152906740806 0
109.901640086947 63.7365538813538 0
110.406796374948 65.0637563627009 0
111.8095278573 65.284323143332 0
112.316217245786 66.6108696686323 0
113.719218623134 66.8310799139787 0
75.3856175233833 0.883223407470392 0
76.7884195383588 1.10414979303986 0
77.2978255902693 2.42979439412228 0
78.7006533113624 2.65222448638496 0
79.2113555853286 3.97717274149472 0
2.93277327781874 4.1994580555854 0
3.44387145280145 5.52440248078134 3
4.84676039121144 5.74801701529226 0
5.35784428459228 7.07306151535739 0
6.76057653653153 7.29823471946223 0
7.27116406318728 8.62359003915116 4
8.67369407291531 8.85041700882454 4
9.18327074194567 10.1763218070651 4
10.585573849814 10.404746849136 2
11.093677480877 11.7314196260456 2
12.4957613759241 11.9611976437217 2
13.0020954291023 13.2887634002543 2
14.4040032658123 13.5194557312022 2
14.9085400425143 14.8478845325586 2
16.3103485097709 15.0788648338541 2
16.8133640730921 16.4079540593736 2
18.215173784166 16.6384560457667 2
18.7171734048502 17.9678786591911 2
20.1190881705583 18.1971507579541 2
20.6207003618289 19.5265373025015 2
22.022806713972 19.7540121077964 2
22.5246859820629 21.0830197231336 2
23.9270506736767 21.3083807747852 2
24.4297976970152 22.6367374275009 2
25.8324653431794 22.8599692061695 4
26.3365104377101 24.1875289384311 4
27.7394949748016 24.4088943868466 4
28.2450102325249 25.7356599087228 4
29.6482934456749 25.9556012308312 0
30.1551778751951 27.2817015474788 0
31.5587104680664 27.5007254743919 0
32.0666538964904 28.8263598608271 0
33.4703594756689 29.0449539456449 0
33.9789499571839 30.3703365009404 0
35.3827417995226 30.5889259328691 0
35.8915449653981 31.9142579588764 0
37.2953343216146 32.1332333514225 0
37.8039183943974 33.4587124877134 3
39.2076114390406 33.6785079161541 0
39.7155533398753 35.0043381664647 4
41.1190592958241 35.2254371206659 4
41.6259646142398 36.5518251798731 4
43.0292106728481 36.774697795497 2
43.5347649759331 38.1018312009191 2
44.9377131720985 38.326824921119 2
45.4417658849677 39.6548184839611 2
46.8444244615859 39.882018325937 2
47.3470613664974 41.210853766969 2
48.7494815616976 41.4399974577717 2
49.2510392295107 42.7694977777662 2
50.6533016849361 43.0000052168979 2
51.1543211690829 44.329858634498 2
52.5565223599953 44.5609489807943 2
53.0576550860127 45.8907675241732 2
54.4598979992958 46.1215689720968 2
54.9617842115691 47.4509636677419 2
56.3641649500719 47.6806685821126 2
56.867327496457 49.0093172973258 2
58.2699261627678 49.2373143955633 2
58.774661714984 50.5650326864065 2
60.1775324769824 50.7909912927296 2
60.6838448286138 52.1177799882084 2
62.0870098878262 52.3416666557853 2
62.5946244591481 53.6676977729922 5
63.9980667946437 53.889729785156 5
64.5065164822907 55.2152733575268 5
65.9101778406828 55.4358244163335 3
66.4189302828377 56.7611595407411 1
67.8227220710062 56.980658501639 1
68.3312810422176 58.3060263437362 1
69.7351066504411 58.5248859502906 1
70.2430594626181 59.8504817362176 1
71.6468311136491 60.0690707237563 1
72.1538367078927 61.3950664425801 1
73.5574737658038 61.6137646812536 1
74.0632460195629 62.9403258271572 1
75.4666754530728 63.1595854511869 1
75.9710195413485 64.4868515062225 1
77.3741900133599 64.7071872231613 5
77.8771019918148 66.0352222273765 5
79.2799860999096 66.2571481228604 5
40.940929266802 0.311685839154359 2
42.3435285865671 0.535588743380966 2
42.8445455171045 1.86488012051007 2
44.2468938425417 2.09089462050807 2
44.7478257596123 3.42045343185473 2
46.1499822572861 3.6484050441881 2
46.6515153758592 4.97789836166499 2
48.0535571487903 5.20732360728414 2
48.556349470323 6.53639887275048 2
49.9583692989454 6.76661671937245 2
50.4629391138199 8.0949561348609 2
51.8650279995708 8.32523330780252 2
52.3716015136492 9.65264657577877 2
53.7738318243721 9.88236318553945 2
54.2822950999222 11.2088425788616 5
55.6847112133233 11.4375417243039 5
56.1946460975223 12.763254028739 5
57.5972566344894 12.9906512227908 5
58.1080436515604 14.3158763954513 1
59.5108230312089 14.5418483725968 1
60.0217934616697 15.8668907058127 1
61.4246948228847 16.0914483297119 1
61.9352644896702 17.4165643519976 1
63.3382336546935 17.6398279152193 1
63.8479548158677 18.965207043934 1
65.2509356481227 19.1873941879883 1
65.7594676172437 20.5131845185809 1
67.1623986143466 20.7346225085755 1
67.669466779766 22.0609591341763 1
69.072292637833 22.2820044874991 1
69.5777623053168 23.6089855054731 1
70.9804462803381 23.8299295073477 1
71.484429850087 25.1575603561767 1
72.8869540632121 25.3786774754862 1
73.3897744316996 26.7068744575028 1
74.7921283044036 26.9284784791283 5
75.2942632285691 28.2570854495424 5
76.6964393145628 28.4795249729857 5
77.1984672699799 29.8083321707502 5
78.6004693023817 30.0319194273583 4
79.1030333009124 31.3606754271062 4
80.5048863538764 31.5856004226672 4
81.0086363493966 32.9140308003552 4
82.4103870923958 33.1403074765586 4
82.9158771960524 34.468158630608 4
84.3175880574626 34.6955990410091 4
84.8251268996932 36.0227001045466 4
86.2268599705268 36.2509616633048 4
86.736424493599 37.5772752634073 4
88.1382239203113 37.8060015902341 4
88.649448932891 39.1316358629423 3
90.0513307797805 39.3605208667588 3
90.5636404612331 40.6856886394662 3
91.9655944269665 40.9144720136446 3
92.4783453421531 42.2394298626533 1
93.8803423528219 42.4678979917265 1
94.3929265336551 43.7928928985857 1
95.7949328108209 44.020866877205 1
96.3068185190984 45.3461076585734 1
97.7088088232022 45.5734339737578 1
98.2195240420117 46.8990922778641 1
99.6214864263101 47.1256591498418 1
100.13059960416 48.4518867755359 1
101.532530354548 48.6776362234755 1
102.039805761469 50.0045185586173 1
103.441715051756 50.2294192416687 1
103.947225338333 51.5569306059108 1
105.349130920342 51.781033034507 1
105.853222027265 53.1090480393958 1
107.255146210647 53.3324460411626 1
107.758335859064 54.6607705493362 1
109.160300457179 54.8835812090897 3
109.663184491533 56.211993497644 3
33.3836288998105 56.4344084511604 3
33.8868199527696 57.7626849573895 3
35.2888803002973 57.9849662336519 0
35.7929690875404 59.3128933458853 0
37.1950655376365 59.5353390390354 0
37.7005796403423 60.8627243288149 0
39.1026935213239 61.085678283889 0
39.6100089314941 62.412358259645 0
41.0120048905179 62.6367809737136 0
41.5207592157034 63.963138062019 0
42.9227982774272 64.1878385421786 0
43.4326137256563 65.5137654538541 0
44.8348777876184 65.7390212279671 0
45.346636303971 67.0642337480971 3
7.90802249164438 0.0163844640569499 0
8.42054462148432 1.34135200674968 0
9.82263359203325 1.56875929808861 0
10.3353255589668 2.89372123703254 0
11.7373140781127 3.12203199062679 3
12.2496160515069 4.44721769339589 3
13.6514864657041 4.67624092594349 3
14.1628417618888 6.00187275658252 5
15.5645887482177 6.23135925964537 5
16.0744794581424 7.55763061994455 5
17.4761145660238 7.78727753161206 5
17.9841575660177 9.11431516124648 5
19.385715415157 9.34373252682069 5
19.8918209206374 10.6715265984726 5
21.293365051048 10.9002295908818 5
21.7977547277911 12.2286203924787 5
23.1993646029757 12.4561466032758 5
23.7025129022573 13.7848760165204 5
25.1042617471285 14.0109402003303 5
25.6067951349109 15.3397208835154 5
27.0087396574244 15.5642304722029 3
27.5113272525006 16.8927867001221 4
28.9135049597091 17.1158084636229 0
29.4167623725595 18.4439148471536 0
30.8191844512086 18.6656707858966 0
31.323588103211 19.9931792834029 0
32.7262418292299 20.2140110842881 0
33.2320729418961 21.5408639764179 0
34.634923648038 21.7612029235274 0
35.1422562641871 23.0874312125821 0
36.5452484445258 23.3077430744881 0
37.0539745969337 24.6334431959965 0
38.4570478538568 24.8541523526765 0
38.9669069745001 26.1794562280837 0
40.3699989585964 26.4009319117373 0
40.880590203544 27.7260079950605 0
42.2836265942883 27.948604804388 0
42.7944616830765 29.2736588293276 0
44.197370469889 29.4976859456287 0
44.7079368675969 30.822943569629 4
46.1106591243143 31.0486117216105 4
46.6204361222619 32.3743139422438 4
48.0229312647454 32.6016958058405 4
48.5314264069524 33.928080634013 2
49.9336830408486 34.1570622318485 2
50.4405256617012 35.4843064210834 2
51.8425711817792 35.7145534190766 2
52.3476214031514 37.042698771323 2
53.7495186005831 37.2736744393924 2
54.252934333366 38.6025896820955 2
55.6547759273396 38.8335734560575 2
56.1569827383811 40.1629741442851 2
57.5588747304548 40.3931641272527 2
58.0604636650229 41.7226836295721 2
59.4625037985769 41.9513713555688 2
59.9641242466753 43.280643395557 2
61.3663893110888 43.5073428124062 2
61.8686722911288 44.8360504343338 2
63.2712204851819 45.0605586799343 2
63.7746735686103 46.3884918224411 2
65.1775369349444 46.6109192405604 4
65.6824330952864 47.9380196164668 4
67.0856122105398 48.1587221520964 4
67.5919437804326 49.4850796554055 4
68.9954053193411 49.7045427643265 0
69.5029202882617 51.0303444694764 0
70.9065972581787 51.2490715735228 0
71.4148987094345 52.5745398875563 0
72.8187044490658 52.7929886574915 0
73.327351310994 54.1183367821741 0
74.7311968867827 54.3369031354549 0
75.2397553773645 55.6623293191328 3
76.6435498245791 55.8814135752937 3
77.1515994461194 57.2071170318895 3
78.5552486948526 57.4271859867357 4
79.062391080554 58.7533695798741 4
80.4658112530139 58.9749257657806 4
80.9717065247246 60.3017838478046 2
82.3748403725685 60.5252831733993 2
82.8792797036094 61.8529617602957 2
84.2821124544053 62.0786745272027 2
84.7850996724702 63.4072110003356 2
86.1876623218556 63.6350918134418 2
86.6894528571735 64.9643722591466 2
88.09181159265 65.1940232108535 2
88.5928863344043 66.5237860755288 2
89.9951285717449 66.7545337891801 2
51.6553294723007 0.810203098163778 2
53.0575549991995 1.0412185129353 2
53.5591131813345 2.37082254679967 2
54.9614236502568 2.60124562078006 2
55.4641294994272 3.93021554507205 2
56.866614812526 4.15931257219921 2
57.3708557035072 5.48740053450404 2
58.7735822853302 5.71467568537917 2
59.2794633060587 7.04180660400823 2
60.6824676286922 7.26705123281462 2
61.1897984319391 8.59333549429789 2
62.5930817518186 8.81661596481428 5
63.1014381173396 10.1422989772219 5
64.5049625882367 10.3638886319457 5
65.0138065789143 11.6892595967426 1
66.4174991120998 11.9095454487869 1
66.9263060592178 13.2348638106106 1
68.3300729718514 13.4542648685535 1
68.8383973626124 14.7797414790192 1
70.242146976295 14.9986446352256 1
70.749629093392 16.3244535897556 1
72.1532801671579 16.5432172233462 1
72.6596189201445 17.8695220798625 1
74.0630974517854 18.0885426642351 1
74.5680564125639 19.4154958860526 1
75.9713045145247 19.635239003674 5
76.4748003802059 20.9629376430805 5
77.8777798559302 21.1839148561756 5
78.379971407913 22.5123508983345 2
79.7826664592007 22.7350350086301 2
80.2839501678202 24.0640806566253 2
81.6863765470797 24.2887714942329 2
82.1873290876295 25.6181932958323 2
83.5895321703653 25.8449154569611 2
84.090827537778 27.1744063789533 2
85.49287335548 27.4028814238348 2
85.9951919118918 28.7320998949886 2
87.3971641946911 28.9617883089889 2
87.9011074806688 30.2903970057221 2
89.30309913611 30.5205981258911 2
89.8090280052037 31.8483474924826 2
91.2111209551764 32.0783892642009 2
91.7190546468621 33.4051937389131 2
93.1213067064549 33.6345440223285 5
93.6309355898664 34.9605015100049 5
95.0333726964894 35.1887863940484 5
95.5441381746063 36.5141375488861 5
96.9467502246642 36.7411400732933 1
97.4579803339642 38.066187911141 1
98.860729465579 38.2918283015985 1
99.3717874854764 39.6168543324093 1
23.0930540328467 39.8411674764561 1
101.284997312067 41.1663880654378 1
25.0062996426576 41.3895091331522 1
25.5156001605232 42.7150854135842 1
26.9184562128504 42.9372508118207 1
27.4263694304932 44.2633226775059 1
28.829153676573 44.4848739596882 1
29.3354662404885 45.8115599678032 1
30.7381339265048 46.0328150715168 1
31.2428661599873 47.360153731636 1
32.6453948259462 47.5813710671547 1
33.1487979136737 48.909307833543 1
34.5511786023011 49.1307527746597 1
35.0536801701781 50.459154992255 1
36.4559050892937 50.6811430430111 5
36.9580493684955 52.0098212191701 5
38.3601129599571 52.2326911733315 4
38.8625200028285 53.5614136050824 4
40.2644296602406 53.7854537089732 4
40.7677454866114 55.113962240347 4
42.1695270881278 55.3393378649791 4
42.6743283093215 56.6673923656786 4
44.0760379226529 56.8940194529622 4
44.5827325294789 58.2214172995568 4
45.9844351062587 58.4490345533173 4
46.4931457509561 59.7756786703963 4
47.8948964983084 60.0039524307876 4
48.4054239634637 61.3298825042726 0
49.8072544421063 61.5585134696762 3
50.3191384093201 62.8838850492528 3
51.7210504371712 63.1126301367594 3
52.2337171669593 64.4376654708942 3
53.6356737214355 64.6663259729698 1
54.1484689528438 65.9912886873233 1
55.5504350826558 66.2196719526435 1
17.2219948426697 0.27058089531536 1
18.623942246128 0.498506605811784 1
19.1353285895707 1.82397891737511 1
20.5372424746246 2.05128687574498 1
21.047203222502 3.37727373587951 1
22.4490799282836 3.60384933138318 1
22.9572533903611 4.93047680121895 1
24.3591016478663 5.15622708785992 1
24.8654215072809 6.48351340701029 1
26.2672646530529 6.70838901488557 1
26.771962582639 8.03624364086226 1
28.173826433056 8.26029253136396 1
28.6773634535795 9.58854038614295 1
30.0792753222232 9.81184530499846 1
30.5822289494256 11.1402669494885 3
31.9842080433326 11.3629683392145 3
32.4871909319712 12.6913376906104 3
33.8892413875082 12.9136599163164 3
34.3928491335081 14.241763328673 0
35.7949634448061 14.4639940663374 0
36.2997253390153 15.7916474665751 0
37.7018898830246 16.0141019386895 0
38.2081984019142 17.3411778582375 0
39.6103968252378 17.564158177619 0
40.1184382331069 18.8906087123627 0
41.5206569139123 19.1143438858784 0
42.0303827669526 20.4401985825445 0
43.4326118378329 20.6648161098949 0
43.9437508020128 21.9901791256695 0
45.3459664930684 22.2157940473301 0
45.8580680112057 23.5408408065085 0
47.2602329241003 23.7675249406108 0
47.7727673196607 25.0924683964581 0
49.1748444285987 25.3201920807123 0
49.6872515624186 26.645261613102 3
51.0892125134192 26.8738985136887 3
51.6009251821297 28.1993258479425 3
53.0027542932299 28.4286699193113 5
53.5132266972844 29.7546694937087 5
54.9149267200789 29.9844416351131 5
55.4236964614274 31.3111795510579 5
56.8252904557127 31.5410254176881 5
57.3321251296043 32.8685593263387 5
58.7336661707059 33.0980037187182 5
59.2386550733818 34.4262331851257 5
60.6402209229571 34.6547420442381 5
61.1437364345344 35.9834354216042 5
62.5454106360245 36.2105710136559 5
63.0480266258567 37.5394367954013 5
64.4498781930768 37.7649769740235 5
64.9522590372858 39.0937217487027 4
66.3543395500308 39.31762601174 4
66.8571395785601 40.6459922697337 4
68.2594757645464 40.8683958986035 0
68.7632416413812 42.1961988478018 0
70.1658331877553 42.4173886359347 0
70.6709309033494 43.7445340478836 0
72.0737543742556 43.9649121911873 0
72.5803388046351 45.2914001930849 0
73.9833464072214 45.5114348550238 0
74.4913694932346 46.8373456846232 0
75.8944987951548 47.0575008838578 0
76.4037471105196 48.3829640151029 0
77.8069364207371 48.60364459525 0
78.3170620911269 49.9288160644288 0
79.7202378743814 50.150397235633 0
80.2307883312429 51.475467131189 0
81.6338714115584 51.6983097456159 0
82.1443480624087 53.0234948199724 0
83.5472688032188 53.2478948766812 4
84.0571629195393 54.5734280997092 4
85.4598670796246 54.7995711189385 4
85.9686782019929 56.1256937017719 2
87.3711355758594 56.3536044522664 2
87.8784414289625 57.6805263843191 2
89.28065933617 57.9100051526124 2
89.78622573682 59.2378326922206 2
91.1882524607553 59.4684428412392 2
91.6921198602445 60.7971191425246 2
93.0940363345224 61.0282212835417 2
93.5965334618959 62.3575199085447 2
94.9984427846265 62.5883209688269 2
95.5001087730477 63.9178975242505 2
96.9021158544302 64.1475955624877 2
97.4035869941609 65.4770697919599 2
98.8057794173834 65.7050231368256 2
99.3076968137266 67.0340458797159 2
100.71014390371 67.2598659210367 2
62.3722850262521 1.31395667926505 2
63.7750347508831 1.53757035026101 2
64.2793267348399 2.86503267940316 4
65.6823974635959 3.08666854888606 4
66.1881302897643 4.41333425357292 4
67.5914998842397 4.6334364531836 4
68.0985138548078 5.9594628124592 0
69.5021281320933 6.17854680665865 0
70.0100775361365 7.50414930823945 0
71.4138559928214 7.72270308823128 0
71.9223076863293 9.04810338989698 3
73.3261622194842 9.26654244694233 0
73.8346778575785 10.5919421909293 3
75.2385224368953 10.8106348039648 3
75.7466797361039 12.1362273043727 3
77.1504261050839 12.3555753185666 3
77.6578139977769 13.6815620200182 3
79.0613748656845 13.90203670662 4
79.5676221968896 15.2286250642329 5
80.9709214744969 15.4507580679128 2
81.4757698395391 16.7781165590179 2
82.8787690354987 17.0023330428546 2
83.3821464874926 18.3305451548261 2
84.784854076428 18.5570135089579 2
85.2869327788422 19.8860261449456 2
86.6893978549871 20.1145633140006 2
87.1905924629945 21.4441708916745 2
88.5928906585811 21.6742601772508 2
89.0937929622372 23.0041352643516 2
90.4960166033685 23.2350321860956 2
90.9972942855369 24.564783745964 2
14.7179762212086 24.7956329922117 2
15.2202512154849 26.1248797912323 2
16.6226288502722 26.3548644045079 2
17.1263736704358 27.6833045020168 2
18.5289564777981 27.9117864458679 2
19.0343855652766 29.2392685369243 2
20.4372251212119 29.4658680546013 2
20.9442458297111 30.792429775773 2
22.3473610824281 31.0170431750809 2
22.8556072795102 32.3428881171974 5
24.2589801022369 32.5656525650416 5
24.7679187554333 33.8910700975146 5
26.1714944821255 34.1122875345047 1
26.6805648224393 35.4375607059394 1
28.0842601960203 35.6576209222204 1
28.5929757979419 36.9829812591754 1
29.9966959361563 37.2022932505296 1
30.5046668505283 38.5279258447331 1
31.9083248702011 38.7468633312778 1
32.4152348612858 40.0729307300449 1
33.8187540444938 40.291864960896 1
34.3243417600459 41.6185237198962 1
35.7276579854084 41.8378773896002 1
36.2317749908343 43.1652490225265 1
37.634843073313 43.3855005138127 5
38.1375656303613 44.713614629949 5
39.5403568959309 44.935260919574 2
40.0420029561068 46.2640333759358 2
41.4445155574277 46.487486642468 2
41.9455999486862 47.8167263471216 2
43.3478629454392 48.0421881494248 2
43.8490268866613 49.37162151903 2
45.2510947601565 49.5990016184477 2
45.7530205460991 50.9283064401821 2
47.1549667712375 51.1572299634772 2
47.6583019062605 52.4860681623346 2
49.0602164584732 52.7159315009968 2
49.5654429451293 54.0440109526356 2
50.9674148699966 54.2741289853928 2
51.474698272872 55.6012916506035 2
52.8767979066574 55.8310690666937 2
53.385953884436 57.1573359542103 5
54.7882228616512 57.386324598491 5
55.2987823146546 58.7118795590638 5
56.7012272093146 58.939782374355 5
57.212550349488 60.2649074830884 1
58.615144351548 60.491566558052 1
59.1265653612732 61.8165576958049 1
60.5292624359763 62.041929561903 1
61.0402052242026 63.3670326588125 1
62.4429563571527 63.5911717397983 1
62.9529738526451 64.9165685493106 1
64.3557325570968 65.1396245717098 1
64.8644716183827 66.4654614171933 1
66.2671908575692 66.6876919871172 1
27.9335816065366 0.739889981270013 1
29.3362131525216 0.961624297277924 1
29.841743608648 2.28868132107864 1
31.2442571093356 2.5101880596098 1
31.748309784165 3.83786898165481 1
33.1506962582324 4.05937771900008 1
33.653636603159 5.38757632453881 1
35.0558920696711 5.60934907313735 1
35.5582226809079 6.93789691732077 3
36.9603408430726 7.16024740206644 5
37.4626509656691 8.48893268975121 3
38.86463104396 8.71217535798057 4
39.3675569488763 10.0407540003729 4
40.7694155276499 10.2651194999558 4
41.2735813500135 11.593335763653 4
42.6753543554116 11.8189150880487 4
43.1812738524892 13.1465434372787 4
44.583011713525 13.3732515269479 4
45.0909507130831 14.700151670428 0
46.4927042870619 14.9277476090279 4
47.0026069743631 16.2539059882702 0
48.404410699015 16.4821156887724 0
48.9158969509789 17.8076523841172 3
50.3177589717085 18.0362306014687 3
50.8302528795043 19.3613577035007 3
52.232158945196 19.5900761789059 3
52.745034654665 20.9150398153486 3
54.1469549715833 21.1436926351369 1
54.659623584654 22.4687293064142 1
56.0615273343119 22.6971251796386 1
56.5734589553139 24.022440955381 1
57.9753262270297 24.2503950688276 1
58.4860323691754 25.5761656184187 1
59.8878575102281 25.8035159417568 1
60.3968970338089 27.1298931679953 1
61.7986847950258 27.3565034103048 1
62.3058498570623 28.6835531964641 1
63.7076243912483 28.9092921833595 1
64.2130147340739 30.2369633458603 1
65.6148088759478 30.4617800729399 1
66.1188000219016 31.7899227625602 1
67.5206449525462 32.0138617567065 1
68.0237823795181 33.3422638646606 1
69.4257063232307 33.5654141038869 3
69.9286022313419 34.8938437611707 3
71.3306196077054 35.1163771295643 3
71.8338855178017 36.4446116343451 0
73.2359951906973 36.6667827557289 0
73.7401926341708 37.9946251183552 0
75.142382452951 38.2167437110219 0
75.6479625979352 39.5440453623686 0
77.0502131880038 39.7664414359302 0
77.5574447489958 41.0931283680238 0
78.9597334633618 41.3161048047106 0
79.4686639093628 42.6421831967416 0
80.8709730497858 42.8659484529727 0
81.3814343802407 44.1914896286718 0
82.783743551782 44.4161938696179 0
83.2953657449033 45.7413418702283 0
84.697637758718 45.9671295671399 0
85.2099280818839 47.2920819200146 0
86.6121209133669 47.5190112627206 0
87.1245326609678 48.8439923461607 0
88.5266117958479 49.0720070996042 3
89.0385793559309 50.397251491122 4
90.4405213388308 50.626198443241 3
90.9514839376011 51.9519355975779 5
92.3532817662385 52.1815741200353 5
92.8627304494979 53.5079998437158 5
94.2643982734416 53.7380072314921 5
94.7719798124798 55.0652378300365 2
96.1735578515777 55.2951799505766 5
96.679220950718 56.6231843565029 2
98.0807797648334 56.8525074748976 5
98.5847824029824 58.1810987750754 5
99.9864096380252 58.4092509787841 5
100.489250161274 59.7381447765985 5
101.891028145684 59.964745017977 5
102.393346059374 61.2936344125914 5
103.795339018573 61.5185188721937 4
104.297808375269 62.8471178628701 4
105.7000604167 63.0703088261178 4
106.20328866139 64.3983938708123 4
107.605816688828 64.6200924280062 0
108.110251522663 65.9475310304452 0
109.513051090993 66.1680750330093 0
71.1781213185743 0.220629895288 3
72.5811771393001 0.440450107480151 0
73.0881361230472 1.76674120962444 0
74.4912507803819 1.98655898236282 0
74.9997160306093 3.31228397128244 0
76.4029225720956 3.5325400660094 0
76.9125292420291 4.85787640317202 0
78.3157404422398 5.07901607640285 0
78.8260712395195 6.40403716786779 0
80.2293033401333 6.62579892080215 0
80.7396818340589 7.95090210151043 0
82.1427884196311 8.17403124253402 0
82.6527420861696 9.49941335562718 4
6.37408194405162 9.72422982913069 4
6.8831340368841 11.0501170317566 3
8.28579939018559 11.2767778865873 2
8.79350529197564 12.6033929032906 2
10.1959119507044 12.8318530762788 2
10.7019642344909 14.1593504954901 2
12.1041414962266 14.3893041017176 2
12.6084735422886 15.7176982019903 2
14.0104891686297 15.9486020458617 2
14.513323590984 17.2777343022266 2
15.9152725678276 17.5088542753375 2
16.4170795406141 18.8384197185156 2
17.8190686643696 19.0689222546664 2
18.320461657337 20.398541298897 2
19.7225888022257 20.627660666589 2
20.2242143152817 21.9569592091028 2
21.6265576206413 22.1841387271994 2
22.1290204537169 23.5127991181957 2
23.5316407648439 23.7377708255812 2
24.0353902685064 25.0655976071793 2
25.438324440673 25.2884173595438 4
25.9435515911267 26.6153836205895 4
27.3468052434194 26.8363742427552 4
27.8534174788924 28.1626056213813 4
29.2569555040558 28.3822375851405 0
29.764636456029 29.7079493143518 3
31.1683866817441 29.9267202995932 0
31.6766986213241 31.2521515539325 3
33.0805696902738 31.4705156195059 3
33.5890536924393 32.7958869337871 3
34.9929546910476 33.0142341459648 3
35.5011812376305 34.3397436452451 3
36.9050223442098 34.5584642474546 3
37.4125901246478 35.8843066971449 3
38.8162787338583 36.103865832441 3
39.3228206602011 37.4302358592766 5
40.7262736293781 37.6511588275967 5
41.2315001065113 38.9782335594831 5
42.6346617293858 39.2010244939331 2
43.138433143255 40.5289227899716 2
44.5412906599069 40.7539205911621 2
45.0436921599031 42.0826464922096 2
46.4462765181928 42.3098838207637 2
46.9476452320581 43.6392921931807 2
48.350018414181 43.8684470103653 2
48.8508980884001 45.1982562306894 2
50.2531429885111 45.4287095936039 2
50.754187651514 46.7585513034588 2
52.1564023483962 46.9895028590026 2
52.6582669878252 48.3189848985614 2
54.060554178407 48.549581944778 2
54.5637802933215 49.8783619390471 2
55.966230473582 50.1078574392191 2
56.4711387943534 51.4357152934068 2
57.873817502263 51.663579048607 2
58.380425604776 52.9904744558672 2
59.7833673579051 53.216439318219 2
60.2913923576556 54.5425157655337 2
61.6945964839207 54.766569988676 5
62.2035361287396 56.0920966672045 5
63.606965803499 56.3144318660624 5
64.11623660358 57.6397085449979 1
65.5198243931686 57.8606445500454 1
66.0288930503053 59.1859275451404 1
67.4325500011431 59.4058584178922 1
67.9409897349855 60.7313476780841 1
69.3446242282809 60.9506689563273 1
69.8520976322797 62.276529803677 1
71.2556292248203 62.4956073594232 1
71.7618560611745 63.8219957233396 1
73.1652165267298 64.0412129220976 1
73.6699917792606 65.3682693057256 1
75.0731311147742 65.5880569087671 1
75.5764461471961 66.9158469342547 1
76.9793278997775 67.1366786486038 5
38.6406332619669 1.19094697717435 5
40.0432411810133 1.41328540828066 2
40.544553627466 2.74230808112322 2
41.9469001606584 2.9664872794103 2
42.4480350574521 4.29581127742804 2
43.8501605726262 4.52192695645685 2
44.3517938490656 5.85125177132634 2
45.753759569988 6.07911723552261 2
46.2565657809809 7.40811364808281 2
47.6584512683302 7.63728482072801 2
48.163009329566 8.96563629074291 2
49.5649034170505 9.19548875199923 2
50.071523435508 10.5229780207275 2
51.4735046792814 10.7528859792948 2
51.9821375291129 12.079460565496 5
53.3842594105815 12.3089165967783 5
53.8945321659367 13.6346982135743 5
55.2968161305488 13.8633325100905 5
55.8081354622634 15.1885698262122 1
57.2105691706236 15.4161462784838 1
57.7222592685197 16.7411364778974 1
59.1248058828349 16.9675335214457 1
59.636242256511 18.2925464083092 1
61.0388565115278 18.5177389061903 1
61.5495354162181 19.8429806721384 1
62.9521743900309 20.0670344423258 1
63.4617015356709 21.392660661748 1
64.8643256914682 21.6157399457406 1
65.3723687108086 22.9418913997793 1
66.7749363134318 23.1642674798241 1
67.2813087445939 24.4910462857763 1
68.6837821230355 24.7130077791801 1
69.1885599879374 26.040424687232 1
70.5909258201051 26.2621928670597 1
71.0944046924084 27.5901690908924 1
72.496662407271 27.8119588840871 1
72.9993006025986 29.140345454094 1
74.4014472384477 29.3624261532743 3
74.9038045306229 30.691027784949 3
76.3058346306218 30.9137136426479 3
76.8085279652949 32.2423026269264 4
78.2104452255673 32.4658828520974 4
78.7141039470382 33.7942129164755 4
80.1159298499203 34.0188790965843 4
80.621119095289 35.3467156680575 0
82.0228912456294 35.5725182034955 4
82.5299962663595 36.8996867682444 0
83.9317606245464 37.1265040261936 0
84.4408698916013 38.4529379643348 0
85.8426658857168 38.680543901153 0
86.3535475850289 40.006306202494 0
87.7553914650657 40.2344809665908 0
88.2675438742432 41.559747299173 3
89.6694292169879 41.7882803425078 3
90.1822445097345 43.113282840905 3
91.5841463607003 43.341969738868 3
92.0970209694766 44.6669486385543 3
93.4989079143121 44.8955931360911 1
94.0112866208301 46.2207688426025 1
95.4131343075869 46.449174217566 1
95.9245050082382 47.77473828818 1
97.3263038194141 48.0027094055122 1
97.8361842799851 49.3288294684419 1
99.2379360841775 49.5561933246352 1
99.7459841094436 50.8829826590437 1
101.14770833844 51.1095578746692 1
101.65388675148 52.4370110500939 1
103.055621008098 52.6626427998063 1
103.560189644706 53.9906414495378 1
104.96197237179 54.2152900158981 1
105.465422286607 55.5436364227777 1
106.867287759445 55.7673455616606 1
107.370221606033 57.095804103112 3
108.772195413023 57.3186851881338 3
109.275241309046 58.6470206430069 3
110.677332356312 58.8692763328803 0
111.181088027159 60.1972739886268 0
34.9017208476926 60.4191764297852 0
113.088279372223 61.7466560963392 3
36.8090086568387 61.96850077357 0
37.3156656303773 63.2953139783351 0
38.7180424562696 63.5173913418637 0
39.2267565888047 64.8432585117592 0
40.6286310830417 65.0680050176878 0
41.1367939282464 66.39460721534 0
42.5395015836803 66.6177995939232 0
4.20997390468855 0.668811871785855 0
5.61241943211626 0.893437574503136 0
6.12445293966641 2.21840885130019 0
7.52679079828621 2.4443468148131 0
8.03912562550755 3.76926724717558 0
9.44134382625132 3.99645583743948 0
9.95345921682882 5.32154877448595 0
11.3555340411496 5.5498799029506 4
11.866875975068 6.87537970346771 4
13.2687930724604 7.10465991865478 4
13.778827723509 8.4307846957231 5
15.1805924680932 8.66072601869452 5
15.6888851733969 9.98763629653528 2
17.0905259735474 10.2178518221217 2
17.5968841963871 11.5455874902019 2
18.9984606706684 11.7755493769708 2
19.5030156517847 13.1039846210539 5
20.9046127738002 13.3330832567418 5
21.4077684922623 14.6619595533406 5
22.8094775515222 14.8896647295894 5
23.3118249731202 16.2186673886746 2
24.7137221740412 16.4446700870664 5
25.2159311817642 17.7734912048386 4
26.6180736250694 17.9976916163651 4
27.1207943112763 19.3260692185135 4
28.5232130147765 19.5485724993997 4
29.0269726861488 20.876329852646 0
30.4296704006359 21.0974292273412 0
30.934802307015 22.4244914708513 0
32.3377554829355 22.6446105676355 0
32.8443650426461 23.9710037229917 0
34.2475230222603 24.1906249733244 0
34.7555000672492 25.5164576821604 0
36.1587991577514 25.7360614232232 0
36.6678726907663 27.0614888432281 0
38.071245230783 27.281495471371 0
38.5810399493348 28.6066887325843 0
39.9844059802084 28.8274906013996 0
40.4944742655836 30.1526415470521 0
41.8977465019326 30.374640257512 0
42.407607223746 31.6999621491288 0
43.8107087566865 31.9235123994492 4
44.3198744581915 33.2492360359267 4
45.7227450824778 33.4746006573759 4
46.2307491183235 34.8009606953983 2
47.6333548960041 35.0282432900164 2
48.1398302008012 36.3554319358592 2
49.5421778837794 36.5844924591596 2
50.0469617171341 37.9125888422042 2
51.4491026863398 38.1430058924094 2
51.9523067562981 39.4719242987285 2
53.3543251707942 39.7030520438701 2
53.8563332101247 41.0325430081765 2
55.2583326743 41.2635741507537 2
55.7597168297098 42.5932782363497 2
57.1618021262335 42.8233742730279 2
57.6632071054996 44.1529028759596 2
59.0654664249724 44.3813616742558 2
59.5675186989374 45.7103621128152 2
60.9700235044909 45.9367279863253 2
61.4732404369116 47.2649408648493 2
62.8760424022274 47.489076965061 2
63.3807110507409 48.8164031273892 2
64.7838348119365 49.0384833053847 4
65.2899569502894 50.3649949211858 4
66.6933882022861 50.585415273246 4
67.2007118129668 51.9113068314192 4
68.6043935580266 52.1305562621305 3
69.1125035417454 53.4560717741108 3
70.5163491702031 53.6746291670601 3
71.024774687504 55.0000064505079 3
72.4286902307213 55.2182898841547 3
72.9369844586422 56.5437369275877 3
74.3408805939894 56.7621210031862 3
74.8486369224209 58.0878302832431 3
76.2524231762235 58.3067320907352 3
76.7592675804281 59.63289605375 3
78.1628550911127 59.8528178313767 5
78.6684724410901 61.1796188594183 5
80.0717908515916 61.4010999486156 2
80.5759858399055 62.7286812865814 2
81.9790012328644 62.952186567855 2
82.4817773440099 64.2806001300859 2
83.8845006533975 64.5063629673034 2
84.3861135377356 65.8355223005135 2
85.7885910042837 66.0634389430289 2
47.4487426675004 0.118900634191896 2
48.8510447587038 0.348529187654605 2
49.351936223626 1.67838245454443 2
50.7541519848065 1.90902640715914 2
51.2556694568714 3.23867202836566 2
52.6579006511726 3.46950072950408 2
53.1606424910394 4.79856877371075 2
54.5629870500528 5.02876945719169 2
55.0673693249605 6.35698213216383 2
56.4699050821903 6.58590297826114 2
56.9760578216791 7.91314499922411 2
58.3788334033481 8.14037001325489 2
58.8865716833321 9.46671506693113 2
60.289602082248 9.69208080477906 2
60.7984785342707 11.0177591451341 5
62.2017433644437 11.2413275487978 5
62.7111711780133 12.566640968835 5
64.1146187533227 12.7886386188899 1
64.6240187022074 14.1138697316067 1
66.0275742654456 14.334625705851 1
66.5364724564807 15.659994581864 1
67.9400466009531 15.8799030605232 1
68.4480793744964 17.2055812620332 1
69.8515874199675 17.4250203574967 1
70.3584602154688 18.7511608446947 1
71.7618306945738 18.9704917627092 1
72.2673008990052 20.2972431637934 1
73.670479605309 20.5168519316717 1
74.1744568053814 21.8443119526986 1
75.5774033094692 22.0646253953682 1
76.0800376747296 23.3927912984558 5
77.4827252732135 23.6142712360982 5
77.9843887331991 24.9430351268408 2
79.3868136034642 25.1660981608385 2
79.8880508897735 26.4952577383518 2
81.2902369262799 26.7201548458836 2
81.7916982341793 28.0494379240344 2
83.1936936053371 28.2761639695404 2
83.6960605804957 29.6052572533574 2
85.0979331705476 29.8335424737102 2
85.6018452866681 31.162122958359 2
87.0036796286264 31.391465050822 2
87.5095800776396 32.719269243094 2
88.911460068329 32.9490559671082 2
89.4194555750869 34.2759599742692 2
90.8214463678104 34.5056400377775 2
91.3312853513968 35.8316944530458 5
92.7334226610998 36.0608391399348 5
93.2445858124596 37.3862436359257 5
94.6468717379714 37.6145499005313 1
95.1587008100395 38.9395860739781 1
96.5611083205643 39.1668659434349 1
97.0729448667381 40.4918190384042 1
98.4754325211922 40.7179781790742 1
98.9867147462601 42.0430823102562 1
100.389240949467 42.268109335662 1
100.899523788879 43.5935389332619 1
102.302052251805 43.817512943125 1
102.810967339017 45.1434128150072 1
26.5318947272308 45.3665151342869 1
27.0391562668572 46.6930136921705 1
28.4415855752008 46.9155072295155 1
28.9471636649894 48.2426498911625 1
30.3495032854284 48.4647760409459 1
30.8536153481798 49.7925136510134 1
32.2558646611203 50.0144630870876 1
32.758918910652 51.3426660428809 1
34.161080248189 51.564657661445 1
34.6636085897097 52.893142985622 3
36.065677622787 53.1154603689027 3
36.568281289437 54.4440116487725 3
37.9702529978816 54.6669695619342 4
38.4735622467074 55.9953488251809 0
39.8754402569992 56.2192349276318 4
40.3800470044384 57.5472079109399 0
41.7818400935705 57.7722591878511 0
42.2881559547616 59.0996778095191 0
43.689918603234 59.3257712844919 0
44.1981315601991 60.6525191581459 0
45.5999129175033 60.8794656483269 0
46.1099418368576 62.2055419202132 0
47.5117763271221 62.4331438795115 0
48.0232907053625 63.7586535024011 0
49.4251928394063 63.9867596346332 3
49.9377588794328 65.3118634014877 3
51.3396725636234 65.5403543111517 3
51.8526059636337 66.8653215439312 3
53.2545003050232 67.0940082221185 3
14.9264153609889 1.1448659716248 3
16.328264501964 1.37354401221082 1
16.8401892534163 2.69892797996757 1
18.2419794647666 2.92738359610535 1
18.752621074027 4.25326327216951 1
20.1543527578514 4.48128873118103 1
20.6632704245995 5.8078136334639 1
22.064956737791 6.03519875539079 1
22.5719692634554 7.36241626262012 1
23.9736466024826 7.5889336064459 1
24.4788819056164 8.91676603707487 1
25.8805971643939 9.14225841361691 1
26.3844569812352 10.4705297117315 1
27.7862512213923 10.694975418342 1
28.2893067097602 12.0234551496788 3
29.6912145911687 12.2469106082648 3
30.1940962895684 13.5753554752602 3
31.596137745532 13.7979716882987 3
32.0994616652297 15.1261568427096 0
33.5016385928725 15.3481797974894 0
34.0059492768564 16.6759179010209 0
35.4082485802727 16.8976643555135 0
35.9139565291299 18.2248288320237 0
37.3163525430018 18.4466575992865 0
37.8236731924246 19.7732037219545 0
39.2261318620742 19.995467849462 0
39.7350723924728 21.3214268877313 0
41.1375615832824 21.5444022130271 0
41.6479414222324 22.8698572834808 0
43.0504291947011 23.0937633071226 0
43.5618809366076 24.4188606318999 0
44.9643205316831 24.6439117764445 0
45.476355904015 25.9688507466541 0
46.8786986319121 26.1951739155789 0
47.3907751335837 27.520181456799 0
48.7929826216244 27.7477760919194 0
49.3045387795825 29.0730912548787 4
50.7065850353538 29.3018415778681 4
51.2170663315259 30.6276997868284 4
52.6189442977083 30.8573780235282 5
53.1278610718842 32.1839754252346 2
54.5295880884765 32.4142427956712 2
55.0366263207544 33.7416822178358 2
56.4382484198228 33.9720671549644 2
56.9434009449631 35.3002945070067 2
58.3449953296616 35.5301845813187 5
58.8485587916681 36.8589866380278 2
60.2502197208772 37.0877505213255 5
60.752715236776 38.4168184989468 2
62.1545316316941 38.643983156859 2
62.6566060645392 39.9729919285013 2
64.058647101277 40.1983173959436 4
64.5609711689437 41.526971697756 4
65.9632843879312 41.7504336578618 4
66.4664510975883 43.0785113539164 4
67.8690550266499 43.3003074970214 0
68.3734872447206 44.6276891775411 0
69.7763729747861 44.8481939416017 0
70.2822678358052 46.1748690966117 0
71.6853965538173 46.3945503598279 0
72.1927148925958 47.7206052491932 0
73.596027367193 47.9399579311377 0
74.1045379071134 49.2655442963792 0
75.5079665221348 49.485027237803 0
76.0173203039434 50.8103186392592 0
77.4207892669049 51.0303317660006 0
77.9305654747369 52.355512967002 0
79.3339867517054 52.5764634124412 0
79.8437232001495 53.9017367050741 0
81.2470095379294 54.1240327183651 0
81.7562316131902 55.4496178044076 4
83.1593102972013 55.6736083264393 4
83.6675510006377 56.9997379724459 4
85.0703713142681 57.2256569702877 2
85.5772265675711 58.5525456230366 2
86.979772838316 58.7804233768331 2
87.4850016833092 60.1082021368355 2
88.8873038735094 60.3377832248266 2
89.3909150414254 61.6664360005255 2
90.7930435708327 61.8971844846436 2
91.2953230159403 63.2265266887332 2
92.697373761779 63.4577050553813 2
93.1988346291036 64.7874143221399 2
94.6009137993377 65.0181710113295 2
95.1021879321176 66.3478589323896 2
96.5043934058964 66.577384417092 2
58.1653348702513 0.632461286021178 2
59.5677473516044 0.860136392328494 2
60.0704902158611 2.18871795180952 2
61.4731738756654 2.4142094486585 2
61.9773025603282 3.74191299174232 2
63.3802974805328 3.96521577884366 2
63.8859030602059 5.29205083544313 4
65.2892124184456 5.51344730043176 4
65.7961256174069 6.83957036681306 4
67.1997102675606 7.05951275665862 4
67.7075641838838 8.38515950290318 3
69.1113486678683 8.60413750789112 3
69.619679264265 9.92955627332761 3
71.0235704739761 10.1480182983308 3
71.5319145435718 11.4734301998023 3
72.9358224577024 11.6917554748701 3
73.4437621246005 13.0173540588355 3
74.8476010416273 13.2359103559666 3
75.3547551754666 14.561883835832 3
76.7584378080621 14.781111407522 3
77.264466803556 16.1076469529764 5
78.6679141095666 16.3280675922615 5
79.1725712213665 17.6553294224524 5
80.575729233355 17.8774846361276 2
81.0789399233854 19.2055651999092 2
82.481797532797 19.4298555659642 2
82.9837307349291 20.758724266557 2
84.3863161833381 20.9852641430354 2
84.8873911825041 22.3147448151711 2
86.2897608584418 22.5433006509812 2
86.7905752240013 23.8730959088803 2
88.1928073573688 24.1031238567263 2
88.6940346776644 25.4328655582731 2
90.0962244825922 25.6636082751416 2
90.5985085527051 26.9929137843926 2
92.000757629442 27.2235402147129 2
92.5046019098419 28.5520838758918 2
93.9069994680881 28.7818509151937 2
94.4126506607385 30.1094453995016 2
18.1336906698837 30.3378040368133 2
18.6410760393591 31.6644467589847 2
20.0439296834721 31.8910851386705 2
20.5526787130515 33.216951199831 5
21.955772267661 33.4417892763666 5
22.4653170300748 34.7671655824766 5
23.8686134864353 34.9903154628864 5
24.3783381489144 36.315504935388 1
25.7817759631016 36.5372119958514 1
26.2911446073765 37.8624651124377 1
27.6946447612898 38.0830688221991 1
28.2032506949402 39.4085723192769 1
29.6067255372149 39.628467531392 1
30.1142544311173 40.9543754997655 1
31.5176263519667 41.173933368302 1
32.0238138692154 42.5003944031338 1
33.4270223178845 42.7199811810245 1
33.9317065192611 44.0471178801751 1
35.3347076414584 44.267119862853 1
35.8379564823143 45.594964492517 5
37.2407176233098 45.8158086189263 5
37.7428296509928 47.1442906368695 5
39.1453348098152 47.3664193018452 2
39.6467938983964 48.6953735362969 2
41.0490501173655 48.9191470388146 2
41.5504659258476 50.2483339286044 2
42.9525053333218 50.4739133939792 2
43.4545445934249 51.8030450003835 2
44.8564233141059 52.0303278353638 2
45.3597478368453 53.3590902237804 2
46.7615424952004 53.5877245397448 2
47.2666961895422 54.9158260436381 2
48.6684924153609 55.1452681360443 2
49.1757358523113 56.4725232554641 2
50.577609783531 56.702201349837 2
51.0868417445599 58.0285850094517 5
52.4888437212086 58.2580247243448 5
52.9996494207352 59.583673603349 5
54.4017969085096 59.8125193734023 5
54.9135714897394 61.1376799890424 1
56.3158481363775 61.3656920065229 1
56.8279275976485 62.6906492126657 1
58.230294431522 62.9176817665762 1
58.7420645921785 64.2426951576392 1
60.144479898632 64.468673672055 1
60.6554376694721 65.7939437893745 1
62.0578657448891 66.0188682274331 1
23.726816660417 0.0703374427311115 1
25.1292285693067 0.294300419480781 1
25.6373900204408 1.62053670112392 1
27.0397576589535 1.8437225232293 1
27.5461837648799 3.17059863035595 1
28.9484812698683 3.39324318387748 1
29.4532963335725 4.72074388633929 1
30.8555185273904 4.94304094742485 1
31.3590647225859 6.27106211450626 1
32.7612184779061 6.49318859968988 1
33.2639884318753 7.82156250832256 1
34.6660757189269 8.04374958038566 3
35.1686450596887 9.37227269127998 3
36.5706610444375 9.59481015372844 3
37.0736429276746 10.9232585625351 3
38.4755863404387 11.1464416073793 0
38.9795871768631 12.4745844853784 0
40.3814694587717 12.6986473365422 0
40.8870148715851 14.0262757892958 0
42.2888596961905 14.2513471804094 0
42.7962891180931 15.5783179558957 0
44.1981281254402 15.8043764510212 0
44.7074932843068 17.1306492216401 0
46.1093539087563 17.3575637517799 0
46.6204081551151 18.683215417304 0
48.0222972161811 18.9108473669861 0
48.5345418158321 20.2360564789369 0
49.9364460310609 20.4642559713955 3
50.4492938541204 21.7892469384663 3
51.8511855551815 22.0178415683528 3
52.3640520839244 23.3428464683339 3
53.7659014449411 23.5716467132439 3
54.2782336685912 24.8968844821095 1
55.6800202740652 25.1256808955561 1
56.1912925517387 26.4513480372992 1
57.5930116910942 26.6799152169768 1
58.1027320772737 28.0061822791984 1
59.504390914679 28.2342934636868 1
60.0122411099502 29.5612602612287 1
61.4138692253781 29.7886495953347 1
61.9198391077059 31.116287933247 1
63.3214866683945 31.3426973933709 1
63.8258625518849 32.6708608389823 1
65.2275808098262 32.8961538834353 1
65.7308767047651 34.224622494216 1
67.1327076984682 34.4487938253597 3
67.635545157582 35.7773184444087 3
69.037520599524 36.0004529105548 3
69.5405360145227 37.3287935499601 3
70.9426689168047 37.5510844044107 0
71.4464460340015 38.8790349103565 0
72.8487312336076 39.1007662845402 0
73.3537403312849 40.4281750084045 0
74.756157012519 40.6496968626419 0
75.2626918887766 41.9764899013188 0
76.6652056529353 42.1981842225283 0
77.1733511165231 43.5243713546776 0
78.5759215487934 43.74658848367 0
79.0855794460945 45.0722367519072 0
80.4881699599688 45.2952434602842 0
80.9990589786222 46.6204691126431 0
82.4016254249653 46.8445176038192 0
82.9133056091658 48.1694987170425 0
84.3157935025225 48.3948020387243 0
84.8277439582864 49.7197553312315 0
86.2301061961698 49.9464105535978 0
86.7417761568415 51.2715716002869 4
88.1439781088015 51.4995469542526 4
88.6548097924295 52.8251583141957 4
90.0568328011183 53.0543007645902 4
90.5663024051351 54.3805858650382 2
91.9681519421043 54.6106140591856 2
92.4758588232772 55.9377259426249 2
93.8775677638068 56.1682300992066 2
94.383365916973 57.4961884158132 2
95.7849999452559 57.7265988389593 2
96.2890658053626 59.0552521996241 2
97.6907162963735 59.2848952865073 2
98.1934863270863 60.6139602027499 2
99.5952507976526 60.8422210171324 2
100.097330535545 62.1713617349422 2
101.499290942021 62.397840948087 2
102.001349452512 63.7267364210013 2
103.403567903469 63.9512632004795 4
103.906243238025 65.2796479733989 4
105.308756516675 65.5022884315715 4
105.812548860755 66.8299960981375 4
107.215366879473 67.0510382620099 0
68.8797604684795 1.10381198545975 0
70.282862489209 1.32369203168885 0
70.7893563631505 2.65006189851058 0
72.1926427899672 2.8693655085523 0
72.7004526121595 4.19519316925544 0
74.103881769614 4.4144268062937 0
74.6127111346614 5.73987487098906 0
76.0162130255054 5.95945684070542 0
76.5256773174795 7.28469791258939 0
77.9291776565862 7.50499108221748 0
78.4388099938276 8.8301967415353 0
79.8422482963986 9.05140613411317 0
80.3515104946717 10.3768570984746 4
81.754778776171 10.5995278179522 4
82.2632124217593 11.925444833048 4
83.6662398517239 12.1499471258738 4
84.1734303609805 13.4765489814607 2
85.5761797471255 13.7030765188916 2
86.0818295577592 15.0305315250722 2
9.80273753259518 15.2590165206032 2
10.3067654214316 16.5873708332559 2
11.7090236131238 16.8174315062785 2
12.2116163631167 18.1465672075242 2
13.6137398104588 18.3775623201773 2
14.1153361165159 19.7072076917958 2
15.5174272382851 19.9383272715849 2
16.0186307790545 21.2681101597695 2
17.4207933988029 21.4984919358171 2
17.9222548923214 22.8280190098178 2
19.3245786558723 23.0569127646554 2
19.826899852395 24.385834864436 2
21.229459783847 24.612725126555 2
21.7330933777682 25.9408022180477 2
23.1359446963363 26.1654843699016 2
23.6410850841547 27.4926487281933 2
25.0442536025692 27.7152332233372 4
25.5508112703065 29.0415907734011 4
26.954281130185 29.2624285152356 4
27.4619309328231 30.5882018954468 3
28.86564273304 30.8077568527779 3
29.3739239419028 32.1332067886371 3
30.7777884149489 32.3519472838804 3
31.2862125643099 33.6773175223358 3
32.6901338965189 33.8956591588945 3
33.1982588619785 35.2211564244003 3
34.6021482416638 35.4394680193598 3
35.1095864098754 36.7652794155809 3
36.5133563318138 36.9839653972527 3
37.0197630304251 38.3102749810241 1
38.4233282352028 38.5298303221671 5
38.9284310966594 39.8568059397325 5
40.3317252231219 40.0777797736791 5
40.8353872844583 41.4055409926461 5
42.238380343267 41.6284328878028 2
42.7406835688809 42.9569985766659 2
44.1433853191743 43.1821061325574 2
44.6446690595436 44.5113563625786 2
46.0471208231585 44.7386592238006 2
46.5479323016651 46.0683431952723 2
47.9502005888511 46.2974830773139 2
48.4511997615712 47.6272607071358 2
49.8533704820229 47.8576041742732 2
50.3552262996697 49.1870982238887 2
51.7573994445438 49.4178460651588 2
52.2606863217398 50.7466996631801 2
53.6629591392401 50.9770541456398 2
54.1680356275007 52.3050150387752 2
55.5704856762337 52.5343212102552 2
56.0774008377683 53.8613098669334 2
57.4800761295051 54.0891225787275 2
57.9885599390751 55.4152458186916 2
59.3914732719761 55.6413484567368 5
59.9010073776589 56.9668581040936 5
61.3041363030643 57.1912403947106 5
61.8140920456891 58.516444830038 1
63.217386409704 58.7392570876348 1
63.7271734171499 60.0644345814261 1
65.1305660362583 60.2859369688887 1
65.6397162812346 61.6112999262663 1
67.0431264982396 61.8318469983144 1
67.5512950021414 63.1575557038645 1
68.9546404953895 63.3775362730617 1
69.4615460730267 64.7037368914568 1
70.8647596508287 64.9235140274464 1
71.3701828854119 66.2503449560295 1
72.7732167598888 66.4702757045452 1
34.4363511392638 0.523591656293458 1
35.8391699795365 0.744052798042994 5
36.3418047143857 2.07224580152228 5
37.7443860347508 2.29365557258992 5
38.2461535330797 3.62238419166233 5
39.64849193916 3.84514825253436 2
40.1499556049237 5.1742044405578 2
41.5520685908686 5.39860534959432 2
42.0538771909407 6.72772318280487 2
43.4558060865723 6.95382847748916 2
43.9586353885851 8.28270575341536 2
45.3604426465647 8.51034494415313 2
45.8649117013697 9.8386784032001 2
47.2666764730628 10.0674510160051 2
47.7731836342226 11.3950079257589 4
49.1749844257577 11.6243822483038 2
49.6835860791722 12.951070348441 4
51.0854826043532 13.1805494189399 5
51.5958762974439 14.5064428602143 5
52.9978985786943 14.7356281824276 5
53.5095345040187 16.0609350448986 1
54.911680166498 16.2895294142606 1
55.423898125314 17.6145244413857 1
56.8261389162974 17.8423240498758 1
57.3382951307602 19.167279272075 1
58.7405924576448 19.3941531537404 1
59.2521375410441 20.7192920536116 1
60.6544556760018 20.9451733747202 1
61.1649403572527 22.2706665955961 1
62.5672522899409 22.4955653341951 1
63.076286227111 23.8215594495719 1
64.4785698955373 24.0455770001708 1
64.9858755315759 25.3721904007216 1
66.3881098233243 25.5954967024719 1
66.8936963581395 26.9227515699514 1
68.2958706037976 27.1455474075713 1
68.8000023980004 28.4733691850089 1
70.2021239880497 28.6958124329791 1
70.7052472069544 30.0240499441857 1
72.1073251437207 30.2463208206607 1
72.6099918744831 31.5747792975585 3
74.0120258813683 31.7971260846754 3
74.5148366373451 33.1255897665167 3
75.9168215188347 33.3483069791061 3
76.4203851753819 34.6765512431675 0
77.8223218368698 34.8999197487972 0
78.3271991982628 36.2277307757335 0
79.7290993535291 36.4519644310941 0
80.2357145993806 37.7791755266264 0
81.6375993972995 38.0043745980445 0
82.1461332310986 39.3309055523998 0
83.5480269435297 39.5570289354551 0
84.058369742663 40.882906493334 0
85.4602857893595 41.1098558577917 0
85.9720471937257 42.4352167744211 0
87.3739771824389 42.6628916480056 0
87.8866062964028 43.9879417051663 0
89.2885259184974 44.2162066123294 3
89.8014407751208 45.5411739014009 3
91.203319393149 45.7698596037129 3
91.7159537189483 47.0949702989699 3
93.1177663297172 47.3238782098984 1
93.6295769587382 48.6493429312437 1
95.0313125496387 48.8782451888538 1
95.5417806584201 50.2042508256859 1
96.9434427914657 50.4329051065327 1
97.4521413072379 51.7595945622455 1
98.8537504219147 51.9877244169648 1
99.3605265426697 53.3151261803819 1
100.762129261112 53.5424120480093 1
101.267140429052 54.8704211799013 1
102.668795986718 55.096599944827 1
103.172469715196 56.4250126453302 1
104.574230238482 56.6499815871725 1
105.077159905632 57.9785485237051 3
106.479067324124 58.2023221102842 3
106.981902037842 59.5307880867385 3
108.383982881517 59.7534902188825 3
108.887347098086 61.0816272963015 0
110.289608584263 61.3034879207251 0
110.794040352793 62.6311154689162 0
112.196474794437 62.8524342930252 0
112.702383763409 64.179434902058 0
114.104977228813 64.4004865385853 0
114.612788099506 65.726759523331 0
38.334335 65.947172 0
