x           y           stackinginfo
0.0 0.0 0
46.424134 77.808234 3
2.25319798776968 0.989247131156392 4
3.66527585652627 0.834394335956705 2
4.50549823394999 1.97977638518185 2
5.91745777268642 1.8254377364512 5
6.75728085776535 2.97082199964429 2
8.16923201868628 2.81497690299422 0
9.00954380753249 3.95971291334199 3
10.4214928900439 3.8032562922706 3
11.2612248897655 4.9486340094063 1
12.6730418257709 4.79328026096478 2
13.5128195256531 5.9389466855888 2
14.9247689160212 5.78441907304155 5
15.7658678944497 6.92911283630736 1
17.177859465042 6.77392301454818 1
18.0188109735791 7.91870225567132 1
19.4305108565437 7.76351032588142 1
20.2706922978121 8.90880711924251 3
21.6822426955334 8.75345519294682 0
22.522975407604 9.89844638349472 0
23.9348202738093 9.74280976639594 0
24.7761159719134 10.8874361826215 0
26.1881943832596 10.7325585676519 2
27.0286368386174 11.8777994841205 2
28.4405941925506 11.723534415009 5
29.280389736077 12.8690068812505 2
30.692303506334 12.7133760875114 0
31.5326000525943 13.8581357965839 3
32.9445652204838 13.7016321417735 3
33.7843996038993 14.846890710114 1
35.1962558718892 14.6913417577142 5
36.035883179832 15.8370714656904 2
37.4478566599681 15.6826294477904 5
38.288686826483 16.8274927266961 1
39.7007075392628 16.67230648968 1
40.5416523700273 17.8170379373655 1
41.9534134690139 17.6616642883499 1
42.793620327252 18.8069146462022 1
44.2051535145896 18.6515890326924 0
45.0457218811655 19.7967228608106 0
46.4575006390328 19.6412091604398 0
47.2988790358612 20.7858127501507 0
48.7109369736683 20.6308557541316 4
49.5516496394254 21.775924716932 2
50.963613183596 21.6216642345541 1
51.8034626946748 22.7671677546022 2
53.2153345923391 22.6117725478143 0
54.0555836090546 23.756597436768 0
55.4675530910675 23.600087305967 3
56.3075297031509 24.7452140144646 1
57.7194253791815 24.5894661313971 5
58.5589882546246 25.7351967271215 2
59.9709843450813 25.5807961803805 2
60.8114931685794 26.7258781175665 1
62.2235357597193 26.5707331518827 2
63.0644537360641 27.7154205028686 1
64.4762853365352 27.5598627470104 1
65.3165247479074 28.7050452157787 1
66.7280578090522 28.5497010222289 4
67.568434154317 29.6949799734583 0
68.9801510225546 29.5395955148027 0
69.8215547873371 30.6842089667573 0
71.233582093558 30.5291909885462 4
72.074556117822 31.6740973467122 2
73.4865263394994 31.5197967951239 1
74.3264862172668 32.665287619159 5
75.7383198374078 32.5101382165393 0
76.5785148759142 33.6550528347487 0
77.9904769848299 33.4985930244695 0
78.8306278701529 34.6435822836028 3
80.2425591618447 34.4876608613478 5
81.0821384065133 35.6333356721919 2
82.4941491416474 35.4789382894139 2
83.3343384312889 36.6242478951226 5
84.7463939057056 36.469187680704 2
85.5872729199773 37.6138363783206 1
86.9991706947397 37.4581228943851 1
87.839434012084 38.603227238393 1
89.2509857980526 38.4478184691609 4
90.0911811218007 39.5932151872327 0
91.5028439291957 39.437950365381 0
92.3442102134398 40.5826079781574 0
93.7561996550647 40.427550403183 3
94.5973984839574 41.572315694691 2
96.0093674276908 41.4179335691734 1
96.8494832429631 42.5633679703518 5
98.2612876115642 42.4084424849355 0
99.1014428049169 43.553453975692 0
100.513383886512 43.3971016095198 0
101.353716339314 44.5419657648693 3
102.765679276897 44.3859084416407 5
103.60535217345 45.5314773523792 5
105.017370581798 45.3770487100522 2
105.857291821162 46.5225572210327 5
107.269352873809 46.3676145981203 2
108.110163363932 47.5122555092731 1
109.52211309406 47.3564193118876 1
110.362377537901 48.5014517179215 1
111.77397148669 48.3459293050288 5
112.61401543257 49.4914055515503 0
114.025637806093 49.3362302570393 0
114.866896812681 50.4809741222801 0
116.278848134173 50.3259007464316 3
117.120209195548 51.4705621786733 2
118.53216851489 51.3160661168137 1
119.372467878878 52.46140983873 1
30.7597548492663 52.306655637423 0
31.5998907663571 53.4517599063712 0
33.0117952203078 53.2955643966528 0
33.8522822091654 54.4403402543978 3
35.2642706213133 54.284195942375 4
36.1041015290055 55.4296242701717 5
37.5161285920708 55.275131258082 2
38.3558635582168 56.4207861270166 5
39.7679257126805 56.2659844137676 2
40.6086099285622 57.4106810650391 5
42.0205950135967 57.2547641401423 1
42.8608464734569 58.3997348085542 1
44.2725063579071 58.2440639857462 2
45.1124305385196 59.3895826766347 4
46.524032286673 59.2344551536172 4
47.3651067432457 60.3793349850161 0
48.77702444604 60.2242819082337 3
49.6184807207106 61.3688805937689 4
51.030428780285 61.214257908864 5
51.8709205022612 62.3594905017347 1
53.2826882766909 62.2048393912959 3
54.1228164704081 63.3500302561534 0
55.53466960582 63.1940297103799 0
56.3752597528643 64.3387711194017 0
57.7872637673238 64.1825872380395 4
58.6272956070283 65.3278623660715 5
60.0393341659973 65.1732682038669 2
60.8789808459499 66.3190013753522 2
62.2910407592812 66.1643421142934 2
63.1315300648274 67.3091724692874 2
64.54353573136 67.1532158639477 1
65.383781322951 68.2981290577913 1
66.7955220992491 68.1422755113469 2
67.635355287645 69.2878022070168 4
69.0469564824143 69.1326497139968 4
69.8877761166664 70.2777070452329 0
71.2996635464207 70.122691958717 3
72.1411643177055 71.2672536616221 3
73.5531049089998 71.1124879398769 5
74.3937971899955 72.2575880787693 1
75.8055486922944 72.1029558284091 3
76.6456870679087 73.2482100526966 0
78.057479331968 73.0924173526116 0
78.8981394895716 74.2371587407923 0
80.3101467001662 74.0809788281536 0
81.1504279638163 75.22608703138 5
82.562480721834 75.0713687819906 2
83.4021445116303 76.217098726337 2
84.8141986199966 76.0625846462917 2
85.6544620921187 77.207595394726 2
87.0664770484101 77.0516677157728 5
42.8944966598245 0.233013082131046 1
44.3063199980859 0.076986479102679 1
45.1461006329822 1.22248225259447 2
46.5577202305933 1.067263796372 2
47.3982494700495 2.21251303575907 0
48.8101113375476 2.05758160956774 3
49.6516123121423 3.20212727766975 3
51.0635522370129 3.04724560125619 1
51.9044300738431 4.19221336622901 1
53.3161630247291 4.03754139426727 1
54.1563123945818 5.18284217686182 0
55.5680392951998 5.02724953465331 0
56.4087233569114 6.17203103687389 0
57.8207158501868 6.01589697274296 0
58.6612560730762 7.16085156752237 4
60.0733246867297 7.00599521084441 2
60.9130780972322 8.15166523059626 2
62.3251225872299 7.99727826002509 2
63.1651621227604 9.14248811719646 2
64.5771765616201 8.98664604634805 5
65.4174853203741 10.1314253723894 1
66.8293767800915 9.97524446007601 1
67.6691316219807 11.1206846153202 2
69.080784567553 10.9653556057595 2
69.9210252445816 12.1107830739569 4
71.3328704314046 11.9559613887667 3
72.174318527033 13.1005209055552 3
73.5862655174194 12.9455516112107 1
74.4272855337115 14.0904090828445 5
75.8390044918993 13.9356466626218 1
76.6791736656465 15.0809677974787 3
78.0908382972638 14.9255411134021 0
78.9315067810705 16.0703929094647 0
80.3434628297488 15.9143463644806 0
81.1842469729385 17.0591707679196 4
82.5963293437163 16.9041859656383 2
83.4362408820126 18.0497450959295 2
84.8482717368516 17.8954629282884 2
85.6881316596921 19.0408517197076 2
87.1001347138287 18.8851533792667 4
87.9404807527351 20.0298814189849 1
89.3524183935889 19.8735856246779 1
90.192187241238 21.0189431709916 2
91.6038834920881 20.8634736516461 2
92.4438742815616 22.0090393583518 4
93.8557175474178 21.8543439514968 5
94.6970558205119 22.9989555694691 3
96.1090174726213 22.8439413326798 1
96.950134346241 23.9887119562314 5
98.3618563642413 23.8338224368841 1
99.202076326128 24.9791217857875 3
100.613690393473 24.8238155795805 0
101.454318875226 25.9687519654808 0
102.866216756776 25.8128201923499 0
103.707210240961 26.957542661698 0
105.119298346945 26.8024401594723 2
105.959435293337 27.9478412213704 2
17.3469558495897 27.7936126339465 2
18.1867109617449 28.9391296376197 2
19.5986914077024 28.7836015842081 4
20.4390330661952 29.9283239765829 5
21.8509966950136 29.7719357621259 1
22.6908133916275 30.9171954719991 1
24.1025598813418 30.7615452982342 2
24.9423459817641 31.9072081606438 2
26.3542041326364 31.7526119100999 5
27.1953396301403 32.8973465618339 3
28.6073205600204 32.7423189507059 1
29.4484784875992 33.8870349512002 1
30.8602278779012 33.7319848050022 1
31.7005106495841 34.8772391674158 1
33.1120904570503 34.7220081865194 0
33.9526340402923 35.8670555485571 0
35.3644602109546 35.7112551912428 0
36.2055970092003 36.85592376423 0
37.6176780033237 36.7007296790741 4
38.4580780857869 37.8459542838251 2
39.8700912434503 37.691736252073 5
40.7098285865727 38.8373201667709 2
42.1217777909812 38.6819919050403 4
42.9620598126782 39.8267670884671 5
44.3740351432929 39.6703276176357 3
45.2139360358763 40.815478045923 1
46.6257377611819 40.6596360834834 5
47.4653846252916 41.8053439800012 2
48.8772704076146 41.6508069122113 2
49.7181174441942 42.7957314308748 3
51.1301192380874 42.640730206392 1
51.9712810353868 43.7854058401291 1
53.3830791583944 43.630187791706 1
54.2234335953603 44.7753762167563 1
55.6349953704058 44.6201807657636 0
56.4754120812029 45.7653552383409 0
57.88716420489 45.6096935392195 0
58.7283824602644 46.7543500643203 0
60.1404427836949 46.5990890694312 4
60.9811224481603 47.7441372974505 2
62.3931419263521 47.5898844591869 5
63.2329409963158 48.7354780716991 2
64.6448540050539 48.5803621310899 4
65.4850360326252 49.7252384624362 4
66.8970109811449 49.5687907212895 3
67.7370256670936 50.7138258787685 1
69.1488798233712 50.5577938290684 5
69.9884562528282 51.7034943214845 2
71.400371065789 51.5489575988697 2
72.2408812672102 52.6941097263588 5
73.6529011661813 52.5391693471393 1
74.4940393757742 53.6838090909173 1
75.9058957693435 53.5284359496342 1
76.7463246861343 54.6735399910483 1
78.1578841745448 54.5183347147335 3
78.9981622470268 55.6636248943023 0
80.4098443493491 55.5080986142705 0
81.2510900170819 56.6527752105583 0
82.6631155343512 56.4974729693548 4
83.5040731770666 57.6423522782504 2
84.9161020584372 57.488029781326 1
85.7560322388995 58.6335798251774 2
87.1679116778063 58.4786779908648 4
88.0079958138391 59.6236733559109 4
89.419959245812 59.4672763459834 0
90.2601136454644 60.612192327405 1
91.6720109036791 60.4559981974392 5
92.5115894965668 61.601639123647 2
93.923525226085 61.4470525537919 2
94.7637053679738 62.5924283123346 5
96.1757386863109 62.4375838731403 1
97.0168235370716 63.5822007433085 1
98.4287378074653 63.4267032641482 1
99.269224260412 64.5717195811945 1
100.680800300493 64.4164590726564 5
101.520957669469 65.5618319963925 0
102.93258008507 65.4064267573409 0
103.773791870638 66.5511583264934 0
105.185770428978 66.3958481003838 0
106.026966925193 67.5405849933427 2
107.438999100358 67.3861718323573 2
108.279110501899 68.5316355535597 5
109.690966344559 68.3769290797859 4
110.53098084048 69.5220414804529 4
111.942921155498 69.365757330329 0
112.783211436135 70.5105732164821 3
114.195143721353 70.3542594342559 5
115.03478980932 71.4998011663247 5
116.446740361463 71.3451220956948 2
117.286642823709 72.4906859401521 5
118.698687000675 72.3359572391525 1
119.539671857945 73.4805903654521 1
120.951636272619 73.3249987858997 1
121.792147136426 74.4699389809812 1
123.203763685053 74.3145650917747 5
124.043833350666 75.4599795735375 0
125.455412331782 75.3046544709819 0
126.296532464623 76.4494735455416 0
127.708461267347 76.2941792420987 0
128.549843450505 77.4388064733141 1
129.96187024789 77.2842641572601 1
85.7899649040537 0.466094039323519 2
87.2018198840249 0.311478083279455 2
88.0416644401171 1.45679393532784 4
89.4535491858058 1.3006860934783 0
90.2939253447012 2.44548126285934 3
1.68140289636821 2.28926468330488 2
2.52120812385344 3.43463217194262 2
3.9331721179045 3.27981172712897 2
4.77289264061107 4.4254920855756 2
6.18494369532034 4.27087706055114 2
7.02576001447793 5.41559092348572 1
8.43775990331197 5.25993652147608 1
9.27825882528324 6.4048173743713 1
10.6899376540734 6.24927933794414 5
11.5299372042877 7.39470480756411 3
12.9414892683569 7.23941161608219 4
13.7824313732444 8.3843685018275 0
15.1943103303537 8.22913685168123 0
16.035789792557 9.3737091230846 4
17.4478004602937 9.21907321352132 2
18.2883618640849 10.3642705030829 1
19.7002015363323 10.2098032272946 3
20.5402029381886 11.3550863706754 4
21.9520630514105 11.1991897291396 0
22.7925163180211 12.3439354658351 0
24.20449478175 12.1875283470208 0
25.0444401796501 13.3327987029828 5
26.4564297717219 13.1778458776404 2
27.2960406017284 14.3236000590259 2
28.7081012938195 14.1691103252067 2
29.5486697687485 15.3139903076298 1
30.9606941150581 15.1583265784542 5
31.8011728480389 16.3031567233965 1
33.2129312406409 16.1474318602051 5
34.0528821751561 17.2928378362352 5
35.464427671258 17.1375198595911 4
36.3051328304605 18.282646584738 0
37.716967036225 18.127497476157 3
38.5584938472202 19.2720435333723 0
39.970486862419 19.1172958961557 5
40.8112789624394 20.262342109881 1
42.2231139228662 20.1078927285397 1
43.0631538842065 21.2532261226916 4
44.4749629819192 21.0975731398393 0
45.3154417627082 22.2423489064844 0
46.7274259217461 22.0859644127116 0
47.5675830867419 23.2310856600331 5
48.9795962510998 23.0759751755504 2
49.8192078010373 24.2217181887288 2
51.2312722064237 24.0673302127736 2
52.0715668127839 25.212416292506 1
53.4836020756132 25.0567927342236 5
54.3240759896165 26.2015656980103 1
55.7359147840493 26.0456531484007 1
56.5758380586751 27.1910099380481 5
57.987395074605 27.0356173611056 4
58.8278367348717 28.1809189698452 0
60.2396299151912 28.0258720722837 3
61.0811518098125 29.170419425746 0
62.4931275507687 29.0155752077451 5
63.3341294864597 30.1604785859973 2
64.7459535721973 30.0059813497073 1
65.5860526645285 31.1513372190173 3
66.997809763301 30.9959172508986 0
67.8382902491493 32.1407530245821 0
69.2502637141875 31.9844383602735 0
70.0906556287315 33.1294136495576 3
71.5026920798331 32.97415174719 2
72.342385965194 34.1198234686792 2
73.7544491493735 33.9655197970053 2
74.5944887910751 35.1108176383023 2
76.0065246973989 34.9552902490613 5
76.8470072358505 36.1000062247155 1
78.2589120549891 35.943935012224 1
79.0988207669982 37.089225160033 5
80.5104094875585 36.933720300207 2
81.3506014566819 38.0791732222594 0
82.7623641201861 37.9242397313535 3
83.6038250957234 39.0688211051954 3
85.0157890717232 38.9139065783929 1
85.8569540364875 40.0586940464749 2
87.2687645124078 39.9040968316057 1
88.1089441758162 41.0494400755208 3
89.5206519076801 40.8942107415057 0
90.3611161877778 42.0391256318021 0
91.7730580841068 41.8829232088092 0
92.6136808027005 43.0277685211679 0
94.0257362759226 42.8723740020457 2
94.8655887720947 44.0179196472234 2
96.2776468797472 43.8636721517963 2
97.1174905942134 45.009151077814 2
98.5295187988837 44.8537658873886 2
99.3699952732563 45.9984512623073 5
100.781944751224 45.8422584284011 1
101.621859292895 46.987468410401 5
103.03349784186 46.831818219772 2
103.873475415692 47.9773841734985 4
105.285224599818 47.8225536919879 4
106.12655600335 48.9672151845994 3
107.538515242717 48.8122631540277 1
108.379782625651 49.9569711212214 5
109.791587211052 49.8022329894242 1
110.631867586961 50.9475297380688 3
112.043532725126 50.7924306123084 0
112.883962276716 51.9374376161474 0
114.295850415997 51.7813773509341 0
115.136666331117 52.926128547996 0
116.548731885432 52.7706280165559 4
117.388804227459 53.9160106243521 2
118.80085596848 53.7617780602928 2
119.640586021669 54.9073823455685 2
121.052599354547 54.752170091046 2
121.893019049274 55.8968829965295 5
33.2804972169071 55.740605459481 1
34.1204408863893 56.8857297533927 5
35.5321435770597 56.7299123460231 2
36.3719465304837 57.8755519075659 4
37.7837025108334 57.7207913467088 4
38.6248164286191 58.8655958058888 3
40.036777427009 58.7106452759956 1
40.8780950198335 59.8553026572922 5
42.2899114515104 59.700407385921 1
43.130306935386 60.845631453188 1
44.5419401755706 60.690610068361 0
45.3823137464869 61.8357173193391 0
46.7941324966995 61.6798218452278 0
47.6350832269474 62.8245267239066 0
49.0471465877012 62.6689591515118 4
49.8874777890611 63.8141658467952 2
51.2995275770945 63.6599066847234 5
52.1392300048907 64.8055727190859 2
53.5512225604272 64.6505534864387 2
54.3915192206907 65.7953659602198 5
55.8035052701829 65.6390471949046 3
56.6434978805319 66.7840889789328 1
58.0552714005198 66.6280930028075 1
58.8949450742468 67.7737667159153 2
60.3067251232602 67.6190208200941 2
61.1475366505761 68.7640295299043 3
62.55950305565 68.6091119262935 1
63.4008304276934 69.7537367626591 1
64.8126768833444 69.5986800593102 1
65.6531883625206 70.7438180029558 1
67.0647996978353 70.5888068203017 3
67.9050931589105 71.7340163332213 0
69.3168354145899 71.5782646020191 0
70.157861680904 72.7229657280849 0
71.5699068641239 72.567343272409 4
72.4105241053983 73.712368790741 2
73.8225802495965 73.5580244263979 2
74.6623515031046 74.7036765139693 2
76.0743188052372 74.5488438423731 4
76.9144723173816 75.6937893121099 2
78.3264592783965 75.5374803901174 3
79.1665444474793 76.6824221497508 1
80.5783846738215 76.5262595625052 1
81.417999665005 77.6719102613786 2
82.8298116769182 77.5171313015697 2
38.6580436077557 0.698857882414776 3
40.0700172991585 0.544022969140045 1
40.9113269722025 1.68861970302387 1
42.3232143928974 1.53343926313655 1
43.1638426679005 2.67847495298831 1
44.5754448361084 2.52344118054667 3
45.4156591030418 3.66873171200735 0
46.8273274435359 3.51312749928574 0
47.6683775319718 4.6578597750316 0
49.0803876838038 4.50222995719514 0
49.9212852240192 5.64709039295262 2
51.3333518223345 5.49264613103584 2
52.1732569153666 6.63823458952672 2
53.5851970182518 6.48358225341823 4
54.4252055605422 7.62868081199805 4
55.8371811823757 7.4724405464941 0
56.6773668903076 8.61729013187234 1
58.0892584236017 8.46098514324358 1
58.928864173057 9.60657676264601 2
60.340704572866 9.4517092271766 2
61.1808602067972 10.5971448849741 4
62.5928426489879 10.442420738819 1
63.4340894413275 11.5870132494583 1
64.8460211197443 11.4317385335261 1
65.6867351463372 12.576680689886 1
67.0983469190187 12.4215786571774 1
67.9384982220291 13.5669193245758 0
69.3501041417557 13.41143791374 0
70.1911227257477 14.5562356021408 0
71.6030808458153 14.4006351931307 0
72.4442161477624 15.5453639837294 4
73.856288411734 15.3908107366284 2
74.6963797223053 16.5362933774963 5
76.1082982467142 16.3817956902026 4
76.9481998627991 17.5270346881473 4
78.3601514810065 17.3709217952914 0
79.2004239259277 18.5157022634292 3
80.6123517642325 18.3592927056756 1
81.4520015133468 19.5047932580517 1
82.8638667995241 19.3497946695447 2
83.7037478480623 20.4953982719169 2
85.1157431850432 20.3408003253795 1
85.9568656639891 21.4854352121357 1
87.3688397983108 21.330103285269 1
88.2095993449353 22.4749682532783 1
89.6212458102269 22.3197529974221 1
90.4613639454131 23.4651048488911 3
91.8729248212431 23.3097132805228 0
92.7138622343076 24.4546026849444 0
94.1257596365248 24.2990750651071 0
94.967075764612 25.4437085845398 4
96.3791434297754 25.2890526674715 2
97.2194721076139 26.4343864186189 5
98.6313807790949 26.2800032167964 5
99.471243776571 27.4253421147959 4
100.883160485652 27.2694088659988 0
101.723488507248 28.414156759332 3
103.135441603768 28.2576762799716 3
103.975193048426 29.4030557149842 1
105.387085801558 29.2478822083985 5
106.226772592339 30.3935933859739 2
17.6142879713135 30.2391005466424 5
18.4552042768485 31.3838477646961 1
19.8672139874598 31.2284797366305 5
20.7079754376732 32.3732863561943 1
22.1196799915413 32.2179001954515 1
22.9597818725072 33.363234404603 3
24.3713159102486 33.2078767865432 0
25.2121000171752 34.3528981482747 0
26.6239373525909 34.19746562373 0
27.4653650045203 35.3420489134585 0
28.8774175784929 35.1872952280984 2
29.7180026259767 36.3324651018499 2
31.1299125213929 36.1781396406151 5
31.9697953681564 37.3235418576604 4
33.3816693813787 37.1678356429311 0
34.2220062439748 38.3126024388582 0
35.6339740343669 38.1560956078798 3
36.473869932922 39.3013405780296 1
37.8857940205978 39.1459787341305 2
38.7253799719778 40.2917303263274 2
40.1374098075214 40.1373227140802 5
40.978047596119 41.2822514433086 1
42.3900834517154 41.1268881388754 5
43.2308250537346 42.2716440128133 1
44.6426034997021 42.1160641459339 1
45.4827048450606 43.2613530750357 3
46.8942304818181 43.1059849737282 4
47.7348059009961 44.2511642665315 0
49.1465871826222 44.0958475096634 0
49.9880675390321 45.2404156393847 0
51.4000971271061 45.0855779384453 5
52.2409375317147 46.2305844289719 2
53.6528519451715 46.0762623173623 1
54.4928014729261 47.2216935691911 4
55.9046315328465 47.0662431655652 0
56.7449492247017 48.2110683388933 0
58.1569201974623 48.0545860065389 0
58.996997087758 49.1996896480054 1
60.4089528387573 49.0441452452672 2
61.2485255769654 50.1898752835583 2
62.6605687452437 50.0355236989239 5
63.5008977467591 51.1806735317682 1
64.9129485057429 51.0253596524384 5
65.7536662897196 52.170066124637 1
67.1655199261725 52.014296336293 1
68.005623788299 53.1595210175584 1
69.4171583537495 53.0040922968705 4
70.257506766699 54.149425525652 0
71.6692358516191 53.9942258513372 0
72.5107100095754 55.1388106362041 0
73.9227109437547 54.9839000839121 5
74.7637829636746 56.128757048544 2
76.1756958649446 55.974380483873 1
77.01575189093 57.1198025658552 5
78.4275421544615 56.9645982456015 0
79.267836374507 58.1095019562918 0
80.6797962552243 57.9530962739602 0
81.5200826514267 59.0980561895178 3
82.9320682339675 58.9423512654977 2
83.7717126813405 60.0880000491115 2
85.1837619426751 59.9336778166564 2
86.023809776639 61.0790432992256 5
87.435865184628 60.9238270059865 2
88.2765583857233 62.0684902859855 5
89.68847443916 61.9125647529396 1
90.5285782369046 63.0577149245551 5
91.9401431838753 62.9021841981456 2
92.7802858626813 64.0476399193131 0
94.1919727550172 63.8925495479115 0
95.033377501181 65.0371875958439 0
96.4453500166371 64.8822273326357 3
97.286603594736 66.0269642450598 2
98.6985068157517 65.8724864218918 1
99.5386997678886 67.0178609660488 5
100.950456168319 66.8628627617839 0
101.790727728203 68.0078559374502 0
103.202658380848 67.8515782409458 0
104.043146762598 68.9964161279029 3
105.455157496113 68.840587916959 4
106.294947336615 69.9861079467073 2
107.706999067283 69.8317889199117 2
108.546830311079 70.9773345801764 5
109.958883338669 70.8222560611484 2
110.799518849825 71.9669177511088 5
112.211478264345 71.8108758568327 1
113.051576083617 72.9559548302146 5
114.463194752776 72.8002857954178 2
115.303165620934 73.9458261230353 4
116.714827754779 73.7908151764359 4
117.556091120345 74.9355535369337 0
118.968040414394 74.780569281757 3
119.809413246076 75.9252237628967 5
121.221306424816 75.7706069582418 1
122.061658196369 76.9159004213145 1
123.473386384863 76.7610355007539 0
124.313642163627 77.9061168658572 0
125.725525464597 77.7499947159241 0
81.5539340246304 0.931247793103705 0
82.9659624097528 0.77532195307656 4
83.8059543566676 1.92068432591853 2
85.2180126911188 1.76629881922231 2
86.0576579362673 2.91201060888701 2
87.469697745107 2.75709760471517 2
88.3101858041996 3.90185220911458 5
89.7221698985141 3.74576704800137 1
90.56226692863 4.89078888773025 1
91.9739636758583 4.73502785254794 1
92.8138113245184 5.88059688660596 1
4.20097203850202 5.72562216040707 4
5.04201780841577 6.87050804834523 0
6.4539475029347 6.71553310737912 3
7.29538231545788 7.86013503631172 5
8.70727197162275 7.70536777453621 5
9.54778653255606 8.85055981493846 1
10.9594883864202 8.6957584008468 3
11.7997202215534 9.84092607308202 0
13.2115386294781 9.68499057905045 0
14.0523062301517 10.8297122573432 0
15.464338083138 10.6737583418808 4
16.3045805373504 11.8189452611649 2
17.7166399339606 11.6645076359463 2
18.5563195243794 12.8102183285144 2
19.9683551138824 12.6554700691747 2
20.8087000999064 13.8003329468938 2
22.2206991543721 13.6441986014192 1
23.0608274411465 14.789138850891 1
24.4726002951103 14.633139294368 1
25.3123357194923 15.7787351135889 2
26.7240103816325 15.6237388483058 2
27.5647548862903 16.7688323871753 0
28.9766716704821 16.613911356665 1
29.818120609046 17.7584874393758 3
31.2300206939653 17.6035831335736 1
32.0706955432585 18.7486644921024 1
33.4823755975124 18.5938643529733 3
34.3225770594476 19.7391092918081 0
35.7343240853753 19.5833567208423 0
36.5751496738555 20.7280901785134 0
37.9871707058704 20.5721329727529 0
38.8276826496827 21.7171520738192 2
40.2397515478869 21.5626010688115 2
41.0794877366413 22.7082905765544 2
42.4915084463709 22.5537068362694 2
43.3316527108581 23.6987456484116 2
44.7436549740523 23.5426514405744 3
45.583836456031 24.6875170144592 1
46.9956844935954 24.5313571034815 1
47.8353664155066 25.6769224977235 2
49.2470710869081 25.5218558393767 2
50.0874988029331 26.6671549820202 4
51.4994065973083 26.512325761342 1
52.3408337655979 27.6568877801311 1
53.7527531347553 27.5018735197046 1
54.5935765932095 28.6468389820553 1
56.0052406866677 28.4919890742525 1
56.8454172218845 29.6372869408557 0
58.25709302508 29.4816995216621 0
59.0979317247219 30.6264774739644 0
60.5099226351919 30.4705560762033 0
61.3507036793182 31.6154226684616 4
62.7627847542674 31.4607454826388 2
63.6026493351948 32.6063578279363 2
65.0146512646197 32.4519173414659 2
65.8546117299507 33.5971362122366 2
67.2666061678336 33.4411387031037 4
68.1068555325359 34.5859315459077 1
69.5187601426113 34.4296364154954 1
70.3584328975815 35.5751378819295 2
71.7701728199579 35.4199553878026 2
72.6103023133023 36.5654355516575 4
74.0222092761858 36.4107267297412 1
74.8635663899974 37.5553025838693 1
76.2755120009584 37.4002125658755 1
77.1164442788182 38.5450796413299 1
78.5281081752285 38.3901381232266 1
79.3682791128928 39.5354555598023 3
80.7798936777619 39.3800009746701 0
81.6207050011463 40.5248500069 0
83.0326453473316 40.3690035955045 0
83.8736633317195 41.5137470255065 4
85.2857530252525 41.3589496313152 2
86.1258110134879 42.5044358072302 2
87.537794308378 42.3501071251702 2
88.3776244300083 43.4954769151324 2
89.78959790494 43.3396259599785 4
90.6298985952538 44.4843696398795 1
92.0418395074473 44.3279690543467 1
92.8815502229289 45.4733773326299 2
94.2933277267448 45.3180360921951 2
95.1332069017867 46.4636539285149 2
96.5451250912913 46.3090674538643 5
97.3863419979608 47.4537091255271 1
98.7983170194913 47.2985767975558 1
99.6393111536631 48.4433687487853 5
101.050999680467 48.288293625991 1
101.891190168259 49.4335953834802 3
103.302760636794 49.2782332862697 0
104.14350261878 50.4231778816411 0
105.555376644891 50.2674366276648 0
106.396572143036 51.4120979234101 0
107.808659297415 51.2571953183044 2
108.648960230645 52.4025196821191 2
110.060933200959 52.2482585845782 5
110.900707533445 53.3937310211845 2
112.312648291873 53.2380663337047 4
113.152953404094 54.3828094239888 3
114.564914887948 54.226336211297 3
115.40470605536 55.3716320111521 1
116.816524768233 55.2160991699749 2
117.656218818373 56.3618029111849 2
119.068159311072 56.2073137666332 5
119.909145104973 57.3520943802119 1
121.321149031493 57.1969523138869 1
122.162158985551 58.3416902716072 1
123.573896733995 58.1864449790375 1
34.3896239658844 59.3317051950231 3
35.801168438737 59.1763940300402 0
36.6417824956992 60.3214651259635 0
38.0535867289779 60.165845576909 0
38.8948975241486 61.3104653916411 0
40.3069696775849 61.1554788446718 2
41.1475430028198 62.3006255814497 2
42.5595182576814 62.1463880669422 5
43.399319123208 63.2919064054874 2
44.8112207626448 63.1364711000432 4
45.6514842096832 64.281264780809 3
47.0634549855179 64.1247726630157 3
47.903364378531 65.2699449317541 1
49.3152267948195 65.1142211652892 5
50.1548094364583 66.2599573756177 2
51.5667759810508 66.1055316380142 5
52.4074471187611 67.2505225900369 1
53.8194757394884 67.0954097751624 1
54.6604586432754 68.2401129461601 1
56.072261001837 68.084682018506 1
56.9125180121934 69.2298868225807 1
58.324054059613 69.0745784382276 4
59.1644906018673 70.2197970137975 0
60.5762284572738 70.0643019893557 0
61.417591434504 71.2089210810334 0
62.8296375995014 71.053861369204 4
63.6704812543479 72.1988406749895 2
65.0824648900685 72.0445682696954 1
65.9223514926964 73.1900914300777 2
67.3342128214889 73.0348810474902 0
68.1744087839899 74.1797633519067 4
69.5863762923439 74.0232764535029 0
70.4264403983873 75.1683136638978 1
71.8383428847334 75.0123891312914 5
72.6779050566566 76.1580899790389 2
74.089892973558 76.0036647434209 2
74.9302418429872 77.1488775873098 1
76.3422887987009 76.9938293145531 1
32.1710000265379 0.174981889914569 1
33.5828707217223 0.0193887144515392 1
34.4231769380946 1.16450809953394 1
35.8347216963729 1.00916779870393 4
36.6749861112429 2.15450941922691 0
38.0866633716483 1.99914710254918 0
38.928023508153 3.14379402634239 0
40.3400327379178 2.98869367507921 4
41.1811290391271 4.13351709852921 2
42.5931171771957 3.97918143797035 1
43.4331465241003 5.12466093032039 5
44.8449749933672 4.96968494004528 0
45.6851131496108 6.1146684144033 0
47.0970656303214 5.95826238911986 0
47.9373014708238 7.1031702486396 3
49.349238731141 6.94709317171194 5
50.1888504778639 8.09271256919195 2
51.6008500547814 7.93825849833903 2
52.4408946104747 9.08368881912879 5
53.8529515456386 8.9287451531384 2
54.6938522687397 10.0733779309151 1
56.1057818500684 9.9176526099627 1
56.9461057019825 11.0626955974897 1
58.3576800406772 10.9072695500982 5
59.1977894891301 12.0527033349847 0
60.6094172335979 11.8974480731951 0
61.4507039273978 13.0421639710041 0
62.8626711264357 12.8870438270472 3
63.7039636095616 14.0317453185794 2
65.1159467815043 13.8773113099931 1
65.9561533268063 15.0227106205082 5
67.3679595777143 14.8679315927891 0
68.2080602068517 16.0130172085144 0
69.6199838585217 15.8567469718676 0
70.4603755576923 17.0015548936164 3
71.8723426204088 16.8453705492172 4
72.7120705435899 17.9908704693718 5
74.1240789084414 17.8363524639555 2
74.9638851606866 18.9819592847845 5
76.375946780421 18.8271450175355 2
77.2167378506532 19.9718089887262 1
78.628710930938 19.8159879766669 1
79.4690240823407 20.9609682466168 1
80.8806526408173 20.8054102023303 5
81.7206387402872 21.9508975879132 4
83.1322339017869 21.7957107925731 0
83.9733762591777 22.9405392497681 0
85.3853035923436 22.7854311981718 3
86.2267293728036 23.9300482721787 4
87.6387012734851 23.7754972871666 2
88.4791115130936 24.9207833079792 1
89.8909035523008 24.7661427130487 3
90.7309992320684 25.9113135141649 0
92.142880040272 25.7552281705419 0
92.9833951067338 26.8999765375756 0
94.3953846120361 26.7437375606147 4
95.2352921350407 27.8890868333041 5
96.6473134938921 27.7344729194402 2
97.4869836922608 28.8801855473673 2
98.8990470453834 28.7255096013042 2
99.7396675687334 29.8702731732366 2
101.151668805854 29.7143952837313 1
101.991970576792 30.8593156265498 1
103.403673757919 30.7035846167158 5
104.243568353416 31.8490869966553 4
105.655150926427 31.6939039872 4
106.496075817805 32.8388887459802 0
107.907966973565 32.6838149059382 3
108.749464107267 33.828383364268 4
20.1369268904092 33.6736966386796 5
20.9775455974623 34.8188515816764 1
22.3893250492551 34.6642674700489 3
23.2294302975665 35.8095096812223 0
24.6412563029786 35.6536344360732 0
25.4818472641177 36.7983725008613 0
26.8938475737204 36.6421209096907 0
27.7339746760953 37.7873117708471 5
29.1460113957455 37.6325729531769 2
29.9856466240421 38.7783174781503 2
31.3977080818008 38.6237778681505 2
32.238100827739 39.7687094633462 2
33.6501169575315 39.6128310076478 5
34.490421312923 40.7576909674473 1
35.9022081536034 40.6017778136612 2
36.7420403340011 41.7472611615306 5
38.153630106655 41.5920300428834 4
38.9942822879384 42.7372005814096 0
40.4061409893444 42.5821980800253 3
41.24765991242 43.7267435869124 3
42.6596112828167 43.5719340495054 5
43.5004324811591 44.7169508235623 1
44.912196485225 44.562356663944 1
45.7523199531662 45.7076521815662 0
47.1640848625443 45.551997256055 0
48.0047115489186 46.6967649644649 0
49.4167079208266 46.5405481336867 0
50.257081470907 47.6855838126481 4
51.6691355635209 47.5307072757103 2
52.508819806696 48.6764191586111 2
53.9208759242077 48.5220082876947 2
54.7610252232315 49.6671425553371 2
56.1730459754821 49.5113274627158 5
57.0133737384315 50.656123601476 1
58.4252375427941 50.500042788128 1
59.2650333275861 51.6454795313242 2
60.676648296053 51.4901564708514 2
61.5170129994076 52.6355111049029 0
62.9288458678463 52.4806097014849 3
63.7703368529244 53.6251582142677 3
65.1822864304621 53.4702488139041 1
66.0232801723035 54.6151399198561 2
67.4350270254012 54.4604734980836 1
68.2751783197788 55.605796837365 3
69.6868814938869 55.4503320629559 0
70.5275101518131 56.5951588306573 0
71.9394828354599 56.4390138804157 0
72.7801085498068 57.583906486581 4
74.1921796791676 57.428888052167 2
75.0319892012687 58.5745090015459 2
76.444035903422 58.4202015555952 2
77.28397466846 59.5655304260703 2
78.6959903163157 59.4098305326564 4
79.5363549009297 60.5545655640432 1
80.9482759396805 60.3983448518569 1
81.7880672057202 61.5437092894612 2
83.1997219952326 61.3882550792508 2
84.0398258650827 62.5337616180066 4
85.4516458126452 62.3789775501084 3
86.2930568623051 63.5235607959798 3
87.7050127631084 63.368585774985 1
88.5461314902469 64.513376896974 5
89.9578700763387 64.3585953703711 1
90.7980716804374 65.5039098554929 3
92.2097198319001 65.3485927607153 0
93.0503222508158 66.4934988822946 0
94.4622486603441 66.3374640769884 0
95.3031028180336 67.4822392361108 4
96.7151856224037 67.3270966874188 2
97.5551896949286 68.472577493287 2
98.9672239045212 68.3183399780919 2
99.807014854467 69.4638254228295 2
101.219014781605 69.3082857960884 4
102.059388502806 70.4529955486008 1
103.471344809146 70.2966708435195 1
104.311164674042 71.4419452387951 2
105.722869480523 71.286329065994 2
106.562751897141 72.4319483003195 4
107.974576337934 72.2772752043017 5
108.81582791268 73.4219511996562 3
110.227796798216 73.2669499628777 1
111.068983497187 74.4116746257436 5
112.480733610232 74.2567436142149 1
113.321004918977 75.4020182338442 3
114.732611320652 75.2467987472027 0
115.573155625654 76.3918033486622 0
116.985016205726 76.2358990979786 0
117.826046602231 77.380597475609 0
119.238130201727 77.2253504977653 3
75.0661340769084 0.407158035692873 2
76.47815959136 0.252939493744511 2
77.3178877369797 1.39852123389927 2
78.7298632135362 1.24316262331553 4
79.5701917530828 2.38790510858648 5
80.9821664591096 2.23149948404289 3
81.822041639591 3.37667793301169 1
83.2338048371668 3.22086220047398 2
84.0734892150883 4.36657090906312 2
85.4853322157818 4.21196982147634 5
86.3263074897987 5.35682869127125 3
87.7382916701494 5.20185157391309 1
88.5794894896029 6.34654311014385 1
89.9912747796012 6.19147093680721 1
90.8316271744611 7.3366854623624 1
92.2432092140113 7.18155320972892 0
93.0836627051125 8.3266655519453 0
94.4954482390905 8.1709086658748 0
95.3365943426845 9.31557071276768 0
6.72416688786383 9.16024886481439 4
7.56469713953284 10.3053744309108 2
8.97672312526863 10.1511338912454 5
9.81647707015304 11.296745957492 2
11.2284196184303 11.1415952825538 4
12.0686533286867 12.2864244546997 4
13.480632168789 12.129997812494 3
14.3206077097935 13.2750620492668 1
15.7324285314576 13.1190708395195 1
16.5720410121222 14.2647706511198 2
17.9839167444781 14.1101914594651 2
18.824595316441 15.2552452357105 3
20.2365980804806 15.1003020711625 1
21.0778004388656 16.2449452219113 1
22.4896362842029 16.0896896202487 1
23.3300740951585 17.2348206407741 1
24.7416424278739 17.0796669176117 3
25.5819634962232 18.2249061384644 0
26.9936749160366 18.0692847403443 0
27.8348690819455 19.2139598108242 0
29.2469112336309 19.0585889340924 4
30.0877219775322 20.2035435543333 2
31.4997575863144 20.049241669942 5
32.3396087343744 21.1948329717972 2
33.7515175915966 21.0398923689249 4
34.5916330688917 22.1848461548651 4
36.003605944053 22.0284445346593 3
36.8437001497871 23.1733975699651 1
38.2555722879165 23.0172349581619 1
39.0951478078477 24.1629006440623 2
40.5070508709644 24.0082869687443 2
41.3473872433453 25.1535709308821 5
42.7594044765343 24.998713874571 1
43.6005676031 26.1433299338765 1
45.012459119983 25.9879440102584 1
45.8529736809013 27.1329847027954 1
47.264547141352 26.9777995601751 3
48.1047493028526 28.1231322460413 0
49.5163938062377 27.9676439971849 0
50.3575837373823 29.1123606246572 0
51.7695830907971 28.9569740956666 0
52.6106568441379 30.1017727268478 2
54.0227003851198 29.947385273789 2
54.8627104558393 31.0929061550917 5
56.2745910040998 30.93816571542 4
57.1146076117711 32.0832487704656 4
58.5265627101032 31.9269333509917 0
59.3667856025203 33.0717824718359 1
60.7786974883748 32.9154839722275 5
61.6183010788309 34.0610719088227 2
63.0302228508227 33.9063757005619 2
63.8702476845577 35.0518671161641 5
65.2822766503272 34.8971214683014 1
66.1233588575639 36.0417377631625 1
67.5353029075912 35.8862523539336 1
68.3758636476015 37.0312109052703 1
69.7874638437453 36.8759429035603 5
70.6275729644994 38.0213315954299 0
72.0391642012468 37.8659489614703 0
72.8802896910856 39.0107410728923 0
74.292236565039 38.8553733399556 0
75.1335184703527 40.0000514647753 4
76.54556086931 39.8455630158906 2
77.3857744085775 40.9909734477634 5
78.7976381755216 40.8364004381649 4
79.6375985074966 41.981597020999 4
81.0495243131662 41.8254263148331 0
81.8898560974963 42.9702017184859 3
83.3017997143247 42.8138108299031 3
84.1414935036331 43.959286689337 5
85.5534328653199 43.8044671723189 2
86.3932163422033 44.9501162348588 2
87.8052567844333 44.7954905573339 1
88.6461955134134 45.9401624300108 1
90.058182984233 45.7846086303797 1
90.8987512277379 46.929500991173 1
92.3104026664256 46.7740924686996 5
93.1504474685344 47.9194991087703 3
94.5620031311984 47.7641741825207 0
95.4029988145639 48.9090781660241 0
96.814892555847 48.7537620168238 0
97.6563179277817 49.8983595103332 4
99.0683493464332 49.7437612867176 2
99.9087983467059 50.8890287061313 5
101.320656443141 50.7345696712451 3
102.16061296304 51.8798496429831 4
103.572498877744 51.7238770274108 0
104.41290004833 52.86862417125 3
105.824866874803 52.7121870999961 3
106.664705339765 53.8575274386235 5
108.076666859832 53.7025556891362 2
108.916303342927 54.8482949684701 2
110.328354637282 54.6937823651047 2
111.169073785708 55.838584579589 1
112.581091693647 55.6829969883315 5
113.421642886505 56.8278347432328 1
114.833365716308 56.6722424402558 5
115.673367038673 57.8176353331741 3
117.084905760287 57.6623112854277 4
117.925700553544 58.8073667824213 0
119.337544603235 58.6521290174912 0
120.179049441811 59.7966847674921 4
121.591063143474 59.6419759880692 5
122.431755198757 60.7870871700369 1
123.843611941425 60.632675388867 1
124.68360262992 61.7780114712101 4
36.0709440421704 61.6222775557342 0
36.9113776679955 62.7670395861676 0
38.3233562179621 62.6106023150568 0
39.1633845082633 63.7557940080856 5
40.5753711864076 63.6006588779297 2
41.4149663832441 64.7464110465305 2
42.8270263357498 64.5920039934596 2
43.6674776182946 65.7369931109323 1
45.0795144346992 65.5814364086089 5
45.9200534612525 66.7262181573465 1
47.3318578400626 66.5704485980738 5
48.1718289458728 67.7158034848705 5
49.5833689165862 67.5604428759213 4
50.4239053682274 68.7056797917691 0
51.8357022248994 68.5505477883861 0
52.6772144844009 69.6951062630519 0
54.0892069238697 69.5402956962421 5
54.9301153985691 70.6852653744918 2
56.3419678518771 70.5308278200075 1
57.1820125029802 71.6761997565344 4
58.5938021883218 71.5207080552022 0
59.4342377898433 72.6655248798224 0
60.8462151959957 72.5091305550602 0
61.68646088555 73.6541771852229 3
63.0984738208899 73.498874845312 2
63.9381056689816 74.6445858049425 2
65.3501692901858 74.4902512862928 2
66.1903383402052 75.6354612558891 1
67.6023806437083 75.4799564055881 5
68.442915810645 76.6246816155585 1
69.8547935522226 76.4687155810097 1
70.6947542157475 77.6140029398073 5
72.1063150806231 77.4585352887932 2
27.9343636966839 0.640420640077173 0
29.3461216792206 0.485393771356038 0
30.1876160992053 1.629960650626 0
31.5995906757845 1.47507304526035 1
32.440707817604 2.61989899571697 2
33.8525486265783 2.46539274695763 1
34.6926823548932 3.61075769961767 3
36.1044245287442 3.45549362564451 0
36.9448505910348 4.60038345204327 0
38.3568076070548 4.44408991986427 0
39.1972846101831 5.58899668827464 3
40.6093207229803 5.43355366379951 2
41.4490720843575 6.57916216104408 2
42.861133958665 6.42488922393514 2
43.7010669192397 7.57030067907329 2
45.1131060699539 7.41491794392971 2
45.953635726598 8.55960051115142 1
47.3655680534559 8.40349523344053 1
48.2055219961532 9.54870924652909 5
49.6171242149797 9.39311401153866 2
50.4571967031904 10.5386277328007 4
51.8689287264935 10.3837095423581 3
52.7103251035203 11.5283384865235 0
54.1222866598264 11.3734005021113 1
54.9635388084239 12.5181297137289 5
56.375367954885 12.3635006008811 1
57.2156049879057 13.5088288734517 3
58.6273040941007 13.3537308125044 0
59.4677033489297 14.4987106022145 0
60.8796185304469 14.342552066866 0
61.7203022827404 15.4873486001666 0
63.1323547591393 15.3317890873588 2
63.9722914125117 16.4772522869353 2
65.3843492593718 16.3230051817763 2
66.2241181549793 17.4685748821396 2
67.6361473244471 17.3133511675495 2
68.4766314281314 18.4580406558736 5
69.8885980474582 18.3018338751228 1
70.7285602340565 19.4469707252239 5
72.1402220613699 19.2912207578856 2
72.9801046029634 20.4368249035231 4
74.3918302299379 20.2819888321879 4
75.2330470893442 21.4267366034035 3
76.6450023330873 21.2717838326798 1
77.4863280849535 22.4164532052072 5
78.8981564866164 22.2616732039671 1
79.7385132589548 23.4069354802995 1
81.150176836562 23.2519403672097 0
81.990536084164 24.3970163029667 0
83.4023897020433 24.2410189983969 0
84.2432349840134 25.385746511852 0
85.6552934814593 25.2301059723748 4
86.4954727589703 26.3753949746426 2
87.9075275927244 26.2211309097126 2
88.7472290037971 27.3667889531926 2
90.1592429227907 27.2117483083073 2
90.999626857451 28.3565078477866 5
92.4116118511224 28.2002425630984 1
93.2516120778193 29.3452951020517 1
94.6633461629127 29.1893758270797 2
95.5030881991323 30.3350243940663 2
96.914828100105 30.1802241465543 4
97.7557846739952 31.3251469151929 3
99.1677390577165 31.1702145392895 1
100.009098933344 32.3148414963129 1
101.420944215444 32.1599014691385 1
102.261431709253 33.3050749405345 1
103.673068429257 33.1501169006839 3
104.513370992447 34.295288732487 0
105.92515118272 34.1394502564474 0
106.766098016787 35.2841554247348 0
108.178147856645 35.1284589801651 4
109.018600654073 36.2735680669471 2
110.430658099603 36.1192322402141 2
111.270381006973 37.2649092300862 2
22.6578774698216 37.1100526259225 2
23.498110563978 38.2549414712201 2
24.9101017664122 38.0986637203246 3
25.7501664448186 39.2436293789818 1
27.1619738240145 39.0875376901908 1
28.0016268233754 40.2331866908564 2
29.413395166319 40.078367124093 2
30.2540309306987 41.2235043619841 3
31.6659874010013 41.0686333029438 1
32.5073459349534 42.213230074519 1
33.9192224232204 42.0581517433322 1
34.7598400566157 43.2032233176881 1
36.1714592902253 43.0482555891218 3
37.0116935165091 44.1935132791925 0
38.4233976783177 44.037831259841 0
39.2643910911052 45.1825539634583 0
40.6764157670409 45.0268408145122 0
41.517152646684 46.1717782493914 2
42.9292195698157 46.0173432471557 2
43.7690417954091 47.1629787461112 2
45.1810103921512 47.0083040436653 2
46.0210780818652 48.1533524103021 2
47.4330648747078 47.9971235579933 3
48.2732156549464 49.142001015228 1
49.6850850561574 48.9857582343582 1
50.524700557571 50.131367235776 2
51.9365009232992 49.9764786840018 2
52.7768044196482 51.1218310099035 4
54.1887657706605 50.9670632811159 1
55.0300825884914 52.1116471494999 1
56.4419978124235 51.956466485819 1
57.2827258053775 53.1014367381614 1
58.6943421290513 52.9464190648198 1
59.5345164038582 54.0917368897824 0
60.9461513033196 53.9361948472544 0
61.7871385034738 55.0809702510203 0
63.199119637228 54.9252778988477 0
64.0401180670519 56.0700685565479 4
65.4521946630045 55.9155200753046 2
66.2921781365453 57.061066130496 2
67.7041227014669 56.9065475637511 4
68.5440524586981 58.0517513157748 2
69.9560221228684 57.895622712721 0
70.7962622630976 59.0404214970031 1
72.2081758914633 58.8840525980886 1
73.0478086916966 60.0295839299756 2
74.4596375918704 59.8745724535706 2
75.2996440698877 61.0201069843287 4
76.7116151220761 60.8654586443514 1
77.55284069418 62.010061487469 1
78.9647965240753 61.8548067770077 1
79.8055985571191 62.9996888383001 1
81.2172345868501 62.8445733189512 1
82.0573773773388 63.989912170818 3
83.4689584861244 63.8344768157282 0
84.3098958573177 64.9793294681734 0
85.7218184056143 64.8236974306222 0
86.5630296576281 65.9683752030647 4
87.975108006162 65.8137164743355 2
88.815309403897 66.9591270703373 5
90.2272380575919 66.8047336062611 5
91.0670891148073 67.9500606008315 2
92.4790294659574 67.794089323507 0
93.3193332786315 68.9388409989776 3
94.7312770014181 68.7823839493848 3
95.5709798492439 69.9278086897149 1
96.982837753082 69.7726344668041 2
97.8226109775031 70.9183015414365 2
99.2345983145156 70.7637704331426 5
100.075654523499 71.908455328322 1
101.487647902674 71.7531594058294 1
102.328477244906 72.8979747039644 1
103.740158567225 72.7427134184067 1
104.580290458054 73.8880419294693 3
105.991835843138 73.7326708964709 0
106.832660991419 74.8776354735171 0
108.244519996438 74.7220980435393 0
109.085875952033 75.8667076909867 4
110.49794456077 75.7119502675652 2
111.338398108946 76.857198902698 5
112.750323254293 76.7028813624648 5
113.590163972054 77.8482891005365 4
115.002065241741 77.6925224875127 0
70.8301386097436 0.87377486750601 3
72.2421011387314 0.717265735615282 3
73.0819218032061 1.86256402118123 1
74.4938124182512 1.70719622153818 5
75.3334363645212 2.85293384499551 2
76.7454439476239 2.69849019647106 5
77.5862447318358 3.8433322646393 1
78.9982691130537 3.68801895089435 5
79.8390823410353 4.83278700858291 1
81.2508294206231 4.67733181751983 1
82.0909484769834 5.82263583442657 3
83.5024751027227 5.66727844079039 0
84.343104837458 6.81240308222376 0
85.7549017859761 6.65698470302391 0
86.5963283764914 7.80157536743695 0
88.0083767367825 7.64674508193041 2
88.8490888540295 8.79183012470167 2
90.2610194692364 8.6375536170541 1
91.1009103549084 9.78300170523781 4
92.512769049677 9.62749716654196 0
93.3530748107863 10.7722937856095 0
94.7650447710456 10.6157885827125 0
95.6050261646447 11.7609452759751 1
6.99245372185327 11.6053878204455 2
7.83202315713604 12.7511265499282 2
9.24404851185641 12.5967482648228 5
10.0845455700756 13.7417965505759 1
11.4965907275629 13.5865204899188 5
12.3373870355073 14.7312334883053 1
13.749208354512 14.5755920732154 1
14.5893586794579 15.7208209077756 1
16.0008862843263 15.5654354334849 4
16.841321292732 16.710700008738 0
18.2530622202799 16.555397823788 0
19.0945263398989 17.6999805952457 0
20.5065470542023 17.5450633754896 5
21.3475169826637 18.689982442904 2
22.7594511101501 18.5356575154432 1
23.5994368403031 19.681108130365 4
25.0112535983944 19.5258395766747 0
25.8515218085325 20.6707173670317 0
27.2634869832884 20.5142569055936 0
28.1036551180905 21.6592747689677 3
29.5156121204041 21.5035413533586 2
30.3552039436742 22.6492296231162 2
31.7672410273199 22.4948808055264 2
32.6074282405505 23.6401562598357 1
34.0194843598027 23.4849580712305 2
34.860251010411 24.6296268225061 1
36.2721415128392 24.4738171203916 1
37.1122990996286 25.6189740508743 1
38.5238457731575 25.4635139241524 4
39.3640714150285 26.6089132040006 0
40.7757621150326 26.4537292772863 0
41.6171869390539 27.5983511772566 0
43.0291753483037 27.4433809775295 3
43.8703581181043 28.5881635165176 2
45.2822879716588 28.4337608094693 1
46.1224065910122 29.5791752067418 5
47.534189440722 29.4241382604374 0
48.3744273081448 30.569106623133 0
49.7863724055895 30.41275335146 0
50.6267400339464 31.5576398715764 3
52.0387263714137 31.4017671017927 2
52.8784214998188 32.5473501601808 5
54.2904635542248 32.3930051573942 2
55.1303898951476 33.5384835797433 5
56.5424481900588 33.3834062824844 2
57.3831644869865 34.5280565242276 5
58.7951074528289 34.3721159463379 1
59.6352590679876 35.5172022762497 1
61.046847948887 35.3616254117531 2
61.8868936171886 36.5071228573205 0
63.2985474983808 36.3520346158284 0
64.139863869699 37.4967382810831 0
65.5518218135472 37.341738122013 3
66.3931566545417 38.4864205622157 2
67.8050755998999 38.3318992016092 1
68.6453534344106 39.4772415623237 1
70.0571088319699 39.3223797265486 0
70.8973248933085 40.467441210105 0
72.3092318622553 40.3112390841497 0
73.1497743967102 41.4560278633188 0
74.5617834639591 41.300057501786 4
75.4016480347653 42.4454969550985 2
76.8136945717497 42.2911205493549 2
77.6534417704328 43.4367510550622 5
79.0654972249369 43.2818215942679 2
79.9061130587121 44.4265120727024 5
81.3180905864935 44.2704788365238 1
82.1582337563617 45.4154996467328 5
83.5698876483036 45.2597708921762 2
84.4097889311803 46.4053270562585 4
85.8214260076038 46.250290618946 4
86.6625579412682 47.3951255265104 0
88.0744906075505 47.2401238969948 3
88.9159163060663 48.3847415842318 5
90.3278264225036 48.230078142492 5
91.1682784109946 49.3753206244769 1
92.5800106543933 49.220557187178 3
93.4202148196944 50.3657037124361 0
94.832067066785 50.2096811068804 0
95.6727420821859 51.3544160913653 0
97.084764056914 51.1983910874994 4
97.9248523962808 52.3436634254678 2
99.336905233166 52.1892134839482 2
100.176576748559 53.3349227818172 2
101.588625878764 53.1801534544805 2
102.429080796566 54.3249551314445 2
103.841078213807 54.1688781868067 1
104.681230666765 55.3138325873551 1
106.092964684324 55.1579340457464 2
106.93275798311 56.3035103335508 4
108.344399491635 56.1484714700202 4
109.18527156777 57.2934856307367 0
110.597183297253 57.1385177492431 3
111.438649202842 58.2830970647864 3
112.850558909758 58.1282884424671 5
113.691186875726 59.2734151752963 1
115.102897174912 59.1186766756108 3
115.943087018331 60.2638994254536 0
117.354872612947 60.1080671048351 0
118.19562745021 61.2527956811612 0
119.607648620877 61.0967560571849 0
120.447994262868 62.2418582689143 2
121.860055860081 62.0872981176001 2
122.699744372665 63.2330132558697 2
124.111782589432 63.0784030873257 2
124.952034773964 64.223370405325 2
126.364040291491 64.0673080528763 3
127.204229502512 65.2121896256951 1
38.5915476225676 65.0561209419152 2
39.4312776095751 66.2016744672968 2
40.8429409732736 66.0465817078934 2
41.6835151138719 67.1917912150089 0
43.0954104313914 67.0369049327936 3
43.9368843116111 68.1814544076976 3
45.3488053387728 68.0265499056786 1
46.1896034089079 69.1715543956063 1
47.6012943979955 69.0168100853285 3
48.4414585713777 70.1621022975867 0
49.8531726103785 70.0064674491492 0
50.6939378060375 71.1512461330735 0
52.1059389712793 70.9952317742702 0
52.9465293593072 72.1401939835218 4
54.3586046741442 71.9854927197409 2
55.1983795798953 73.1311594258414 2
56.610404329502 72.9766869578218 2
57.4504487807655 74.1218448396819 2
58.8624538592806 73.965852887374 3
59.702698992518 75.1106631994733 1
61.1145825923193 74.9544412443612 1
61.9542813268224 76.0999469963977 2
63.3659792440201 75.9447508884265 2
64.2062454505334 77.0901552721051 4
65.6181319464369 76.9353701178177 1
21.4473057145028 0.116427468304574 3
67.871491499024 77.9249045104789 1
23.7001778364397 1.10629553318072 5
25.1118572955516 0.951446403821186 1
25.9520301396307 2.09675785017582 3
27.3636795023793 1.941263177789 0
28.204458412532 3.08608441790727 0
29.6164226588187 2.93013759084161 0
30.4572924512866 4.07494321159542 4
31.869379239929 3.92012675931945 2
32.7093222984941 5.06568198260503 2
34.121328806768 4.9113382113419 2
34.9612069546789 6.05666738175742 2
36.3731983841436 5.9008103300709 4
37.2134983418012 7.04556086160739 1
38.6254278047533 6.88922226433009 1
39.4651398000553 8.03464810369989 2
40.8768761597939 7.87931295071729 2
41.7168721991444 9.02487177356183 4
43.1287612529023 8.87021290987597 5
43.9700769292968 10.0148145859345 1
45.3820379497599 9.85973617144097 1
46.2230595431186 11.0045435246869 5
47.6347474176819 10.8495768294987 1
48.4749391951272 11.9948841787105 3
49.8865357909317 11.8395053216895 0
50.7272671130062 12.9844122621608 0
52.1391717936684 12.8285667108843 0
52.9802481815669 13.9732722000747 4
54.3923392131799 13.8183418384948 2
55.2325017925984 14.9637489911615 2
56.6444932065402 14.8094853685005 2
57.4842697117328 15.9549457309331 2
58.8962352343846 15.7992595418039 4
59.7365514335526 16.9439922510931 3
61.148508026696 16.7875646419556 1
61.9882730355928 17.9328906814191 1
63.4000523464426 17.7773775388958 2
64.2398304849379 18.9230460478552 2
65.6517364450744 18.7684981421288 5
66.4928584206136 19.9132107440559 1
67.9048457791031 19.7581122499476 1
68.7459040139546 20.9028611127373 1
70.1576262924665 20.7477396054781 1
70.9978547787626 21.8930146609479 3
72.4094166571318 21.7377111066153 0
73.2500513974738 22.8827319813302 0
74.6618853565763 22.7270082044869 0
75.5031042767214 23.8716574969915 0
76.9151867370304 23.7166344802683 2
77.7556087912252 24.8618696186537 2
79.1675960167173 24.7076405456447 5
80.007355567261 25.8531743586957 2
81.4192855761932 25.6976935970036 4
82.2595677290808 26.8424614704449 3
83.6715376343104 26.6859837573213 3
84.5113990396878 27.8311923260868 1
85.9232252395221 27.6754831835267 5
86.762860019933 28.8212036900848 2
88.1747927372292 28.666730897862 5
89.0156377731826 29.8116219184537 1
90.4276510634151 29.6565396335002 1
91.2687110777132 30.8012418125777 1
92.6804891710786 30.6459443466602 1
93.5207696481286 31.7911603418232 1
94.9323143976383 31.6358898811733 0
95.772805899382 32.7810438131538 0
97.1845692105765 32.6254496912014 0
98.0258746066586 33.7700783712597 0
99.4379362927342 33.6149802648024 4
100.278637525276 34.7600377089177 2
101.690631233437 34.605791964112 5
102.530452749045 35.751343053503 2
103.942343167142 35.5960845792313 4
104.782554683459 36.7409322602126 4
106.194526018996 36.5844433935352 3
107.034518284521 37.7295248784731 1
108.446389997383 37.5736163272534 5
109.285958339262 38.7193316992043 2
110.697917283499 38.5648780640118 2
111.538433304523 39.7099921450796 1
22.9259705861459 39.554959582952 1
23.7670060177896 40.6996204852705 1
25.1788491004186 40.5441516828041 1
26.0191837072134 41.6892910460501 1
27.4307277887883 41.5340086420538 4
28.2710531843253 42.6792937226816 0
29.682750135472 42.52383177487 0
30.5240825589762 43.6684752097604 0
31.936111211369 43.513325441805 4
32.7770832456628 44.6582166610054 2
34.1890851886936 44.503916508851 1
35.0290294402919 45.6494385688458 2
36.4408837306277 45.4944110122265 4
37.2810194888213 46.6393625177701 4
38.6929808750311 46.482923102621 0
39.5331300445963 47.6278752775032 1
40.945040829579 47.4717980024119 5
41.7846171518224 48.6174558912764 2
43.1965937315133 48.4629793362387 2
44.0367816571998 49.6083217237933 5
45.448829642298 49.4533817254097 1
46.289815934475 50.5980131800101 1
47.701721698792 50.4424066177099 1
48.5420947839884 51.5874649113067 1
49.9536570428179 51.4321283850189 5
50.7938282665221 52.5775165991186 0
52.2054681026787 52.422178497621 0
53.0467610795365 53.5668748515552 0
54.4587469918086 53.4117034371754 3
55.2999486263769 54.5564551245244 2
56.711951790148 54.4020722785987 1
57.5520631933218 55.54752538882 5
58.96389151657 55.3927116092172 0
59.8039689136478 56.5377734835055 4
61.2159080156271 56.3814444829783 0
62.0562119931518 57.5262866502373 3
63.4681561461531 57.3700809811347 5
64.3078085406421 58.515639530123 5
65.7197957196489 58.3610981056731 2
66.5597048405387 59.5066387123707 5
67.9717612570832 59.3518132226268 2
68.812658331096 60.4964517592415 1
70.2246153145595 60.3407335423353 1
71.0649965867424 61.485720467507 1
72.4766002724823 61.3302701871137 5
73.3166483931987 62.4757209773015 0
74.7282455229588 62.3204668118673 0
75.5694341709819 63.4652531573716 0
76.9813753142865 63.3100826814542 3
77.8227473511217 64.454729182028 4
79.234742577181 64.3002353181301 2
80.0750573721682 65.4455806137398 5
81.4868708492813 65.2909292688848 3
82.3269290617057 66.4360845760306 0
83.7388330103023 66.2799181987099 0
84.579268644867 67.4246843081272 3
85.9912405002759 67.2684006765676 4
86.8310373880464 68.4138233948447 5
88.2430376882877 68.2591846688114 2
89.0827558538986 69.4048640781791 2
90.4948176741353 69.2501694853245 2
91.3355650175813 70.3948786068531 1
92.7475582961227 70.2390886745301 1
93.5879260355907 71.3840159483819 1
94.999594954787 71.228408379954 5
95.8395502165977 72.3738842971652 4
97.2511235222688 72.2186637702503 4
98.0921340201916 73.3635849203214 0
99.5040336972291 73.2084475237795 3
100.345510228676 74.3530289902022 4
101.757492282321 74.1984109888211 5
102.598025019952 75.3436249508068 1
104.009829066476 75.1890691478104 3
104.849895289706 76.3343008931199 0
106.26175151779 76.1783403254644 0
107.102273778379 77.3230799187316 0
108.514263533576 77.1667678646641 0
64.3420038797304 0.34853768780022 5
65.7540212714535 0.193774766795658 2
66.5936519694946 1.33951949718751 2
68.0057162724181 1.18495475527608 2
68.8462471812496 2.32980895233757 2
70.2582623385912 2.17399219166685 5
71.0986192752584 3.31886267799692 1
72.5103687540591 3.1630684716947 5
73.3502554820123 4.30853674084136 4
74.7618245291419 4.15328630167593 4
75.6025874727888 5.2983819947899 0
77.0144488932649 5.14330125699585 3
77.8559664415174 6.28785452165431 3
79.2679349444767 6.13310484609794 5
80.1086729016523 7.27818504570533 1
81.5204655242178 7.12364750584932 3
82.3605423601089 8.2689476767154 0
83.7723416977753 8.11321789188619 0
84.6128996073938 9.25798268078644 0
86.0248936178165 9.10169465066501 0
86.8651039537457 10.246816181825 5
88.2771401190308 10.0919235026255 2
89.1167756557313 11.2376649574075 2
90.5288389796829 11.0832372872887 2
91.3691187736783 12.2282861972364 2
92.7811441111133 12.0725166692529 5
93.621511779336 13.2173225232319 1
95.0333432001737 13.0613537185755 1
95.8731930391088 14.2067777610419 5
97.2847763121295 14.0514582302068 3
98.1252657922225 15.1967333888543 0
9.51259616341435 15.0417498668177 3
10.3541180262884 16.186289560758 3
11.7660766305223 16.031437484342 5
12.6070253264699 17.1763691419542 2
14.018803085197 17.0217884712634 1
14.8589285945175 18.1671125584147 3
16.2706695648938 18.0115969753803 0
17.1112522432618 19.1564019963741 0
18.5232344538587 19.0001663114146 0
19.363699225405 20.1451322155776 4
20.7757547390933 19.9900822425013 2
21.6154794581133 21.1357548737944 2
23.0275369606113 20.9814212080847 2
23.8675761939102 22.1266770102121 2
25.2796009475512 21.970989858449 5
26.1199914008941 23.1157355914713 1
27.5318901645067 22.9596054050371 1
28.3717178975695 24.1049700000632 5
29.7833339658363 23.9495355208461 2
30.6235530299261 25.0949767676832 4
32.0353567235123 24.9401053318696 3
32.8768219653363 26.0846691981035 3
34.2887781972352 25.9297376528475 1
35.1298800269521 27.0745560510758 5
36.5416435435519 26.9198787344021 1
37.3818196641743 28.0652071146431 3
38.7935044831706 27.909870013495 0
39.6340721361937 29.0547493816214 0
41.0460208833089 28.8986150072837 0
41.8867243274818 30.0434510105806 4
43.2987962546669 29.888268604502 2
44.1386797633174 31.0338224718423 2
45.5507281639096 30.879569017899 2
46.3905789030379 32.0250063529835 2
47.8025941302249 31.8694625258824 4
48.6429999745119 33.0141677845231 1
50.054944283639 32.8579178963846 1
50.8947804898791 34.0032022153809 5
52.306443518448 33.8476225225803 2
53.1464269010141 34.9931920835892 4
54.5582230934251 34.8384365418553 3
55.3995650882655 35.9830698212747 3
56.8115262366261 35.8280974166578 1
57.6527231054073 36.9728367422418 5
59.0644846189132 36.818024321239 1
59.9047318982798 37.9633228388914 3
61.3163693331064 37.8081126093221 0
62.1568946155978 38.953084610289 0
63.5687871186607 38.7970809542676 0
64.409690076737 39.9418217700796 0
65.8217696389993 39.7865281073375 2
66.6618743509091 40.9319230312595 2
68.0739123403529 40.7777064256435 2
68.9136510932048 41.9232733351148 2
70.3256475293681 41.7679053080567 4
71.166022241909 42.912622312574 5
72.5779921096264 42.7562854094085 1
73.4178665706074 43.9014782913912 1
74.8295872202345 43.7457259117749 2
75.669379019097 44.8913819923676 2
77.0811866602169 44.7367138406572 5
77.9223167728055 45.8814819049369 3
79.3342889958008 45.7265042176809 1
80.1755304252679 46.8711923524116 5
81.5873115087854 46.7162176552293 1
82.4276473025648 47.8614581077417 1
83.8392510291425 47.7063217061208 0
84.6797047237852 48.8513999537061 0
86.0915257788354 48.6955392400198 0
86.9325706130013 49.8402281325577 0
88.3446449511068 49.6848472858896 4
89.1850147722517 50.830062388274 2
90.5970490382368 50.6758332194172 5
91.4367696369871 51.8214600716677 2
92.8487400988551 51.6662856923239 4
93.6890297308448 52.8110734727233 5
95.1010105869004 52.6546862706421 3
95.9409580627007 53.7997777984127 1
97.3527421223815 53.6438394043974 1
98.1924039440072 54.7895306987955 2
99.604238094318 54.6349005702863 2
100.445075298724 55.7798634661728 3
101.857061363692 55.6249175466435 1
102.698313485471 56.7695662925549 1
104.110134494343 56.6144291243495 1
104.95056731301 57.7595910272944 1
106.362151231606 57.6044831860542 3
107.202502861919 58.7496747399123 0
108.614247936051 58.5939586765413 0
109.455373563728 59.7386384075976 0
110.867427952755 59.5831982793818 4
111.708082126456 60.7282334651485 2
113.120122447583 60.5739475348694 5
113.95990816861 61.7195724644116 2
115.371847120873 61.5645985967184 4
116.212012889113 62.709504922986 4
117.623992935866 62.5531154933257 3
118.464041435664 63.6981007995631 1
119.875884887837 63.541982538193 1
120.715479433258 64.6876597108496 2
122.127344240414 64.533010235877 2
122.967844993817 65.6781979664792 3
124.379844203376 65.5233216268574 1
125.22107714592 66.6679368146106 1
126.632947848855 66.5126584991679 1
127.47347918734 67.6577242421763 1
128.885057026712 67.5025999833379 1
39.7008073337532 68.6478849238999 0
41.1124787450009 68.492307154773 0
41.9536392934285 69.6370032342388 0
43.3656575573368 69.4815427601743 0
44.2066050326496 70.6263944432516 2
45.6186589840881 70.4720785076567 2
46.4585760621087 71.6176556394504 2
47.8704839076009 71.4629157850507 4
48.7104989084172 72.6079844231987 4
50.122462414764 72.4516586084857 0
50.9625812645166 73.5965768201558 1
52.3744748593752 73.4402851581942 1
53.2140588911172 74.5859086703529 2
54.6259496036086 74.4311753164859 2
55.4661210330373 75.5765811682073 5
56.8781332193752 75.4218027931174 1
57.7193087493181 76.5664048168298 1
59.1312323795653 76.4110166586245 1
59.971835955228 77.5559930926889 1
61.3834287436697 77.4008099613283 3
17.2113336975436 0.582663350365497 0
18.6229449886489 0.427208244810182 0
19.4640663957815 1.57197282889108 0
20.8760353183149 1.4165160408269 0
21.7172114184316 2.56124393225554 4
23.129266808813 2.40677430795239 2
23.9693727753371 3.55224720841622 5
25.3812591390645 3.39764729541795 4
26.2212153300321 4.54281884099409 4
27.6331598985424 4.38660659966829 0
28.4734390466097 5.5314022886875 3
29.885366144821 5.37502207941132 3
30.725009746691 6.5205463980714 1
32.1369189791478 6.3657121674773 2
32.9768096899976 7.51129830259005 2
34.3888333480266 7.35664667994291 1
35.2298916370614 8.5012802984131 1
36.6418618008283 8.34582090612907 1
37.4824963329743 9.49072319474695 1
38.8941265616781 9.33542932340966 5
39.7342146062884 10.480813246741 0
41.1457805837499 10.3254436401976 0
41.9868083701625 11.4703025131039 0
43.3987207140965 11.3148938955089 0
44.2400720776282 12.4595246222481 4
45.652121451995 12.3049500414675 2
46.4924522879538 13.4502892190599 5
47.9043282875978 13.2958241016595 3
48.7442490691607 14.4410975464185 4
50.1561586756808 14.2850607341824 0
50.996513256679 15.4298135750075 3
52.4084674236245 15.2733654391868 3
53.2482206204134 16.4187685539083 1
54.6601519121318 16.2637830328849 2
55.4998432213648 17.4094915674495 2
56.9118800764185 17.2549548197514 5
57.7527448412374 18.399689865298 1
59.1647519037108 18.2441855144545 1
60.0053782462943 19.3890313622501 1
61.4170695604461 19.233571674852 5
62.2571144632856 20.3789526108014 3
63.6686538820915 20.2236147804659 0
64.5095169034528 21.3686080907243 0
65.9213747518495 21.2132775876244 0
66.7628349217729 22.3578531608718 4
68.1748692676387 22.2031736045084 2
69.0154451911106 23.3483583787454 1
70.4273202946696 23.1939693853847 3
71.2672570161771 24.3393124607098 4
72.6791228681768 24.1835020130167 0
73.5195111800826 25.3282592534998 0
74.931482363497 25.1717891218952 0
75.7713931962655 26.3170542651268 1
77.1833509067882 26.1618994778106 2
78.0229441132227 27.3076574798751 2
79.4349935053895 27.1532224732518 2
80.2755967823091 28.2981284819237 1
81.687628716388 28.1426202716 5
82.5282363227574 29.2874129698874 1
83.9400043579247 29.131760942439 5
84.7800266904765 30.2771068987137 3
86.1915580017742 30.1217494759877 4
87.0321991194636 31.2669051162749 0
88.4440062936723 31.1116756995414 0
89.285519157625 32.2562281815638 0
90.6975327124062 32.1014510394426 5
91.5383557923376 33.2464747682449 2
92.9502313987912 33.0920971401546 1
93.7902247869661 34.2374777201923 4
95.2020437035299 34.0819196560423 0
96.042439317033 35.2267177564415 0
97.4544156594209 35.0702708490761 0
98.2945260442517 36.215388227403 5
99.7065115600467 36.0600597090334 2
100.546102260136 37.2057979630104 2
101.958160401835 37.0514402754135 2
102.798474431505 38.1965576583143 1
104.210519135619 38.0410916922774 5
105.051114534761 39.1858283749121 1
106.462960693027 39.0299831060528 1
107.302972328206 40.1752695536215 5
108.714513316062 40.0198407056987 4
109.554910156985 41.1651591903742 0
110.96667027642 41.0100391327408 0
111.808178933906 42.154599352547 0
113.220169004207 41.9997361530029 5
114.061214100799 43.144612459151 2
25.4485868599742 42.9901837761069 1
26.2886646819238 44.1355709990914 3
27.7004381847307 43.9802555634538 0
28.5408241621579 45.1251223271222 0
29.9527900776874 44.9687496726573 0
30.7931236613765 46.113721538997 3
32.2051358539767 45.9582358308702 2
33.0448048521367 47.1038966895009 2
34.4568654890776 46.949596804365 2
35.2969109036598 48.0949283437751 1
36.7089576662578 47.9395590037047 2
37.5495447521458 49.08424501266 1
38.9614549891099 48.9282409424594 1
39.8014581696168 50.0734565990495 5
41.2130299575942 49.9179203244408 2
42.0531973089129 51.0633767309919 0
43.4649206426397 50.908370485746 0
44.3063622936353 52.0529760741081 0
45.7183319798833 51.8980550402788 1
46.5595476266911 53.0428150551227 2
47.9714053942725 52.8882885084045 1
48.8115904958849 54.0336481502951 3
50.2233225573417 53.8785373582232 0
51.063686447561 55.0234914279983 0
52.4756222788434 54.8672438097748 0
53.3161705779245 56.0120914902398 3
54.7282048027167 55.8564796554146 2
55.5680232319108 57.002015376748 2
56.9800826157507 56.8477492963057 2
57.819917090049 57.9932663596339 2
59.2319583106703 57.8380391055083 2
60.0725089165743 58.9827126390846 5
61.4844628035297 58.8265883560313 1
62.3244606555009 59.9717320855911 5
63.7360843179325 59.8160528765611 2
64.5760527795951 60.9616125437955 4
65.9877564370638 60.8066949525213 4
66.8290573019653 61.9513951700111 0
68.2410125625114 61.7964393552015 1
69.0823350805903 62.9411216539658 5
70.4941840666338 62.7864504191774 1
71.3344966099368 63.9317485073422 1
72.7461924184782 63.7767687106683 0
73.5865289032366 64.9218147140092 0
74.9984139062825 64.7657176999905 0
75.8391443329843 65.9104753544351 0
77.2511919609888 65.7547654241955 4
78.0912256631309 66.9001371501577 2
79.5032835639618 66.7458601740277 2
80.3430020826861 67.8914981359326 2
81.7550329755517 67.7364382970496 2
82.5954999767966 68.8811568884859 5
84.0074801655648 68.7249524750315 1
84.8474970556662 69.8700174670022 1
86.259190528135 69.7141753772236 2
87.099003940576 70.8597948616788 4
88.5107095598295 70.7049283842571 4
89.3517893988617 71.8497784313908 0
90.7637366718969 71.6948277912537 1
91.6051148758677 72.8394602159861 5
93.0169683071433 72.6846330472074 1
93.8574207103054 73.8298448123272 1
95.2690870797765 73.6749315070921 3
96.1093851058011 74.8200701545127 0
97.5212029288987 74.6641412568505 0
98.3620610740643 75.8088563156538 0
99.774109838985 75.6530864267323 4
100.614401834205 76.7982800914849 2
102.026460699836 76.6439460211207 5
102.866156237753 77.7896346523368 2
104.278171772095 77.6347554424644 2
60.1062465833251 0.816086157515932 2
61.5182391716576 0.659850356088231 1
62.3582990829479 1.80483561103063 1
63.7700698183248 1.64882294597241 1
64.6097735798529 2.79446046000961 2
66.0214998574361 2.63959232793932 2
66.86228363314 3.7846423890375 3
68.2742268434865 3.62973397071402 1
69.1156215567042 4.77433285024567 1
70.527494773665 4.61935581309183 1
71.3680876442819 5.76446739418788 1
72.7797311235416 5.60955868037782 3
73.6199738808329 6.75478642890357 0
75.0317167791293 6.59901917827367 0
75.8726387752283 7.74374048689494 0
77.2846722865138 7.58794010476668 4
78.1252352814979 8.73296487541142 2
79.5373005941496 8.57853062069966 2
80.3770475055994 9.72421051467964 2
81.7890421227577 9.56951046884411 2
82.6291807184844 10.7145072869159 2
84.0411745711883 10.5583011655002 3
84.8812970482728 11.7032084371733 1
86.2931391002831 11.5470414459932 1
87.1327790330543 12.6926585477527 2
88.5445367197378 12.5377460513095 2
89.3849917770834 13.6830119285589 4
90.7969346445366 13.528200203987 1
91.6383109671487 14.672776797791 1
93.0502147381329 14.5176920219894 1
93.8909446228609 15.6626911355651 1
95.3025750765221 15.5077519158072 3
96.1427705993674 16.6530418441926 0
97.5544398824142 16.4974341639337 0
98.395386814207 17.6421878010841 0
99.8073871571551 17.4864045131535 0
100.64823516559 18.6312625166371 4
12.0358149384245 18.4767153948809 2
12.8757037033913 19.6223158384953 2
14.2876754440884 19.4677760688387 2
15.1276579014184 20.6129325333432 2
16.5396422935562 20.4568036265334 3
17.3798559064328 21.6016229469436 1
18.7917524730364 21.445311261781 1
19.6313870499052 22.5908628537507 2
21.0431764831362 22.4358373792839 2
21.8833201103974 23.5812961992366 4
23.2952670232009 23.4265921656757 1
24.1365770793288 24.5711731860914 1
25.5485162464961 24.4159981335487 1
26.3893436839961 25.5609017994655 1
27.8009789421285 25.4058799949541 1
28.6411400022794 26.5512051464409 0
30.0527471398049 26.3957231398391 0
30.8936650925815 27.5405454737368 0
32.3056136965223 27.384813835081 0
33.1466999668442 28.5295447695863 4
34.5587839160315 28.3748818192307 2
35.3988633901275 29.5203655738468 5
36.8108150344685 29.3659589931315 2
37.6506784323519 30.5112619331358 2
39.062640060509 30.3552693519693 0
39.9029226752868 31.5000298350108 1
41.3148559223271 31.3436135322254 1
42.1545306227472 32.4890734013385 1
43.5663513099831 32.33389997883 2
44.4062308045603 33.4795119828745 2
45.8181905355845 33.3249325430678 1
46.6593674786567 34.4695684589279 1
48.0713431542532 34.3143435691422 1
48.9122238594031 35.45917180026 1
50.3238893967659 35.3040268860485 1
51.1640418112626 36.4493513434189 3
52.5756042758706 36.2939600675712 0
53.4164448123949 37.4388783262041 0
54.828329170072 37.2832376749751 0
55.6695910759583 38.4278835498442 4
57.0816713862194 38.2731176535868 2
57.9219879071572 39.4184484655431 2
59.3339294077293 39.2641345225721 5
60.173741227815 40.4095428495121 2
61.5856684113065 40.2537357311325 0
62.4259776275394 41.3984823657416 3
63.8379337355374 41.2419957684724 3
64.6776958780732 42.387341541881 1
66.0895504888361 42.2319832375504 5
66.9292365413076 43.3776941105875 2
68.341216456403 43.2232185882477 5
69.1821719271779 44.3679823132612 1
70.5941805481145 44.212736854069 1
71.4350690161068 45.3575097474308 1
72.8467888849438 45.2021956458583 1
73.6869485832549 46.3474915311041 3
75.0984846424073 46.1921440743872 0
75.9391825168981 47.3371932866853 0
77.3510017162385 47.1816636563301 0
78.1923762223951 48.3262650995851 0
79.6044414613754 48.1714087681943 2
80.4450224060354 49.3165689300811 2
81.8569659796494 49.1622936690566 5
82.6968002000736 50.3077581477303 2
84.108685772354 50.1521753829775 0
84.948978461346 51.2969562537033 3
86.3609462371113 51.1404396383555 3
87.2008413425031 52.2856537620775 1
88.6127327790754 52.1300951259563 5
89.452316297697 53.2758379906719 2
90.8643184640012 53.1214318625563 5
91.70498215062 54.2663864136047 1
93.1170172133503 54.1111550198254 5
93.9578885509432 55.2558786928885 1
95.3696784053509 55.1003720193787 1
96.209861288498 56.245611442772 1
97.621388804454 56.0902614214862 4
98.4618970191357 57.2354601014224 0
99.8736547015181 57.0800531426171 0
100.715085688647 58.2246433311178 0
102.127126151159 58.0697106839755 4
102.967974051311 59.2147018732899 2
104.379924642875 59.0604147371672 1
105.219839309197 60.2058934326697 4
106.631683011419 60.0505585601087 0
107.471935137448 61.1954104293483 0
108.883903112829 61.0389143946559 0
109.723967138065 62.1839886107646 1
111.135894160951 62.0282402685456 5
111.975459453499 63.1739553429705 2
113.387478952481 63.0195805852177 2
114.227822825606 64.1647596062845 1
115.639874571596 64.0095849810338 2
116.480717881227 65.1542614890557 1
117.892579385604 64.9985740643058 1
118.732784970249 66.1437404223394 1
120.144321136325 65.9883415820218 4
120.984627925521 67.133679740178 0
122.396328756005 66.9783952474359 0
123.237756342602 68.1230066761269 0
124.649763328238 67.96801410253 3
125.490856117434 69.1128501443447 2
126.902807980342 68.9585012426339 1
127.742852919344 70.1039496167169 5
129.154659679155 69.9488527078021 0
129.994878981131 71.0937868268414 0
41.3823351001899 70.9373615248088 3
42.2226048403482 72.0822827542363 2
43.6345617486878 71.9263729284424 5
44.4742136522231 73.071972357856 2
45.8862504226177 72.9177194162953 2
46.726282547329 74.0631450567949 5
48.1383288306092 73.9081035243732 2
48.9790200524067 75.0528327460774 1
50.3909506299086 74.896951998083 1
51.2311672938404 76.0420422856204 1
52.6427355325148 75.8865292349079 2
53.4828674383869 77.0319716859222 0
54.894523090581 76.8767869207949 0
10.7236336767751 0.0579571861332287 0
57.1478546205385 77.8664274790177 1
12.9768899608028 1.04764093885962 2
14.3888357724793 0.893193028790578 2
15.2290396618799 2.03857877293173 5
16.640820698458 1.88369078916056 0
17.4810066894892 3.02872585171507 0
18.8929332925086 2.87244066891283 0
19.7333713313867 4.01726317870676 3
21.145358904842 3.86124078273633 4
21.9851187806798 5.00674808182064 5
23.3971531981308 4.85234488995828 2
24.2369753503241 5.99792024231338 5
25.6490359298179 5.84298104157134 2
26.4897519881112 6.98764029086879 5
27.9017178219554 6.8316996705021 1
28.7419198256076 7.97672531583329 1
30.1535408064182 7.82109985585618 2
30.9935154294714 8.96661689391952 4
32.4051407791431 8.81151396073271 4
33.2463484995062 9.95629734086882 0
34.6582882978004 9.8012623409465 3
35.4996933433052 10.9458964816819 5
36.9116275763217 10.7913230799894 2
37.7520093223455 11.9366147965008 1
39.1637689566599 11.7818664102246 3
40.0039404312442 12.9269914193674 0
41.4158213404467 12.7708795991545 0
42.2564022099036 13.9156324809673 0
43.6684093260708 13.7595419929878 4
44.5083591654614 14.9048957316432 5
45.9204013574314 14.7504256832239 2
46.7600896880086 15.8961171493506 5
48.172147723833 15.7413288946006 2
49.0127162007172 16.886074764063 5
50.4247091047649 16.7300690484245 1
51.2649024740217 17.8750342204318 1
52.6765979728359 17.7192442119254 2
53.5164542951858 18.8647951640983 4
54.9280711739032 18.7097107408849 4
55.769053406806 19.8546538339841 0
57.1809655388132 19.6996405738129 3
58.022434058149 20.8442272776633 5
59.4343604430996 20.6895124086072 5
60.2749270600338 21.8346898254974 1
61.686667545549 21.6800020065754 3
62.5268321872017 22.8252069076644 0
63.9386538569682 22.6692913657108 0
64.7793291983299 23.8140227841357 0
66.1913445705622 23.657907883247 4
67.0315279981982 24.8030968244851 2
68.443580038412 24.6485245034112 2
69.2832364486441 25.7942562440513 2
70.695288012042 25.6396232722006 2
71.5356538328269 26.7845224807037 2
72.9476607984385 26.6285087961617 1
73.7878674957754 27.7734100622482 1
75.1996463834814 27.6174472430141 1
76.039422074248 28.7629930120904 2
77.4510505475514 28.6078734458883 4
78.2917488203002 29.7530094214234 0
79.7036372730738 29.59805706707 3
80.5451264935774 30.7426161407392 3
81.9570529977503 30.5877701691409 5
82.7978038663415 31.732820624961 1
84.2095245617345 31.5781272274219 3
85.0496853064709 32.7233956274367 0
86.4614399291468 32.567681226273 0
87.3021652186646 33.7124308883539 0
88.7141735440113 33.5563334965441 0
89.5546184050238 34.701358901893 4
90.9666834822879 34.5466593373708 2
91.8063957652382 35.6923616391086 2
93.2184373230894 35.5378753030262 2
94.0585832098117 36.6829627014622 2
95.4705942949571 36.5270009579936 5
96.3108422691114 37.6718309554117 1
97.722698087237 37.5157034025845 1
98.5624318213635 38.6612078169002 2
99.9740881513812 38.5060028581889 2
100.814486882662 39.6513309015631 4
102.226357789364 39.4964732846451 3
103.067825699023 40.6410234177231 3
104.479760629031 40.4860706287843 1
105.320675891712 41.6309970239767 1
106.732379147187 41.4762397681749 1
107.572544005761 42.6215462213792 0
108.984231402795 42.4660074154561 0
109.824966522909 43.6108066270348 0
111.236948120162 43.4547643304194 0
112.077655682561 44.5996413615231 4
113.489734990421 44.4448060390713 2
114.329575070889 45.5904232074981 2
115.741602613459 45.4360607182915 2
116.581551222012 46.5813359954325 2
27.9690591092855 46.4254822561824 4
28.809360612785 47.5702449234128 1
30.2212737185875 47.4139802739385 1
31.0610010216467 48.5594160567447 2
32.4726951153185 48.4040855225282 2
33.3128137945282 49.549579573413 4
34.7246778511755 49.3948420260236 3
35.5660711954175 50.539415811446 3
36.9780222833022 50.384392523913 1
37.819054740025 51.5292193898449 5
39.230753142865 51.3743582515307 1
40.0709398292455 52.5196702986862 3
41.4825682952442 52.3642725717609 0
42.3232757890014 53.5091472612972 0
43.7352088740436 53.3532021242145 0
44.5761488843619 54.4979604142795 4
45.9882383206681 54.3430056110795 2
46.828271271274 55.4884906090411 2
48.240282831952 55.334223224088 2
49.0800887672695 56.4796553774664 2
50.49207519845 56.3239616471643 4
51.3324048375647 57.4686894877895 1
52.7443538408 57.3123240656563 1
53.5841110133562 58.4576712352858 2
54.9958490334786 58.3021813524524 2
55.8357259426315 59.4478047616573 4
57.2475982875884 59.2931881469281 5
58.0888362569533 60.4378460033326 3
59.5008087025926 60.2827896838177 1
60.3419009313065 61.4275503933105 5
61.7536172958161 61.2725459556618 1
62.5938429871934 62.4178349698516 3
64.00542798953 62.2625307645892 0
64.8460662665768 63.4075069761739 0
66.2579323535491 63.2516769722973 0
67.0990462135473 64.3963592846598 0
68.5111342602677 64.2412947892383 2
69.3514108901939 65.3866141053784 2
70.7634122693904 65.2323864485318 5
71.6031569107225 66.3779194423215 2
73.0151140347984 66.2224087140692 4
73.8554244881487 67.3671512853981 3
75.2673925416765 67.2107101672434 3
76.1072229072889 68.3559483290623 1
77.5190104237723 68.2002654397089 2
78.3587128050838 69.3459625958591 2
79.7706083779867 69.1914325917938 5
80.6116073627349 70.3362395853761 3
82.0236039246449 70.1811840899196 1
82.8647198951507 71.3258929482758 1
84.2764795623657 71.170719732671 1
85.1167659448378 72.3159545620392 1
86.5283254374432 72.1607059390216 0
87.3688520923637 73.3058032700459 0
88.7806454429758 73.1501046394033 0
89.6218747087936 74.2947502254773 0
91.0339484945645 74.1396045926838 4
91.8745005005281 75.2847445281297 2
93.2865037514415 75.1305151647458 5
94.1262746276727 76.2760873433079 2
95.5381951922694 76.1207885341625 4
96.3784374626896 77.2655995008727 4
97.7904118442418 77.1091263555762 3
53.6181023234611 0.290744231923733 1
55.0299409011486 0.134863571186941 5
55.8695392156654 1.28058084309916 2
57.2814638779332 1.12609017360707 2
58.1221490112599 2.27110661556083 1
59.534167820545 2.116089155306 1
60.3752722854443 3.26075736570853 1
61.787090625909 3.10541279800995 1
62.6274413822644 4.25057541560887 1
64.0389914418256 4.0953389599987 3
64.8793690200978 5.24056746669005 0
66.291091398752 5.08500315338372 0
67.1323760030901 6.22965019153509 0
68.5444224671739 6.07444359742853 4
69.3852532329847 7.21941111762333 2
70.7972652845536 7.06513462573814 1
71.6371298322347 8.21069670751243 2
73.0490127619157 8.05561747846858 4
73.889160303646 9.20053563712193 4
75.3011291752954 9.04407845227002 0
76.1411992287574 10.1890777824112 1
77.5530826442604 10.0330126030649 5
78.3926418920097 11.1787024476741 2
79.8045901031949 11.0241972615759 2
80.6449296158953 12.1694506226023 5
82.0569645805595 12.0145117866042 1
82.8980259513671 13.1591504625174 1
84.3099062822595 13.0036633846159 1
85.1503114545114 14.1487450157211 1
86.5618688289016 13.9934847261545 3
87.4020957722761 15.1388257576006 0
88.8137540098409 14.9834003539993 0
89.6550342588317 16.1280830350245 0
91.0670405682052 15.9728538354419 4
91.9081327084411 17.1176626732114 2
93.3201513811957 16.9633185507896 1
94.1601729632504 18.1088190856297 5
95.5720254917267 17.9539635422295 4
96.4121001710008 19.0989921634341 4
97.8240523504234 18.9426207312353 0
98.6642798478266 20.0874965602889 3
100.076200683254 19.9312881774972 5
100.915806267786 21.076891336571 5
12.3032727196876 20.9223282698183 2
13.1433100090456 22.0677890623367 5
14.5553565496756 21.9129546755095 1
15.3963532977847 23.0575769577475 1
16.8082899932742 22.9019683125893 1
17.6487320968096 24.0469657805843 1
19.060318020231 23.8916169813559 5
19.9004240199528 25.0370289251318 0
21.3120302923392 24.8817026516973 0
22.1532420216265 26.0264567606234 0
23.5652003952702 25.8712196650976 0
24.4064960992058 27.0159058324777 4
25.8185117538882 26.8614585966911 2
26.658725318849 28.0068635978863 5
28.0705591660231 27.8521895064755 3
28.9105878603801 28.9973261193056 4
30.3225111561951 28.8410932706337 0
31.1628713179563 29.9858819106873 3
32.5748235405058 29.8295739042347 3
33.4145321784388 30.975061446825 5
34.8265084935404 30.8204021610493 2
35.6663046209289 31.9660313140706 5
37.0783596781773 31.8113208039224 2
37.9192286643243 32.9559866511316 1
39.3312093794081 32.8002949240362 1
40.1716482302421 33.9452286172527 1
41.5832874064308 33.7897437300967 5
42.4232994350446 34.9351913554415 0
43.8348713518815 34.7799264825657 0
44.6759442191502 35.9247941447395 0
46.0878558951653 35.7695877700686 3
46.9292897726852 36.9141914383194 4
48.3412942596253 36.7596308483983 2
49.1817274703785 37.9049085103855 1
50.5935523642253 37.7503632061812 3
51.4335757208098 38.8955861440911 4
52.8454581127806 38.7395459224547 0
53.685911814353 39.8842932409374 0
55.0978876786734 39.7279382354268 3
55.9377549694804 40.8732860383552 5
57.3497488983393 40.7185027888944 2
58.1893992345487 41.8642335838993 2
59.6014604925708 41.7096501550751 2
60.4421297238262 42.8544345989416 1
61.8541397969293 42.6986990702664 1
62.6945597260629 43.8435789655864 1
64.1062723793402 43.6879166295918 5
64.946213651639 44.8333670649834 4
66.3577701528022 44.6781029153558 4
67.1986303205465 45.8231271263023 0
68.6104985905858 45.6679780717076 3
69.4520062276115 46.8125377976241 4
70.8639952668852 46.6578548457149 5
71.7046540305433 47.8029893754566 1
73.1164725547281 47.648499101583 3
73.956517222419 48.7937875252169 4
75.3683489111795 48.6379745201659 0
76.2088562178267 49.7827251413239 0
77.6208442417089 49.626366781406 0
78.4609148742166 50.771563055465 5
79.8729293958749 50.6166341295623 2
80.7125401335099 51.7623889849168 2
82.1246045547874 51.6079232805755 2
82.9650227065506 52.7528882246727 2
84.3770489327758 52.5971594510075 5
85.2174629910664 53.7419810519094 1
86.6292583140844 53.5861278722488 5
87.469156309962 54.7315457573097 5
88.8807164143986 54.576227595599 4
89.7213171849107 55.7214294511832 0
91.1331453813332 55.5663640866707 3
91.9746768478904 56.7109055558818 3
93.3866506985986 56.5561090083725 5
94.2275293841302 57.7010948085182 2
95.6393376750012 57.5465884021634 1
96.479424165683 58.6919173032865 0
97.8912009536263 58.5363387062701 0
98.7317313763538 59.6811279842454 0
100.143717194163 59.524811564719 0
100.984022980945 60.6698554209199 5
102.39605921856 60.514774427444 2
103.235716687219 61.6604887821801 2
104.647780241478 61.506127310708 2
105.487938704564 62.6513012466474 2
106.899970014126 62.4956388489112 5
107.740396304989 63.6403979853701 1
109.152267391968 63.4843701086855 1
109.992141412643 64.629731019415 5
111.40372414065 64.4743167743902 2
112.244057438846 65.6196886715877 0
113.655852347671 65.4647289301628 3
114.497355441748 66.6092804518353 3
115.909318427818 66.45439245065 1
116.750383089981 67.5992468891311 2
118.16217642479 67.4446642113717 1
119.002320806302 68.590004587554 3
120.414042608002 68.434631898406 0
121.254571624376 69.5794858191515 0
122.666535848742 69.4232544360865 0
123.507087076491 70.5681549928676 4
124.919143203456 70.4129285665011 2
125.758928022004 71.55854242616 2
127.170985629231 71.4042600411857 2
128.010927421575 72.5496274826282 2
129.422953128336 72.3940770753673 2
130.26340740488 73.5387735046263 1
131.675330762083 73.3825873006503 1
132.515227678588 74.5278481108511 1
43.9023456418199 74.3722680495123 2
44.7425035936109 75.5176867206548 4
46.1542692188337 75.3631380142254 3
46.9954344903116 76.507968312835 3
48.4074159955205 76.3528975183769 1
49.2486481619509 77.4976281421952 1
50.6604318580777 77.3428880471344 1
6.48842268926219 0.524693365403597 2
7.90009550010496 0.369466267121916 3
8.74060540446319 1.51440042972017 0
10.1525262036888 1.35828810771598 0
10.9932997067485 2.50307265893659 0
12.4053701800487 2.34772364541889 2
13.2453462256441 3.4931940804674 2
14.657396321036 3.33896285738724 2
15.4971787265433 4.48449180939111 2
16.9091930120246 4.32910979275843 2
17.7496208055455 5.47380477242917 5
19.1615829049666 5.31753331980879 1
20.0014723415694 6.46273533243666 5
21.4131513510015 6.30703151657282 2
22.2530355689826 7.45264460570625 4
23.6648104910977 7.29789720702346 4
24.5060544107794 8.44260398709804 3
25.9180175353626 8.28763795238109 1
26.7592810313589 9.4323328383423 5
28.1710689367355 9.27747794004963 1
29.0113827653847 10.4227450893962 1
30.4230155566446 10.2676312581731 0
31.2634647690478 11.4126704663911 0
32.6753209470094 11.2567100194593 0
33.5162586648878 12.401425287846 0
34.9283318036156 12.2459845314558 4
35.7685499005131 13.3912840429769 2
37.1805931815743 13.2370573731199 2
38.020306612844 14.3826813214956 2
39.4323006221654 14.2274858316176 4
40.2726538704454 15.3722333600875 5
41.684633579669 15.2158957643573 1
42.5245705197083 16.3610070189118 1
43.9363146879933 16.2051266373763 2
44.7760406064084 17.3507979828509 2
46.1878337323654 17.1961062526313 2
47.0288171664854 18.3409857579799 3
48.4407888218623 18.1860362520827 1
49.2820782469916 19.3306905167489 1
50.6938921734669 19.1756721132693 1
51.5343094437567 20.3208661794067 1
52.9459152559622 20.1658002536166 3
53.7862835872156 21.310948467844 0
55.1980650129522 21.1551386689898 0
56.0391081209756 22.2998287679205 0
57.4511696956343 22.1443202571562 4
58.2916620259053 23.2894402367251 2
59.7037068400435 23.1351672282773 5
60.5434421179451 24.2808177597629 2
61.9554098868922 24.1258178701971 4
62.7956381934357 25.2706757010718 5
64.2076230497682 25.1143158217445 3
65.0476378996098 26.2593306703658 1
66.459448675883 26.1032712883363 1
67.2990763923811 27.2489516824552 2
68.7108994261821 27.0942616870197 2
69.5515586013445 28.2393586892795 3
70.963540556974 28.0844655739958 1
71.8048251337171 29.2290870861846 1
73.2166806750437 29.0739227598204 1
74.0572055137196 30.2190261285069 1
75.4687968699111 30.0639641637914 3
76.3090681327975 31.2092145856139 0
77.7207735801761 31.0535536327242 0
78.5618676771773 32.1982558817397 0
79.9739021630312 32.0427133204896 4
80.8146804853271 33.1876586257987 2
82.2267345425745 33.0333052907173 2
83.0665707853267 34.1789223252941 2
84.4785088106365 34.024118734761 4
85.3185961630487 35.1691176261509 4
86.730575151209 35.0127922448673 3
87.5706939582042 36.1577060674661 1
88.982561673469 36.0014855726963 1
89.822153236712 37.1471271478747 2
91.2340062034724 36.9923831989757 2
92.0743280966911 38.1377021668532 5
93.4863205026387 37.9829028561157 1
94.3275677219441 39.1275016233969 1
95.7394711061511 38.9722208310822 1
96.5800936199516 40.1172252812933 1
97.9916864851978 39.9621227441903 3
98.8318722353891 41.1074463047558 0
100.243508993609 40.9519193984697 0
101.084601760427 42.0966659324357 0
102.496592317423 41.9411230562276 0
103.337637387899 43.0859132145926 2
104.749700356233 42.9314588967817 2
105.589700679469 44.0769926476167 2
107.001612537027 43.9223665771817 4
107.841583473374 45.0675061337077 4
109.253544581906 44.9112719137487 0
110.093773659583 46.0560933665501 1
111.505683582232 45.8997431415735 1
112.345297971619 47.0453062620536 2
113.757174310511 46.8904575793622 2
114.597190668829 48.0359715620215 5
116.009194308133 47.8812881054006 1
116.850355680055 49.0258956831102 1
28.2378093822595 48.8705298649167 1
29.0784931883104 50.0154482864565 1
30.4901096494907 49.8602568745029 1
31.3302338712683 51.0056179856367 0
32.7418165798612 50.8501962951118 0
33.5828524265375 51.9950190550408 0
34.9947866559013 51.8395155406546 0
35.8360429169797 52.9841883093811 4
37.248106068078 52.8296286083939 2
38.088318162655 53.9750382791589 5
39.5002138068718 53.8205604373212 4
40.3401167915524 54.9658189675754 4
41.7520483759151 54.8097373641816 0
42.592362698566 55.954499044656 3
44.0043039742912 55.7980636809683 3
44.8439964253928 56.9435187224755 1
46.2558958551489 56.7885292472849 2
47.095671667919 57.934190436453 2
48.5076896273212 57.7796306683967 1
49.3486909312804 58.9243094719729 1
50.7606829549561 58.7688954971105 1
51.6013808900527 59.913750343179 1
53.0130460977572 59.7584206716616 5
53.8531278491596 60.9037896614673 3
55.2646744394289 60.7484306241889 0
56.1055826364589 61.8933706387485 0
57.517457920324 61.7379429259133 0
58.3588522467096 62.8825465661516 4
59.7709047560586 62.7278826266781 2
60.6113555690088 63.8731440270844 5
62.0232469834022 63.7187607172901 5
62.8631375407921 64.8641065584319 4
64.2750293719225 64.7082247049846 0
65.1153828358246 65.8529767004726 3
66.5273452859358 65.6964888905415 3
67.3671649000247 66.8418158438289 1
68.779091111373 66.6866456767609 2
69.6187164983765 67.832388257469 2
71.0307499329755 67.6779243440162 5
71.871512951466 68.8227463386274 1
73.2835361285419 68.6673046376806 5
74.1242211867187 69.8121044472082 1
75.5359555982405 69.6565852854458 5
76.3760214220669 70.8019252730048 3
77.7875510157401 70.6465712701514 4
78.6282732184258 71.7916569358663 0
80.0400936769892 71.6363266590344 0
80.8815741739655 72.7808909880085 0
82.2936082152201 72.6261300413524 5
83.1343183110119 73.7712243688942 2
84.5462127759276 73.6168789757245 1
85.3861490967422 74.7622713575542 4
86.7979960513965 74.6066356070205 0
87.6383579348103 75.7514174479563 0
89.0503308810767 75.5949298629453 0
89.8903240351196 76.740114083877 1
91.3022801682593 76.5847632382823 2
92.1418559610659 77.7305148264797 2
93.553903134159 77.5761321779484 2
49.3821278645902 0.757653040876308 1
50.7941708958158 0.602234007025884 5
51.6348369777423 1.74698079662613 1
53.0466495391953 1.59126447785862 5
53.8867097814574 2.73655127771588 5
55.2982396962942 2.58115571817654 4
56.1387312251676 3.72640440294017 0
57.5504998197418 3.57118700538462 0
58.3920045833412 4.71574761264455 0
59.8040140424812 4.56090068074415 5
60.6449662945997 5.70583773707481 2
62.0568609985046 5.55146895457645 1
62.8968763999119 6.69687847795034 4
64.3086790341802 6.54149685422807 0
65.1490274861317 7.68634260048072 0
66.5609978352875 7.52990389790407 0
67.401195776954 8.67494298427569 3
68.8131810469917 8.51942015821057 2
69.6527883734816 9.66512311720783 2
71.0648431157162 9.5107937587955 2
71.9050195126846 10.6560391299448 1
73.317070498196 10.5006899146842 2
74.1577165450605 11.6453878007418 1
75.5696002046915 11.4894933217422 1
76.4096508959292 12.634715781025 5
77.8211996668192 12.4792340490951 2
78.6614545484584 13.6246342242919 0
80.0731770138128 13.4695329739929 0
80.9146401523489 14.6141278760536 0
82.3266231248661 14.4592168808212 3
83.1677751606016 15.6040225233828 2
84.5796617942018 15.449581788535 1
85.4197841643829 16.5949744914456 3
86.8315466465868 16.4398289625022 0
87.6718742887829 17.5847578872562 0
89.083824910427 17.428428645607 0
89.9242410756088 18.5733299081823 3
91.336252939163 18.417670463861 2
92.1759762570002 19.5632658813859 2
93.5880330098264 19.408975238731 2
94.4279647483284 20.5544198841071 5
95.8400149911098 20.399195983536 2
96.6806387235161 21.5438578362651 5
98.0925758965045 21.3878283086666 1
98.9326261273265 22.5329727900574 5
100.344216980013 22.3773686533151 2
101.184275326297 23.5228762069411 4
102.595966087077 23.3678752918688 0
103.43733103272 24.5125376859998 0
14.8247952151039 24.3575816161693 1
15.6660959177903 25.502284361898 2
17.0779708482633 25.3477164188877 1
17.9182293798045 26.4930513181686 1
19.3299564646072 26.3380729510676 0
20.1702623758807 27.4830914243272 0
21.5821729324294 27.326900818117 0
22.4227830514086 28.4716953762187 0
23.8348142659163 28.3159230307327 4
24.6747168943249 29.4613723691323 2
26.0867737637019 29.3070775557 2
26.9265346938939 30.4526777309765 2
28.3385783682785 30.2976061011976 2
29.1791293746701 31.4422914327426 5
30.5911008748381 31.2861623980803 1
31.4311505189706 32.4312358780969 5
32.8428044417486 32.2754787080979 2
33.6826948192211 33.4210615052913 4
35.0943738676495 33.2661259393051 4
35.9355556385718 34.410914600062 0
37.3475008256795 34.2559484266467 1
38.1888833410386 35.4005894876128 5
39.6007530456837 35.245873058972 1
40.4411588714661 36.3911254874647 1
41.8528560786491 36.2362475603965 3
42.6931357237703 37.3813573583707 0
44.1049881113358 37.2253371349683 0
44.9457465615702 38.3700696892578 0
46.3577873771838 38.2142292593668 4
47.1979236048194 39.3595080655435 2
48.6099819169866 39.2051689690331 2
49.4496698332301 40.3508550550939 2
50.8617028959364 40.1959572699106 2
51.7021206277491 41.3407360744857 5
53.1141112720811 41.184556561998 1
53.954181174664 42.3295581606249 1
55.3659123755958 42.1736352529795 2
56.2056744114774 43.3192538143478 4
57.6173629618446 43.1643357972084 4
58.4582798210302 44.3093058829451 0
59.8702140841493 44.154367190327 1
60.7116309034325 45.2989705477766 5
62.1235085556076 45.1441028684684 5
62.9640649119936 46.2892563052907 1
64.3757367765398 46.1344094306919 3
65.2159783627328 47.2796075387916 0
66.6277600228323 47.1237616209772 0
67.4686081410417 48.2684811813864 0
68.8806442265744 48.11260629549 4
69.7210455263972 49.2577111449116 2
71.1331089500151 49.1032809675974 2
71.9728144464727 50.2489814271843 2
73.3848321359838 50.0942577955684 2
74.225070905053 51.2391865590062 2
75.6370690288267 51.0830090683195 3
76.4771878911871 52.2279334251661 1
77.8889974766695 52.071842188093 1
78.7286805799551 53.217452226975 2
80.1403949484733 53.0624957207222 2
80.9809978794074 54.2076748159691 0
82.3929250940756 54.0528030779432 1
83.2343426947173 55.1973794526811 1
84.6462406784651 55.0423802232741 1
85.4869485730347 56.1874201160852 1
86.898600943314 56.0325505777577 3
87.7388026480207 57.177819253099 0
89.1505101043142 57.0221404600014 0
89.9913996227062 58.1668829022365 0
91.4034136052633 58.011010815165 0
92.244094940587 59.1559479739663 2
93.6561687975837 59.0014002237157 2
94.4959724531465 60.14705081114 2
95.9079706239723 59.9924898537799 2
96.7480244073488 61.1375920762161 2
98.1600198579661 60.9814751948899 3
99.0002119318579 62.1263184156087 1
100.412087167087 61.9700767339135 1
101.251738196347 63.1156402866191 2
102.663485836569 62.9605961727298 2
103.503771486274 64.1059762617784 4
104.915696931873 63.951210527025 1
105.757073703427 65.095778810546 1
107.169000222634 64.9406830715678 1
108.009835367241 66.0856141471675 1
109.421480374241 65.9306794444739 1
110.261653714444 67.0759904640704 0
111.673292876089 66.9204570046196 0
112.514177984247 68.0652538915313 0
113.926150423139 67.9094250254294 0
114.767093359102 69.0542182976297 4
116.179178076126 68.8995479804804 2
117.019146292378 70.04509818908 2
118.431123229669 69.8906742246099 2
119.271026261881 71.035939132662 2
120.683006462584 70.8799365151172 4
121.523274407725 72.02470853962 1
122.935195476554 71.8683439600287 1
123.774866529804 73.0138255254581 2
125.186648308994 72.85864579409 2
126.026656832005 74.0041893076485 4
127.43858994078 73.8495436212216 1
128.279881017901 74.9941348747213 1
129.691842119355 74.838967293937 1
130.532786048002 75.9837956601116 1
131.94444834477 75.8287248671897 1
132.784702951304 76.9739922636743 3
134.196337 76.818406 3
