x           y           stackinginfo
-9.83297287178599e-10 -2.77729724357586e-09 0
1.40303972261151 0.222114805050723 0
1.9137741761366 1.5476981931456 0
3.31662788085714 1.77107916518928 0
3.82842883669636 3.09610911797592 0
5.23099947822881 3.32090447021014 0
5.74326236773364 4.64548465261 0
7.14557525102141 4.87174696516543 0
7.65769605685851 6.19613285231592 0
9.05984300249164 6.4238277607127 4
9.57122545314099 7.74840079567714 4
10.9732891920744 7.97743488642672 4
11.4833679237214 9.3026264087083 2
12.8853887160373 9.53282056644783 2
13.3937121572947 10.8589970344681 2
14.7956854263366 11.0900338483669 2
15.3020422040872 12.4173698722144 2
16.7039425994094 12.648707889293 2
17.2084344939364 13.9771179280769 2
18.6102400530812 14.2080295611145 2
19.1132162089974 15.5372233422194 2
20.5149171140334 15.7669585261445 2
21.0168969159295 17.0965306712712 2
22.4184938359982 17.3244801677271 2
22.9201035574035 18.6539828967094 2
24.3216284974873 18.8797297980247 2
24.8235528171638 20.2087372795874 2
26.2251108464209 20.432133535242 4
26.7280166145841 21.7603473490831 4
28.1298088730498 21.9816051842056 4
28.6342345632686 23.3089348408482 4
30.0365117722773 23.5285860779736 0
30.5427337957671 24.8551342044435 0
31.9456778260131 25.073875353567 0
32.4536278967812 26.3998144762943 0
33.8572189550475 26.6183025883374 0
34.3665107055205 27.9437509002848 0
35.7705015123912 28.1624785183759 0
36.2805486548357 29.4874879500152 0
37.6845747505132 29.7068218049326 0
38.1947199450613 31.0314849145501 0
39.5984610326039 31.2518222875099 0
40.1081030216048 32.5763675384903 0
41.5114124410704 32.7981385117528 4
42.0200705475482 34.1229361184764 4
43.4229761686149 34.3465338710233 4
43.9302883547046 35.6720168561635 2
45.3329085095029 35.8977178065918 2
45.8386431640205 37.2242558696291 2
47.2411067116593 37.4521139632304 2
47.7452048596696 38.7798897996203 2
49.1476057906658 39.0096580536803 2
49.6502179045925 40.3386053238729 2
51.0526016096676 40.5697467874301 2
51.5540922064153 41.8995700471901 2
52.9564656123358 42.1313196775115 2
53.4573662355328 43.461569258195 2
54.8597143661002 43.6930321828486 2
55.3606481737612 45.0231952065491 2
56.762950454464 45.2534903403567 2
57.2645479405084 46.583078295517 2
58.666808718285 46.8114793775687 2
59.1696098941006 48.1401191595595 2
60.5718918963375 48.3661789016961 2
61.0762388967808 49.6937127092033 2
62.4786836331598 49.917346643214 2
62.9846719417563 51.243867866111 2
64.3874807455233 51.4653439364129 4
64.894958361971 52.7911325751084 4
66.2983033080358 53.0109539109372 4
66.8068972176268 54.336339805531 3
68.2108000861715 54.5550569153355 3
68.7199639038521 55.8803077148005 3
70.1242435305982 56.0983774248968 3
70.6333398946945 57.4236744172476 3
72.0376808713724 57.6414336573665 3
72.5460819842717 58.9669278722828 1
73.9501583385618 59.1847313387122 3
74.4573358165079 60.5106146379213 1
75.8609256725661 60.7289928391967 5
76.3665331529416 62.0555093013447 5
77.769589125991 62.2751365073435 5
78.2735132071421 63.602524610846 5
79.6761410827784 63.8240518788143 5
80.1785054167783 65.1524446343528 2
81.5808767866446 65.3763020035128 2
82.0820285690617 66.7056369532277 2
83.4842921080797 66.9319129593846 2
45.143973504302 0.987707392632716 2
46.546222108032 1.21614645660019 2
47.0466327781509 2.54641680759355 2
48.4489154434009 2.77648954531746 2
48.9499329154236 4.10656019171724 2
50.3522755878811 4.33754035835081 2
50.8545181018474 5.66696435227996 2
52.2569384135681 5.89800718189898 2
52.7608953088431 7.2264149296514 2
54.1634034898185 7.45672822414206 2
54.6693315775631 8.78391911513686 2
56.0719352360273 9.01292587547302 2
56.5797816168559 10.3389426799696 5
57.982502620939 10.566333561658 2
58.4919096049248 11.8914587615529 5
59.8947946057383 12.1171600623026 5
60.4051844264363 13.441824990602 5
61.8082964027904 13.6659048055305 5
62.3190078856175 14.9905433034716 1
63.7223899882722 15.2131350143453 1
64.2328003853486 16.5380632222912 1
65.636412960917 16.7593487814868 1
66.1459776849512 18.0847397336413 1
67.5496511925801 18.305000990866 1
68.0579044644513 19.6309402068355 1
69.4614014485572 19.8505285915899 1
69.9679699760692 21.1771045147779 1
71.3711133359631 21.3964260854673 1
71.8758441478136 22.7237461752808 1
73.2785766777516 22.9433116517726 1
73.7816487329256 24.2714250249564 5
75.184016517184 24.4917986626409 5
75.6858670792789 25.8206279732 5
77.0879640654326 26.0423052794872 5
77.589177786054 27.3716197524458 5
78.9910920864169 27.5949275890706 2
79.4923122808613 28.9243920106433 2
80.8941075121217 29.1494538936081 2
81.3959859068724 30.4787087488607 2
82.7977161499618 30.7054631433628 2
83.3008878265803 32.0341792799651 2
84.7026150228562 32.2623979814856 2
85.2076546557222 33.5903042690252 4
86.6094525160109 33.8195626261359 2
87.11673396073 35.1464919039566 4
88.51866263374 35.3762328075849 4
89.0282189297226 36.7021839682661 4
90.4302975189174 36.9319107893755 5
90.9417527185998 38.2570798391698 3
92.3439575162214 38.4864405148821 5
92.8566313733567 39.8111740882397 1
94.2589156108745 40.0399367030579 1
94.7719970485842 41.3646219385173 1
96.1743174923267 41.592617178194 1
96.687041133394 42.9175700337103 1
98.0893808347358 43.1446396101698 1
98.6011223498628 44.4700503380923 1
100.003493806503 44.6960474687687 1
100.51374158945 46.0220107524948 1
101.916158199406 46.2468565388737 1
102.424502639669 47.5734413847589 1
103.826944703234 47.7971688603631 1
104.333294460359 49.1244040862787 1
105.735718143584 49.3472134559483 1
106.240314259652 50.675079429196 1
29.9611250495558 50.8972346387575 1
30.4644111150073 52.2256307705319 1
31.8667521147495 52.4473888610731 1
32.3692659068467 53.7761138261892 3
33.7715794523383 53.997733406617 3
34.2738939035146 55.3265124967672 3
35.6761864587721 55.548265821053 3
36.1788912073505 56.8768209372177 0
37.581156085127 57.0990120664474 0
38.0848406971383 58.4271326378794 0
39.4870539175699 58.6500896847452 0
39.9922614457607 59.9776594199794 0
41.3943881831924 60.2016802591739 0
41.901535634964 61.5286554534954 0
43.3035564820659 61.7539128262202 0
43.8128203123249 63.0802951030969 0
45.2147533367992 63.3067541616932 0
45.7259795358201 64.6325897108894 0
47.1278709289595 64.8600866350139 0
47.6405509061072 66.1854903426669 0
49.0424436835753 66.4138281055804 0
10.715089086278 0.464756956463652 3
12.1170001849122 0.693718884638109 3
12.6304575228553 2.01880654977965 3
14.0323711989959 2.24817902028523 3
14.5451622121423 3.57344840193863 3
15.9470443204888 3.803009648969 1
16.4585131429961 5.128709653584 1
17.8603293202292 5.35820997986277 1
18.3699267967092 6.68457887072778 5
19.7716574228083 6.91370560361121 5
20.2791545991518 8.24087612449317 5
21.6808167334452 8.46922268895617 1
22.1863389358283 9.79716808629103 1
23.587973445625 10.0243490849723 1
24.0919024044208 11.3529084803725 1
25.4935460648755 11.578694560764 1
25.9964109801372 12.9076106342645 1
27.3980965052396 13.1319011868369 3
27.9004936471455 14.4608461277432 3
29.3022732924283 14.6836443052778 3
29.8048341231548 16.0122859323092 3
31.2067970595559 16.2337617805199 0
31.7101555633064 17.5618553091727 0
33.1124200679363 17.7823881674079 0
33.6171433726526 19.1098400725488 0
35.0197959553144 19.3299922714288 0
35.5262725988792 20.6568382044538 0
36.9292764293002 20.8772408491598 0
37.4376154411425 22.2035482398723 0
38.8407848976029 22.4247376145902 0
39.3508140042503 23.7505126981999 0
40.7539117972865 23.9728288804483 0
41.2652051635185 25.2980363194081 0
42.6680513880846 25.5216919588089 0
43.1800194705877 26.846375167915 0
44.5825590126401 27.0715066358031 0
45.0945956378863 28.395862383479 0
46.4968920891275 28.6225101037764 0
47.0084131372123 29.9468857122467 4
48.4105665461099 30.1750156209193 4
48.9210068338361 31.4998481530056 4
50.3230911464788 31.7293491867377 4
50.8319581941442 33.0550580757038 2
52.2340003427697 33.2856956788346 2
52.7409801916067 34.6125535891284 2
54.1429683581921 34.84390144157 2
54.6480334604164 36.1719305128885 2
56.049943979471 36.4033252271378 2
56.5533491544153 37.7323034594632 2
57.9551628796168 37.9629607546239 2
58.4573622545545 39.2925092465469 2
59.8590691036707 39.5216962338822 2
60.3606485456181 40.8513658802142 2
61.7622541170267 41.0785255488387 2
62.2638797815945 42.4078590973954 2
63.665443928507 42.6326583171711 2
64.1677993042358 43.9612800511306 4
65.5694754844208 44.1837242680062 4
66.0731590666466 45.5114445655841 4
67.4751877819019 45.7319033892976 4
67.9805846420914 47.05875670166 4
69.3832095918318 47.2778645132582 0
69.8903869599969 48.604025717084 0
71.2937097086752 48.8224782856259 0
71.802397157145 50.1481175199057 0
73.2062829194336 50.3664930539125 0
73.7159543401573 51.6917026187569 0
75.1200804303439 51.9104099072255 0
75.6300851723047 53.2352610623739 0
77.0340838301267 53.4546658984833 0
77.5437782504296 54.7793222173599 0
78.9473931606605 54.999867875923 0
79.4562439312547 56.3246327042836 4
80.859409344791 56.54678090896 4
81.367017797677 57.8720587587497 4
82.7698129846946 58.0962047796321 2
83.2759132209565 59.422394550008 2
84.6784734753004 59.6487593590411 2
85.182956140223 60.9761247680142 2
86.5854042034508 61.2046479084351 2
87.0883536082865 62.5332232978817 2
88.4907668299614 62.7635234669985 2
88.9924765292388 64.0931004334357 2
90.394884375638 64.3245277161437 2
90.8958346473748 65.6547108933765 2
92.2982347739269 65.8864271752726 2
92.799025602774 67.2167201490509 2
55.3606166390662 0.17360114372246 2
55.8618853749347 1.50349591161642 2
57.2642266761782 1.73313419615168 2
57.7665523561853 3.06219895349159 2
59.1688867598249 3.2897586406379 2
59.6726841036227 4.61773583854293 2
61.0751021704972 4.84291818537654 2
61.5805464293622 6.16979646660675 2
62.9832106629863 6.3926636869689 2
63.490222702005 7.7186625203796 2
64.8933217696857 7.93957830177357 4
65.4015963388871 9.26503680420157 5
66.8052385275817 9.4845175611758 3
67.3142915993772 10.8097557771133 3
68.7184040544232 11.0283004227349 3
69.2276326423294 12.3535493654022 3
70.6319628377799 12.5715469552328 3
71.1407327567239 13.8969650779286 1
72.5449520948207 14.1147337916298 1
73.0526871745606 15.4404800076837 1
74.4565122449411 15.6584403780302 1
74.9627779573143 16.9847235179432 1
76.366068445511 17.2034872859877 5
76.8706477626077 18.530542241717 5
78.2734379254902 18.7508037074454 5
78.7763610441084 20.0788101609951 5
80.1788010623526 20.301152700427 2
80.6803429237385 21.6301304563763 2
82.0825998436931 21.8548527194237 2
82.5832437781905 23.1846101925183 2
83.9854394836459 23.4116627005487 2
84.4857957288539 24.741839472989 2
85.8880019836306 24.9708625897534 2
86.3887364507018 26.301014104182 2
87.7909921399447 26.531411912195 2
88.2927529539518 27.8610874726034 2
89.6950836266815 28.0920912870842 2
90.1984284500574 29.4208885856315 2
91.6008517426859 29.6516668853841 2
92.1061472933448 30.9793061302641 2
93.5086697505586 31.2091629610159 2
94.0159892684046 32.5355808766335 2
95.4186177650148 32.7640672472064 5
95.9277106263356 34.0894523979349 5
97.3304683865239 34.316368028621 5
97.8408129027091 35.6411069895985 1
21.5621743917996 35.8664334167469 5
22.0731033419541 37.1909811956981 1
23.4762596750764 37.4147861621418 1
23.9871066123734 38.7395234237741 1
25.3905029481329 38.9619205663285 1
25.9006866817841 40.287080720319 1
27.3042394817791 40.5082510268174 1
27.8132649041341 41.8339448053345 1
29.2167761263838 42.0542010936973 1
29.7242324376142 43.3804977109355 1
31.1274936098471 43.600211307501 1
31.6331220339812 44.9272037161885 1
33.0360179792565 45.1468150439666 1
33.5398745451313 46.4745723116636 1
34.9424008768457 46.6946024428022 5
35.4448366248477 48.02310014067 5
36.8470620500855 48.2440706713516 5
37.3486110787164 49.5731413509384 5
38.7506189888652 49.7954644591624 5
39.2519006322753 51.1248144898198 2
40.653755326407 51.3487286021615 2
41.1554117371818 52.6780113015342 2
42.5571616277629 52.9035810878679 2
43.0598323314432 54.2324646208898 4
44.4615301622646 54.4595999058312 2
44.965824866351 55.7878010095294 4
46.3675398385045 56.0162408865604 4
46.87394321184 57.3435553973018 4
48.2757507185141 57.5728424341094 4
48.784465018709 58.899198756595 4
50.1864141654168 59.1288187183246 4
50.697248414155 60.4543240902267 3
52.0993400336256 60.6838659172916 3
52.6117245138144 62.00879964948 3
54.0139208382486 62.2379744451124 1
54.5270741503431 63.562702803133 1
55.9293222386724 63.7913062444457 1
56.4424358943596 65.1161718549991 1
57.8446955886169 65.34403006204 1
58.3570763618533 66.6692713368947 1
59.7593400809001 66.8962112703762 1
21.4296400834045 0.947745953622723 1
22.8319264532059 1.17362248439209 1
23.3412351008129 2.49996119707198 1
24.743553924541 2.72470903783435 1
25.2508405344898 4.05169154278755 1
26.6531752547442 4.27536979540613 1
27.1585573061241 5.60299744731697 1
28.5608829039393 5.82581807900431 1
29.0647407164058 7.15402362858551 1
30.4670517267789 7.37621576803732 1
30.969896113597 8.70483451482917 1
32.3722019794194 8.9266268356006 3
32.8745943045939 10.2554054153846 3
34.2769057905738 10.4770433643588 3
34.7794286454239 11.8056950657492 3
36.1817489622434 12.0274650368155 0
36.6849944758433 13.3557481056333 0
38.0873096564345 13.5779897492824 0
38.5918458552283 14.9057589615646 0
39.9941178497901 15.1288308611241 0
40.5004180507382 16.45603146726 0
41.9025981231684 16.6802301181666 0
42.4109457653778 18.0068574818872 0
43.8130104367644 18.2323038424496 0
44.323391141062 19.5583801290204 0
45.7253598718595 19.7850028777231 0
46.2374242327332 21.1105920720586 0
47.6393407974379 21.3382438982017 0
48.1524567063148 22.6634752686931 0
49.5543619647397 22.89196817355 3
50.0678236405776 24.217021205799 3
51.4697311961435 24.4461495003093 3
51.9828397844461 25.7712533383227 3
53.3847336654203 26.0008069766542 3
53.8968136195966 27.3262247487314 5
55.2986618222852 27.5559700887422 1
55.8090971061069 28.8819728264709 5
57.2108654527962 29.1116311644993 5
57.7192602876534 30.4384280991598 5
59.1209401841368 30.6676053696897 5
59.6272674254508 31.9952427241846 1
61.0288839653012 32.223477847365 1
61.5334186156166 33.5518380706736 5
62.9350108468554 33.7787528557214 1
63.4382255388834 35.1076030580533 5
64.8398262341898 35.3329923620775 5
65.3422964589134 36.6620176746003 3
66.743948892043 36.8857894683058 3
67.2463017698405 38.2146383207152 3
68.6480833691919 38.4368497434462 3
69.1509658506682 39.7652207598373 0
70.5529990874276 39.9861406003862 0
71.0570226196644 41.3138688537371 0
72.4594416847065 41.5339887217782 0
72.9650861943903 42.8610647208374 0
74.3679453575505 43.0810197138048 0
74.8754400685565 44.4075168429369 0
76.2786288875391 44.6279306000797 0
76.7878988294818 45.9538949738752 0
78.191176986901 46.1752300461518 0
78.7018874807803 47.5006340875366 0
80.1050090342669 47.7231778418012 0
80.6166069176561 49.0480162546586 0
82.01942176799 49.2719733565809 0
82.5312922014218 50.5963755702607 0
83.9337967196244 50.8218713561412 0
84.4453562590366 52.1461341044024 4
85.8476414896101 52.3732051388289 4
86.3583331116528 53.697750432691 4
87.7604985756167 53.9263563556077 4
88.2698106100049 55.2516371931248 2
89.6719182792313 55.4816251812543 2
90.179467976976 56.8079949165898 2
91.5815322783103 57.0390464481506 2
92.0871734024521 58.366638924283 2
93.4891793656299 58.598198581138 2
93.9930563202158 59.9268819418688 2
95.3949820395151 60.1581903137236 2
95.8974748477688 61.487631582714 2
97.2993019236057 61.7178824880874 2
97.8009486151714 63.0476408908678 2
99.2026664627257 63.2761444787292 2
99.7041029069033 64.6057482198995 2
101.105733566492 64.8320093146802 2
101.607643653018 66.1610245723039 2
103.009287525025 66.3848378597807 4
64.671525363701 0.438765713021701 3
66.0733843516175 0.66030103505951 4
66.5779919873314 1.98750903601902 4
67.9803291328356 2.20727573646928 0
68.486713322056 3.53369289441833 0
69.8897255474721 3.75237620656988 0
70.3977456905637 5.07820699924906 0
71.8014251619029 5.29645510141195 0
72.310643427438 6.6218472836269 0
73.7147520645827 6.84014504825132 0
74.2245481525025 8.16518216102805 0
75.6287214226252 8.38389012799062 0
76.1384283811773 9.70868913528501 0
77.5423303299436 9.92821187964724 0
78.0513557490071 11.2530087990213 0
79.4548108056197 11.4738367523826 4
79.9627047097721 12.7989866336893 4
81.3657201316986 13.0216052832503 4
81.8721772039253 14.3475081765043 2
83.2748700635972 14.5722873202947 2
83.7797375363254 15.8992656280971 2
85.182249059669 16.1263355297599 2
85.6855535618123 17.4545190058347 2
87.0879934468917 17.6836847054247 2
87.5899626103293 19.0129599739949 2
11.3108195806745 19.2437118997617 2
89.4934442103892 20.5737520193208 2
13.2143036552019 20.8053462218877 2
13.7150111214967 22.1356879770829 2
15.1174352334073 22.3672375320365 2
15.6184316340325 23.6973684924346 2
17.0208376594921 23.9279765254647 2
17.5227301530211 25.2574253057369 2
18.9251238443398 25.4863319011759 2
19.4283929945267 26.8147572658394 2
20.8308240258805 27.04146975546 2
21.3357290058326 28.3687518655845 2
22.7383115907415 28.5931233963989 2
23.2448514152938 29.9193938346289 2
24.6477550961289 30.1416097340491 2
25.1556865068248 31.4671835574901 5
26.5590660984277 31.6876611574838 5
27.0679581715363 33.0128973999448 5
28.4718436109283 33.2321320332985 3
28.9811382171102 34.5573182593533 1
30.3853695156527 34.7757501444188 3
30.894444663138 36.1010788062992 1
32.2987253730256 36.3190459931534 1
32.8069787031507 37.6446631432605 1
34.2109948312931 37.8625059480815 1
34.717923902689 39.1885832093394 1
36.1214555008781 39.4068070418538 1
36.6267408574027 40.733559099736 1
38.0297347110104 40.9528332313606 5
38.5333009474605 42.2804627480739 5
39.9358582976992 42.5014602638755 5
40.4378919877208 43.8300568807146 5
41.8401794191759 44.0532574178773 2
42.3411068603662 45.3827124607361 2
43.7432707170666 45.6082756767577 2
44.2436743331455 46.9382896624454 2
45.6458115475531 47.1660450434082 2
46.1463515442703 48.4962023496828 2
47.548518226801 48.7257079264264 2
48.0498623941046 50.0555613092427 2
49.4520932738153 50.2861686626824 2
49.9548498967597 51.6153000798545 2
51.3571722081739 51.8462120221981 2
51.8618066507968 53.1742855682697 2
53.2642345523533 53.4047259868427 2
53.7709480148796 54.7315807852698 2
55.1734832413048 54.9609707902215 2
55.6821489571686 56.2866907445396 5
57.0847972814622 56.5147015847182 5
57.5949787753376 57.8396023346843 5
58.9977625910901 58.0661151181663 1
59.5088132213598 59.3906430840304 1
60.9117722057263 59.6156609344682 1
61.4229891917148 60.9402456800928 1
62.8261607106231 61.1638203014004 1
63.3369124904067 62.4887622550935 1
64.7402804338726 62.710994535419 1
65.2500383771859 64.0364482676827 1
66.6534801591305 64.2575423642302 1
67.1617999575364 65.5835787337821 1
68.5651138280611 65.8038807004326 1
69.0716605699874 67.1305722529827 1
31.6339014897508 0.0762615454049211 1
32.1386050798795 1.40368198071317 1
33.5412846736304 1.6236441841609 1
34.0443975889163 2.95180600097131 1
35.4467643106172 3.17233441858873 5
35.9487585272905 4.50113058871505 5
37.3508834225586 4.72268397675456 5
37.8523462004555 6.05187178201506 5
39.2542925136521 6.27477719050441 2
39.7558502588711 7.60403225638034 4
41.1576617668546 7.82846293282238 4
41.6599501948942 9.1574540824498 4
43.0616682712058 9.38344227050204 4
43.5653120955493 10.7118783313787 4
44.966992991638 10.9393122018779 4
45.4725478947606 12.2669677103849 4
46.8742676808711 12.4955454499042 4
47.3820791543715 13.8222962345002 4
48.783908951859 14.0515539606823 4
49.2939782406481 15.3774271427884 4
50.6959506515426 15.6069173079481 3
51.2078628699825 16.9321132167623 3
52.6099615206351 17.1614969967265 3
53.1230034148138 18.4863389723562 3
54.5251794886071 18.7153692661701 1
55.0385301531662 20.0402043003947 1
56.440728824924 20.2686866196016 1
56.9536332389869 21.5937920042939 1
58.3558218915847 21.8215411188533 1
58.8676573610193 23.147089893004 1
60.2698396117792 23.3739223197762 1
60.7800769114466 24.7000198525336 1
62.1822739338518 24.9257990399832 1
62.6905283864758 26.2525266127264 1
64.0927503462735 26.4771900376622 1
64.598993801018 27.8045708280767 1
66.0012333309598 28.0282102670735 1
66.5057551597595 29.356206862488 1
67.9080034509391 29.579018515537 1
68.4112760137205 30.9075028106473 1
69.8135385521559 31.1296824212442 1
70.3161088427787 32.4584294873362 3
71.7183978868136 32.6801876052033 3
72.2208411494328 34.0089130175022 3
73.6231683207537 34.2305026875434 3
74.126075265527 35.5589370127441 0
75.5284418637818 35.780681177427 0
76.0323973179429 37.1086412310053 0
77.434778297527 37.3309245963847 0
77.9403014861112 38.6583339460553 0
79.3426395495457 38.8815361898446 0
79.8500944370969 40.2083880430256 0
81.2523279710126 40.4327768158352 0
81.7618256448705 41.7590858741788 0
83.1639294253205 41.9847228829354 0
83.6752676421478 43.3105172411484 0
85.0772632931023 43.5373227874189 0
85.5899202690391 44.862685295915 0
86.9918535361085 45.0905230426597 0
87.5051592007099 46.4155957592069 0
88.9070705460558 46.6442827335188 3
89.4203333030156 47.969273472739 3
90.8222349572087 48.1986115734332 3
91.3347718191294 49.5237856763702 3
92.7366469455328 49.7535605438179 3
93.2478077980309 51.0792116171094 5
94.6496227706183 51.3091713743328 5
95.1588863103077 52.6355696197503 5
96.560611532358 52.8653689327473 5
97.0677825004446 54.1926473283887 5
98.4694193028147 54.4218069818478 1
98.9746453846808 55.7499097948618 5
100.37622312244 55.9779381962483 5
100.87989540453 57.3066626576849 5
102.281448365043 57.5332116265607 5
102.784105823204 58.8622611923398 5
104.185669282058 59.0871407665605 3
104.687926041354 60.4161586408577 3
106.089562462401 60.6393113736352 3
106.592070253158 61.9679524793569 0
107.993890749858 62.1895219971075 0
108.497291700801 63.5175489374248 0
109.899450482602 63.7379236168806 0
110.40429768993 65.0652627631143 0
111.806923887623 65.2850384480381 0
112.313563842677 66.6117450915198 0
113.716649066615 66.8315893636464 0
75.3843367617886 0.883527951417908 0
76.787692875626 1.10401063693217 0
77.2977480029342 2.42961570156454 0
78.7010994379669 2.65112410393923 0
79.2122513270499 3.97615369108514 0
2.93379095132807 4.19894903895989 0
3.44542329950448 5.52346658245249 3
4.84819125404758 5.74775160483064 0
5.35970606913471 7.0719888153685 0
6.76217719645443 7.29788300157766 0
7.27302222402764 8.62222594243245 4
8.67530246936559 8.84976401022386 4
9.18496156919251 10.1746763614703 4
10.5871438198223 10.4037925315702 2
11.0951911507963 11.7296907272381 2
12.4973239873818 11.960163747197 2
13.0035193884057 13.287284595284 2
14.4056077920006 13.5186830668027 2
14.9099813816208 14.8470010965957 2
16.312009088947 15.0786458423565 2
16.8148538262867 16.4078948696459 2
18.2167992247262 16.6389653622387 2
18.7185961531442 17.9687297210102 2
20.120440073801 18.1984306754892 2
20.6217891769974 19.5282340933565 2
22.0235267108041 19.7559293249987 2
22.5250969952939 21.08530151733 2
23.9267799856122 21.3105914941049 2
24.4292342126962 22.6391627937563 2
25.8310106681856 22.8619984912583 4
26.3348876110816 24.1896066877901 4
27.7370011929705 24.410317994314 4
28.2425994419135 25.7370371090137 4
29.6453028857982 25.9562346951521 0
30.1526102329574 27.2822745482135 0
31.5560141226416 27.5006402471323 0
32.0647048011425 28.8262016370522 0
33.4686850897788 29.0443057684446 0
33.9781961267083 30.369513120852 0
35.3824381106763 30.5877573984235 0
35.8921030487994 31.9127095644035 0
37.2962364720552 32.1314529351978 0
37.8054142285382 33.4563263789136 3
39.2091635371114 33.6760334891983 0
39.717338136299 35.0011238409933 4
41.1206126352496 35.2223274704631 4
41.6274285960852 36.5480100934272 4
43.0302962790207 36.7711998084167 2
43.5355561966329 38.0978294620942 2
44.9381582193069 38.3233145738163 2
45.4418371343655 39.65110250302 2
46.8443105161229 39.8788914566447 2
47.3465756695088 41.2078223979484 2
48.749011875738 41.4375796167424 2
49.2502241030765 42.76740779241 2
50.6526631980119 42.998511131797 2
51.1533474571817 44.3288208188948 2
52.5557947428575 44.5604551474412 2
53.0565747799384 45.8907464542312 2
54.4590223393778 46.1220023826226 2
54.9605267412885 47.4517793358842 2
56.3629701724949 47.6818028211619 2
56.8657334716331 49.0106606120172 2
58.2681948565119 49.2387948045141 2
58.7725608735648 50.5665120637027 2
60.175110246677 50.7924102436704 2
60.6811641974581 52.1190144043479 2
62.0839320701495 52.342669497706 2
62.5914989633369 53.6684168127525 5
63.9946454832212 53.8901022908385 5
64.5033408523048 55.2153645893465 5
65.9069687819259 55.4355118468804 3
66.416271816919 56.760633245585 1
67.8203273538225 56.9796973237088 1
68.3296425643475 58.3049208178767 1
69.7338963249981 58.5232865898552 1
70.242614405654 59.848771377005 1
71.64675454183 60.0667558265661 1
72.1543276795508 61.3926460429667 1
73.5580794648214 61.6106471020492 1
74.0641002189346 62.937126274145 1
75.4673224701621 63.1557311123161 1
75.9716046110733 64.4830029853553 5
77.3743266345907 64.7029031776711 5
77.8769525228816 66.0311081252318 5
79.2793161622835 66.2529133524433 5
40.9398530226803 0.307810769179056 2
42.3420173388087 0.531874877016889 2
42.8425788956245 1.86166235684804 2
44.2446652623104 2.08801331163618 2
44.7451123171533 3.41810325888933 2
46.1471970024201 3.64647207190808 2
46.6482071125138 4.97642876238676 2
48.0503368728867 5.20630868184393 2
48.5525521913936 6.53570763865568 2
49.9547627153314 6.76640420207013 2
50.4587283898255 8.09487625583345 2
51.8610464868262 8.32559690108687 2
52.3670914652715 9.65290130359782 2
53.7695246201823 9.88296011741252 2
54.2776551794224 11.2090745991322 5
55.6802000438116 11.4380149231031 5
56.1900892599513 12.7631639750522 5
57.5927494810602 12.99075809673 5
58.1038038868319 14.3153490973183 1
59.5065994361072 14.5415267231192 1
60.0180996467232 15.8660146091364 1
61.4210646473528 16.090774528668 1
61.9323236275829 17.4155237189038 1
63.33547894233 17.6388997848381 1
63.8459223401411 18.9641219573731 1
65.2492196832462 19.1862170839749 1
65.7583700538985 20.512005720309 1
67.1616599156302 20.7330695703753 1
67.6691272702813 22.0594837628356 1
69.0722305697274 22.2798865754581 1
69.5778278003637 23.6069940749709 1
70.9806370812875 23.8271410426619 1
71.4845062462199 25.1549748006775 1
72.8870119972909 25.3753292939167 1
73.3895515550043 26.7038332362471 1
74.791804274143 26.9248622589218 5
75.2935607721161 28.2538495127933 5
76.6956192760909 28.4759375489498 5
77.1971985303328 29.8051162305557 4
78.5991039775103 30.0285220370993 4
79.1011317388459 31.3575669180331 4
80.5029150566732 31.5824263296377 4
81.006019254393 32.9110402029305 4
82.4077203491331 33.1373677277969 4
82.912492925995 34.4653119743114 4
84.3141742248576 34.6929693415309 4
84.8210740040501 36.0200857679697 4
86.2228139043176 36.248732640898 4
86.7320106243469 37.5749836340586 4
88.1338703631503 37.8041817594411 4
88.6451411454013 39.1296864843616 3
90.0471344486797 39.3590605595518 3
90.559875586752 40.6840824512728 3
91.9619714931154 40.9133443170872 3
92.4753863379197 42.2382118458878 1
93.8775290057391 42.4671382752078 1
94.3908190034609 43.7921515280168 1
95.7929564337364 44.0205468472434 1
96.305437891911 45.3459195282868 1
97.7075489842442 45.5735847377554 1
98.2186458172107 46.8994515845908 1
99.6207439559833 47.1262009480971 1
100.12996913151 48.4526693762142 1
101.532076558412 48.6783630805159 1
102.039244142168 50.0054871908817 1
103.441376852214 50.230073942547 1
103.946652508797 51.5578430132119 1
105.348812038073 51.7814348336501 1
105.852610890111 53.109756451641 1
107.254800132439 53.3325174499087 1
107.757648451476 54.6611992749658 1
109.159879172195 54.8833006592594 3
109.662344174629 56.2120714701006 3
33.3830629952846 56.433723432072 3
33.8857316936594 57.7622950238735 3
35.2880935972198 57.9837827473394 0
35.7915601242272 59.3119305271668 0
37.1939925572333 59.533630664867 0
37.6988131647869 60.8612426136104 0
39.1012728013373 61.0835821861553 0
39.6078796375709 62.4106416644478 0
41.0102859689952 62.634000837062 0
41.5188942475187 63.9605269260492 0
42.9211758866895 64.1851171753237 0
43.4317102414999 65.5111243268154 0
44.833844656412 65.7369630137476 0
45.3459203235786 67.0624878481574 3
7.9071482481381 0.0152924074264273 0
8.42015115616973 1.34043503548567 0
9.8220941402629 1.5684941216566 0
10.3353523852428 2.89342838763414 0
11.737267237515 3.1223508678998 3
12.2501022370454 4.44732966509561 3
13.6519987873015 4.67692040347174 3
14.1637439670382 6.00225057454168 5
15.5656019663792 6.23228286411859 5
16.0756645053239 7.55827530307313 5
17.4774479907455 7.78845644694743 5
17.9854683096301 9.11533218676617 5
19.3871560285845 9.34521913909028 5
19.8931354708346 10.6730038415103 5
21.2947366828326 10.9020496848013 5
21.798964504735 12.2305861281917 5
23.2005085098921 12.4582997296374 5
23.7034656536572 13.7873113836724 5
25.1049829379361 14.0133804949882 5
25.6072588320968 15.3425174215294 5
27.0087964319665 15.5667730682868 3
27.5110383226038 16.8956618765291 4
28.9126875278705 17.1181149377681 0
29.415556427746 18.4464523430001 0
30.8174672554954 18.6673620618789 0
31.3215712566905 19.9949981282154 0
32.7239179703239 20.2148808698193 0
33.2297080355561 21.5418276770693 0
34.6325821200208 21.7613507341809 0
35.1402250925119 23.0876978027192 0
36.5435350845584 23.3075084790276 0
37.0528749004047 24.6333106668322 0
38.4563676221007 24.8539008921289 0
38.9669952463011 26.1791391717014 0
40.3703763966243 26.4008415684587 0
40.8817008927504 27.7255276955863 0
42.2847677143731 27.9485994094093 0
42.7961682033205 29.2728934686256 0
44.1988822709395 29.4975375823402 0
44.7097973238177 30.8217708831583 4
46.1122398038329 31.048106196474 4
46.6221549931154 32.372727838324 4
48.0244362814755 32.6007775238621 4
48.5329015129375 33.9262451761904 2
49.9351042425437 34.1558904085855 2
50.441813100967 35.4825297962791 2
51.8439726543687 35.7134551799744 2
52.3488493918371 37.0413523256515 2
53.750964599424 37.2729974444872 2
54.254203358667 38.601974186678 2
55.6562566152662 38.8335613052757 2
56.1582722266685 40.1632461702705 2
57.5602407190851 40.3939276553675 2
58.0615925075755 41.7238510030941 2
59.46345698283 41.952868694435 2
59.96478848126 43.2825415977278 2
61.3665619794811 43.5093295037685 2
61.8685439697966 44.8383184985797 2
63.2703185416994 45.0626103474499 2
63.7735389461115 46.3906510605453 2
65.1755119033766 46.6125625643998 4
65.6803570613023 47.9396350829329 4
67.0827927463975 48.1596358154627 4
67.5893669201508 49.4859189371122 4
68.9924655486041 49.7046694435145 0
69.5005652287664 51.0303996383698 0
70.9043277457037 51.2485357719942 0
71.4134749654521 52.5738929565518 0
72.8176744306107 52.7918935675154 0
73.3272286981119 54.1169917657736 0
74.7315074738462 54.3352088205979 0
75.2408006652467 55.6601826323971 3
76.6448164481676 55.8790167279054 3
77.1532665079346 57.2041009149812 3
78.5568226624916 57.4240797901256 4
79.0640064648028 58.7496072633806 4
80.4670920008046 58.9712941488094 4
80.9727598835924 60.297624913567 2
82.3754894226731 60.5214818854486 2
82.8795661685246 61.8488877504191 2
84.2820913688421 62.0751270308058 2
84.7846884696081 63.4036861288735 2
86.1871330975613 63.6321753752001 2
86.6885538211934 64.9617320341542 2
88.0909884681477 65.1920033481047 2
88.5917097618911 66.522203916516 2
89.994158603037 66.7535447822502 2
51.6539961265574 0.809704059562998 2
53.0564596143833 1.04124955171257 2
53.5576243435623 2.37128818123006 2
54.9600980068747 2.60213562913823 2
55.4623819774035 3.93139121789095 2
56.8648723342166 4.16075796576342 2
57.3686989909117 5.48892210459824 2
58.7712429434453 5.71628077765399 2
59.2767909429647 7.04327234556967 2
60.6794760443121 7.26842252181352 2
61.1866499811152 8.59441152402377 2
62.5896126248112 8.81746017465684 5
63.098079124287 10.142796197084 5
64.5014535347685 10.364065300583 5
65.0107203843923 11.6891356688763 1
66.4145446754959 11.9090406740154 1
66.9240394280048 13.2341490489963 1
68.3281799631763 13.4531015560622 1
68.8373023182531 14.7784435330058 1
70.2414846980106 14.9967854089202 1
70.7496626372765 16.3224974118895 1
72.1535867376228 16.5405607513762 1
72.6603473224881 17.8667929731331 1
74.0637988164875 18.085053714299 1
74.5688510166331 19.4119936715709 1
75.9717747699631 19.6310974632018 5
76.4750852551389 20.9589135853458 5
77.8775737091279 21.1795338258388 5
78.3794015081508 22.5082694918979 2
79.7816080242532 22.7309182226983 2
80.2824441601183 24.0604230554588 2
81.6845087124367 24.2853221158968 2
82.1849751466943 25.6152747244157 2
83.5869950325093 25.8423395672829 2
84.0877685336692 27.1723257144388 2
85.4898049267642 27.4012070225786 2
85.9915508086138 28.7308015718449 2
87.3936476296645 28.9609421365704 2
87.8969648148873 30.2897593546228 2
89.2991610767611 30.520429994642 2
89.8044947095258 31.848172089997 2
91.206812124059 32.0786263766659 2
91.714311970133 33.4051740231499 2
93.1167495642332 33.6348375296909 5
93.6262152593491 34.9603125336978 5
95.0287643391491 35.1888416582614 5
95.5396861901813 36.5135846629183 5
96.9423472125599 36.7408249513802 1
97.4540204160649 38.0652870050558 1
98.8568106886189 38.2911855971868 1
99.3685006953641 39.6157817724815 1
23.0898785804631 39.840319768453 1
101.282520460212 41.1653268499209 1
25.0040576589272 41.3885293702235 1
25.5139976933839 42.7140797108128 1
26.9171863309448 42.9360723265328 1
27.425561463937 44.2622268627547 1
28.8286751869005 44.4833120589147 1
29.3351972643801 45.8101297042741 1
30.7380950349924 46.030683835528 1
31.2427867400582 47.3582052832312 1
32.6454134225191 47.5786410119873 1
33.148588576069 48.9068470570367 1
34.5509662120565 49.1276089501689 1
35.0531211855664 50.4563675344425 1
36.4552992126903 50.6778646906391 5
36.9570143957626 52.0069254794345 5
38.3590324165035 52.2294760378792 4
38.8609194952398 53.5585273669126 4
40.262801574329 53.7823481968521 4
40.765484106534 55.111088057246 4
42.1672541213696 55.3362985199261 4
42.6713404913144 56.6644778692806 4
44.0730401528478 56.8910788457748 4
44.5790605365887 58.2185197056418 4
45.9807583955181 58.4463350974901 4
46.4890271240602 59.7729530337048 4
47.8907985110224 60.0016227238638 4
48.4012834236319 61.3274644309824 0
49.8031742697708 61.5566004692636 3
50.3154302352413 62.881858569425 3
51.7174372548145 63.1111436964261 3
52.2307306342001 64.436108318504 3
53.6328117907679 64.6652873906753 1
54.146328219994 65.9902613657116 1
55.5484245940123 66.2191228621369 1
17.2206412698514 0.270138550077441 1
18.6227090986455 0.498478093635793 1
19.1345688000334 1.82413098525823 1
20.5366002160714 2.05173742780847 1
21.0467675871339 3.37794435638898 1
22.4487807368926 3.60462923930996 1
22.9569090442554 4.93148541922707 1
24.3589323889594 5.15709456209011 1
24.8650452858043 6.48461783770825 1
26.2671002037069 6.70912294213374 1
26.7715236992433 8.03725344390387 1
28.173617995015 8.2607645678765 1
28.6768458357318 9.58934539962016 1
30.0789906294002 9.8119936846269 1
30.5815791009905 11.1407757926351 3
31.9837923651669 11.3627233748998 3
32.4863237903642 12.6914116913151 3
33.8886298918949 12.912892436774 3
34.3917018647126 14.2412244581261 0
35.7941206162733 14.4625786373341 0
36.298316284558 15.7903958624207 0
37.7008340690593 16.0120604186037 0
38.2066463541475 17.3393217535331 0
39.6091927819144 17.5617504351144 0
40.1169244357865 18.8884787201849 0
41.5193961799494 19.1120205488606 0
42.0290868512529 20.4382354733042 0
43.4314074566348 20.6630368061844 0
43.9428033455787 21.9887444828849 0
45.3449559789948 22.2148105747001 0
45.857527706002 23.54006608783 0
47.2595489872358 23.7673284421183 0
47.7726554084065 25.0922631031433 0
49.1746050476038 25.3205812358868 0
49.6875811810522 26.6454211685794 3
51.0895004424686 26.8746215597963 3
51.6016780616477 28.1996731843206 4
53.0035714002626 28.4295563307113 5
53.5143219974776 29.7551575103295 5
54.9161637934682 29.9854719104509 5
55.4250026445936 31.311915802524 5
56.8267584546289 31.5422879575132 5
57.333525330943 32.8696964160306 5
58.7351820984765 33.0995835229472 5
59.2400462791796 34.4278651932577 5
60.6416184504939 34.6566808810905 5
61.1449809540158 35.9855885803164 5
62.5464948132282 36.2128715716882 5
63.0489052264355 37.5420679233212 5
64.4503940008534 37.7675353993281 5
64.9524840319288 39.0966344896988 4
66.3540163988053 39.3201641703226 4
66.8564548733755 40.6488093782093 4
68.2581602559993 40.8705140995076 0
68.7615939260865 42.1984755943487 0
70.1636596172301 42.4187549105019 0
70.6686247870215 43.7459793983948 0
72.0712176952896 43.9654571805109 0
72.5780080818069 45.2920214289844 0
73.981150746681 45.5113838752123 0
74.4897262381742 46.8373805960267 0
75.8932413011146 47.0572159977318 0
76.403269603176 48.3826657731329 0
77.8068546214698 48.6033859584292 0
78.3177975949269 49.9282751270675 0
79.7211637690268 50.1501917275638 0
80.23238689365 51.474611706869 0
81.6353900321543 51.6979887048785 0
82.146306571656 53.0222038788558 0
83.5489660195288 53.2472472827094 4
84.0590574409517 54.571669177838 4
85.4614771811369 54.7984954248107 4
85.9702826566036 56.1235953745411 2
87.372570418832 56.3521939914463 2
87.8797372700227 57.6783688429081 2
89.281963477867 57.9085391366363 2
89.7873310026288 59.2359808479302 2
91.1895195411749 59.4672913412596 2
91.6931802267834 60.795925624555 2
93.0953252262969 61.027692791862 2
93.5976151878217 62.3572128021042 2
94.9996965889328 62.5885935728893 2
95.5011270140673 63.9185530916204 2
96.9031204098579 64.1487039148226 2
97.4043059563354 65.478606632341 2
98.8061988432799 65.7068238806062 2
99.3078031021667 67.0361949983756 2
100.70963871767 67.2620144409007 2
62.3714991825245 1.31628731087444 2
63.7734168213899 1.53959829536403 2
64.2775608092177 2.86707187303326 4
65.679798118132 3.0881503164615 4
66.1856451441139 4.41472399246007 4
67.5884502661768 4.63414031472981 4
68.0959148112712 5.96005706977156 0
69.4994018404884 6.17847094921815 0
70.0081111171599 7.5039635227493 0
71.4121669708682 7.72193597645263 0
71.9215339194616 9.04716087351726 3
73.3258554564512 9.26508803862592 0
73.8352087893926 10.5901672902702 3
75.2394303872934 10.8083973695669 3
75.7481375279862 12.1335114917898 3
77.1519726923817 12.3525138631696 3
77.6595349686169 13.6779429784619 3
79.0628734195976 13.8983002291212 4
79.5689731996007 15.2243862040522 5
80.971872745389 15.446668819527 2
81.4763787336911 16.7737195810325 2
82.8789851414592 16.9983241950095 2
83.3819541548077 18.3264992514787 2
84.7844168054094 18.5535097825589 2
85.2860970497799 19.8827470905738 2
86.6885199789911 20.1118868813828 2
87.1893392254194 21.4419072507477 2
88.5917721188417 21.6725960930391 2
89.0922999942603 23.0029683693174 2
90.4947560785953 23.2344257870858 2
90.995633430707 24.5646525438232 2
14.7165438627386 24.7959846719515 2
15.2183822372213 26.1255874666955 2
16.620887571523 26.3559288363577 2
17.1241778380403 27.6845312795036 2
18.5267248366961 27.9132020997243 2
19.0317423454119 29.2406199867022 2
20.4343818112245 29.4672353092114 2
20.9411239784965 30.7935356392904 2
22.3439555748714 31.0180271230215 2
22.8521539522276 32.343502392523 5
24.2553074879788 32.5660569660302 5
24.7644990718363 33.8911094420638 5
26.1680687700678 34.1120608858434 1
26.677692387571 35.4370563879214 1
28.0816458153323 35.6567888748434 1
28.5911127666656 36.9819765049701 1
29.9952492776529 37.2008641985913 1
30.5039807497496 38.5263972247333 1
31.9080078811459 38.7447616613643 1
32.4154887141981 40.0707665036651 1
33.8191429185505 40.288987556403 1
34.3249956112685 41.6156232689552 1
35.7281391482703 41.834254078905 1
36.232211885981 43.1616956685953 1
37.634868547119 43.381405069389 5
38.1373096325911 44.7097502496081 5
39.5396052064438 44.9311534627485 2
40.0408349902065 46.2603295948497 2
41.4429159636175 46.4838202740255 2
41.943521558566 47.8135706358987 2
43.3455039657765 48.0392490154211 2
43.8461512105292 49.3691924287164 2
45.2481118718843 49.5968797209505 2
45.7494783419209 50.9265973265697 2
47.1514706723036 51.1558847011194 2
47.6541902256715 52.4849827766166 2
49.056261516033 52.7152663045887 2
49.5608689744332 54.0434118631053 2
50.9630578108573 54.2739570339572 2
51.4698477111365 55.6009521207916 2
52.8721668915189 55.8310947556599 2
53.3810837057261 57.1569568974399 5
54.7835231933341 57.3862381717787 5
55.2941662494466 58.7112208213668 5
56.6967115272426 58.9393900629166 5
57.20842395931 60.2639095654433 1
58.6110720972262 60.4908546322517 1
59.1230949234873 61.8153537575681 1
60.5258616822826 62.0410154306981 1
61.0374953105609 63.3658340102455 1
62.4404022963611 63.5901760529275 1
62.9510795061285 64.9155005637737 1
64.3541079035785 65.1385537847009 1
64.8633638464671 66.4644618095382 1
66.2664149282373 66.6863966169257 1
27.9330928270707 0.738730291702846 1
29.3360231119886 0.959884443752668 1
29.8415911090242 2.28711228115018 1
31.2443053336607 2.50786028200451 1
31.748196412883 3.83577219073816 1
33.1506822956933 4.05651921914002 1
33.6533325319059 5.38503112536536 1
35.0556241086023 5.60618187251399 1
35.5575829106426 6.9350906973374 5
36.959717196879 7.15699536194996 5
37.4615792262654 8.48601217827992 4
38.8635775522185 8.70894422507733 4
39.3659571627473 10.0377652452404 4
40.7678317196204 10.2619246081644 4
41.2713421268136 11.5902900357162 4
42.6731137067221 11.8157886647939 4
43.1783228143534 13.1435071355322 4
44.580036862363 13.3703265027671 4
45.0873723981776 14.6972843226377 0
46.4890998259812 14.9252058768982 4
46.9986952421519 16.2513929679101 0
48.4005036301629 16.4800644308608 0
48.9121063472258 17.8056005463088 3
50.3140241639556 18.0346909080258 3
50.8270072398697 19.3598130208747 3
52.2290179315299 19.5890431363649 3
52.7425853887707 20.9140364940131 3
54.1446386856034 21.1431731668033 1
54.6580139165521 22.4682995301435 1
56.0600536980318 22.6971328930488 1
56.5725596549588 24.0225946285927 1
57.9745539866843 24.250907158329 1
58.485595435484 25.5768585307816 1
59.8875464217193 25.8044320091049 1
60.3966430096225 27.1310074559697 1
61.7985746256201 27.3576315432026 1
62.3055928640187 28.6848888861573 1
63.7075412242575 28.9104037447375 1
64.2126858487055 30.2383144460451 1
65.6146741484754 30.4627149904185 1
66.1183847036403 31.791157740174 1
67.5204258808949 32.0145316206005 1
68.0232411115782 33.3432860076258 1
69.4253533308605 33.5657448321176 3
69.9278497073171 34.8945211136172 3
71.3300608162948 35.1162398302145 3
71.8328356297971 36.4447469561681 0
73.2351814685511 36.6660091163883 0
73.7388348215826 37.9940378128009 0
75.1413356786289 38.2152541995836 0
75.6464113356531 39.5427221819988 0
77.0490314099321 39.7643827300812 0
77.5559150626075 41.0913049494632 0
78.9585496533087 41.3138640112178 0
79.4673818817438 42.640274796281 0
80.8699094467056 42.8640200466989 0
81.3805526672191 44.1899204204321 0
82.7828987438458 44.4149508710227 0
83.2949320097221 45.7403528277207 0
84.697090830026 45.9666784745679 0
85.2099149556988 47.2916669737397 0
86.6119398211696 47.5192087801772 0
87.1249096524502 48.8439708453938 0
88.526866924983 49.0725875044663 0
89.0393247149808 50.3974135229972 4
90.4412509281887 50.6269338721834 4
90.9525525383289 51.952176912672 4
92.3544446689719 52.1823858826958 5
92.8640326755644 53.5083891556674 5
94.2658596362995 53.7389825754279 5
94.7734164477197 55.0659657448002 2
96.175149104572 55.2964590917579 5
96.680705684414 56.6244180963764 2
98.0823384261353 56.8541903064129 5
98.5861994117105 58.1829248051356 5
99.9877482959475 58.411383840058 5
100.490404637843 59.740572700002 5
101.891892976111 59.967300976758 5
102.393947806361 61.2965590452348 5
103.795421834589 61.5213067604051 4
104.297539687889 62.850240318514 4
105.699100104793 63.0729662348986 4
106.201952033726 64.4012707144 4
107.603772734797 64.622226309577 0
108.107960021267 65.9497676077016 0
109.510248856008 66.1694893119142 0
71.1753957756772 0.222090806477079 3
72.5782777890888 0.441262966853706 0
73.0860462326294 1.76746206700635 0
74.4894563103628 1.98674441373552 0
74.9988217482435 3.31239912259819 0
76.4025042125401 3.53229368288059 0
76.9129865957272 4.85740223664407 0
78.3166096480395 5.07827008774727 0
78.8275914124647 6.40286784707869 0
80.2309040738144 6.62502356693826 0
80.7417639108907 7.94930217573863 0
82.1446914229476 8.1730222180561 0
82.6548923015493 9.49733904155541 4
6.37593019297785 9.72283297100527 4
6.88500447002048 11.0476461296614 3
8.28740771977265 11.2750146503905 2
8.79497355429246 12.6007664334799 2
10.1972728111488 12.8299350512065 2
10.7031036096429 14.1569117841215 2
12.1053560704662 14.3875744909155 2
12.6094508032638 15.7158115520462 2
14.0116708266991 15.9474098529302 2
14.5142785788011 17.2766855022256 2
15.9164556084216 17.5084359840959 2
16.4180289090551 18.8383460190265 2
17.8201397415863 19.0693730705112 2
18.3212609283248 20.3994261059672 2
19.7232814633308 20.6289171943949 2
20.2245976438515 21.9586154105739 2
21.6265343221196 22.1859415279064 2
22.1286874932162 23.5148617383418 2
23.5306231670945 23.7396935914197 2
24.0341288662003 25.0676030339565 2
25.4362501408078 25.2899930586101 4
25.9413976660091 26.6169106164716 4
27.3439564397438 26.8372726293036 4
27.8507660169524 28.1634112916124 4
29.2539578202098 28.3823686692105 0
29.7621675826984 29.707996974854 3
31.1660006857319 29.9261665777451 0
31.6751024219056 31.2514965816135 3
33.0793628490081 31.469352244395 3
33.5887079486698 32.7945253222428 3
34.9930494001419 33.0124110448468 3
35.5019762926172 34.3375729613685 3
36.9060572466686 34.5558776439655 3
37.4139981852847 35.8812535151371 3
38.8176076175781 36.100522479041 3
39.3241653305456 37.4264174677729 5
40.7272771863888 37.6472718776235 5
41.2322514757501 38.974004716063 2
42.6349779198579 39.1969875952969 2
43.1383663256925 40.5247808835753 2
44.5408681478269 40.7501852730208 2
45.0428632422019 42.0790681995672 2
46.445276546154 42.3068325962006 2
46.9462566604128 43.6366097231975 2
48.3486619569756 43.8663246618126 2
48.8491618303882 45.1966191509131 2
50.251591433006 45.4276170795955 2
50.7522396016887 46.7579535398544 2
52.1547025251149 46.9894024447459 2
52.656136574479 48.3192893757883 2
54.0586360468207 48.5502938088665 2
54.5614016271866 49.8793060747007 2
55.9639447147765 50.1090702145252 2
56.4684093290319 51.4369335754512 2
57.8710213483698 51.6649050173202 2
58.3772853201122 52.9915780692365 2
59.7800291021112 53.2175123610443 2
60.2879061795388 54.5432033751677 2
61.6908857231572 54.7671378623828 5
62.1999560319133 56.0922281246462 5
63.6032823774008 56.3143920867152 5
64.1129919886049 57.6392930747552 1
65.5167092526311 57.8600054532828 1
66.026467059213 59.1850337527888 1
67.4304729780823 59.4046488165875 1
67.9397023968037 60.7299959684537 1
69.3437495388876 60.9488603462412 1
69.8519131306718 62.2746488142156 1
71.2557177820785 62.493093545023 1
71.762375361356 63.8194513007131 1
73.1657321290233 64.0379241460004 1
73.6706238455277 65.3650138814586 1
75.0734782319512 65.5841229129952 1
75.57662908766 66.9120760030365 1
76.9790589380581 67.132474164886 5
38.6400143456771 1.18707522728146 5
40.0421555717223 1.40928718617342 2
40.5430236766361 2.73877753022051 2
41.9450045389553 2.96307610520309 2
42.4456455141212 4.29290739576162 2
43.8475580289114 4.51928791367729 2
44.348650553365 5.84905640039197 2
45.7505579060205 6.07726595563002 2
46.2527584131832 7.4065746592628 2
47.6547136621292 7.63615735954573 2
48.1586145403112 8.96465546675033 2
49.560669769443 9.19496895547945 2
50.0666949480136 10.5224004950782 2
51.4688829507715 10.7527450944221 2
51.9771373381281 12.0790332654298 2
53.3794592460208 12.3088484049917 5
53.8896750568968 13.6341477195458 5
55.2921114874887 13.8630798835731 5
55.8037114419745 15.1877452701424 1
57.2062421107083 15.4156096892176 1
57.7184740435503 16.7400830431218 1
59.1210940613298 16.9667811621413 1
59.6332033730422 18.291451968476 1
61.0359287000398 18.5169069793786 1
61.5472817271069 19.8420236028506 1
62.9501255902023 20.0661917630643 1
63.4602170573538 21.391866486799 1
64.8631414593998 21.6148003579801 1
65.3715453131272 22.9410899620938 1
66.7744433164221 23.1630153867145 1
67.2809294554306 24.4899666941178 1
68.6836850315065 24.711230228115 1
69.1883633984157 26.0388575155862 1
70.5909284672557 26.2598247801232 1
71.0941633375881 27.5880809190135 1
72.4965504054976 27.8091318630744 1
72.99885338162 29.1378619986563 1
74.4010936904654 29.3593533337796 3
74.9030403857715 30.68830023647 3
76.3051551951854 30.9105379319968 4
76.8073478447103 32.2394018229114 4
78.2093440209356 32.4626400915689 4
78.7123932226447 33.7911493051417 4
80.1142751866008 34.0155847702742 4
80.6187685219442 35.3435349148245 4
82.0205556268311 35.5692750447758 4
82.5269920447386 36.896535463119 0
83.9287336406813 37.1235279177009 0
84.437390786487 38.4500493397151 0
85.8391560133542 38.6780437451123 0
86.3499653225724 40.0038827450775 0
87.7518096088159 40.232559249466 3
88.2643016164066 41.5578896370565 3
89.666238582114 41.786961357306 3
90.1796730323323 43.1120337208005 3
91.5816752330343 43.3412472344353 3
92.0952606881621 44.6663218084516 3
93.4972745509847 44.8954567066915 1
94.0102911264964 46.2207590267887 1
95.4122683002221 46.4495987221979 1
95.9240790297336 47.7753110476589 1
97.3260000247686 48.0036249355008 1
97.8360392825547 49.3299109839376 1
99.2379116266257 49.5574643676229 1
99.7458760876139 50.884433860978 1
101.147734413244 51.1109842054786 1
101.653689049688 52.4386466898329 1
103.055572554457 52.6640431502224 1
103.559869354015 53.9923101495788 1
104.961800441068 54.2165587151406 1
105.464948094526 55.5452429054251 1
106.866945536909 55.7684045317653 1
107.369511210904 57.0972319668225 3
108.771602853634 57.3194189665913 3
109.274181304787 58.648082862929 3
110.676410263984 58.8695095614906 0
111.179610353047 60.1977532032228 0
34.9004543921424 60.4187753883085 0
113.086427763146 61.7464628219094 3
36.8074672730808 61.9675650967194 0
37.3135371393586 63.294685321425 0
38.7162705137321 63.5163892692264 0
39.2242437651115 64.8429867094888 0
40.6269609078979 65.0657122433922 0
41.1368047212067 66.3918044352041 0
42.5393737630238 66.6157693136228 0
4.20999581596031 0.667128400760365 0
5.61235057735722 0.892419153643639 0
6.12478101217105 2.2175085814537 0
7.52693699033506 2.44412708631799 0
8.03976832734229 3.76887322087323 0
9.44179678448345 3.99672983525578 0
9.95438832476794 5.32139219512267 0
11.3563564908872 5.55034840725546 4
11.8680647674093 6.87527981376527 4
13.2700005167779 7.1051585153246 4
13.7802313691796 8.43073584397413 2
15.1821230898314 8.66128821797658 5
15.6904386147939 9.98781383214655 2
17.0922534450942 10.2186428318461 2
17.5985316839736 11.546215484891 2
19.0002468723625 11.7767258227587 2
19.5046810975036 13.1052132848346 5
20.9062963654592 13.3347376647355 5
21.4093006572476 14.6638473105416 5
22.810830681047 14.8918208953796 5
23.312965889683 16.2211748675004 2
24.7144373747426 16.4472207280302 5
25.2163503023046 17.7764056060842 4
26.617833112864 18.0003314267398 4
27.1202049920232 19.3289805046146 4
28.5218424269417 19.5508684674049 4
29.025320285456 20.8787608078961 0
30.4273265096639 21.0990166819589 0
30.9324163171764 22.4261221171551 0
32.3349888568208 22.6453833330129 0
32.8419171675646 23.9718062191137 0
34.2451105201603 24.1907704576584 0
34.7537548460014 25.5166256342043 0
36.1574082254379 25.735884952242 0
36.667356814655 27.0612117688226 0
38.0711512844956 27.2811837780044 0
38.5818201770398 28.6059926501501 0
39.985426279218 28.8270281424611 0
40.4961756003591 30.1514373894116 0
41.8994060882736 30.3738667886228 0
42.4096620164072 31.6981677305525 0
43.8125089678749 31.9222811739118 4
44.3217901911215 33.2468977982783 4
45.7243510383637 33.472902169 4
46.2322578972267 34.798294033077 2
47.6346510503402 35.0262486232505 2
48.1409087895298 36.352776460191 2
49.5432241523051 36.582512404386 2
50.0477525205484 37.9103180196156 2
51.4500338576682 38.1414088801748 2
51.9529917772921 39.4703707432216 2
53.3552450278862 39.7021375652718 2
53.8570162154922 41.0319134962455 2
55.2592257109733 41.2635037159759 2
55.7603524949609 42.5936238080314 2
57.1624927006026 42.8241590519611 2
57.6636028620339 44.1541149455005 2
59.0656576030822 44.3828356732542 2
59.5673984363487 45.7121574251325 2
60.9694042678409 45.9385399812801 2
61.4723383198109 47.2669005322588 2
62.8744228591379 47.4907685828637 2
63.3789129092166 48.8180797786794 2
64.781295795261 49.0396430345484 4
65.2874534941469 50.3660527019268 4
66.6903687956252 50.5858269330476 4
67.1980368718502 51.9116103725315 4
68.6015987562282 52.1302219221277 0
69.1103635376216 53.4556435211095 3
70.5144705566582 53.6736403013175 3
71.0237318591596 54.9988860902372 3
72.4280951752068 55.2166610861563 3
72.9371866898566 56.5418708858771 3
74.3414502423041 56.7597597936795 3
74.8497528892799 58.0851115957103 3
76.2536260811993 58.3035756902324 3
76.7606602379066 59.6293281989212 3
78.1640178989719 59.8489795264587 5
78.669501727768 61.175438149946 5
80.0723927745709 61.396909658264 2
80.5762543120902 62.7243370461916 2
81.9788281948114 62.9481031117004 2
82.4811998660177 64.2766103410363 2
83.8836169559037 64.5028311830586 2
84.3848251775105 65.8323122545524 2
85.7871994201522 66.0607806023571 2
47.4469562554315 0.116711896594931 2
48.8493452371076 0.346908509774272 2
49.3498308731524 1.67727432057788 2
50.752256277775 1.90846419641649 2
51.2533344625533 3.23856375163528 2
52.6558054614315 3.4698810329594 2
53.1580691323797 4.79925711403869 2
54.5605916559458 5.02983690699505 2
55.0644891087491 6.35814314421308 2
56.467074901745 6.58729133771418 2
56.9728133596779 7.91438246781634 2
58.3754961475997 8.14168469370165 2
58.8829880252317 9.46766777224339 2
60.2858387886918 9.69300428108438 2
60.7947264047262 11.0182063645939 5
62.1978446611441 11.2416857335578 5
62.7075912857415 12.5665338386774 5
64.1110591783936 12.7883939217786 1
64.6210625848694 14.113269525912 1
66.0248684151866 14.3338023147646 1
66.5345416253023 15.6589571763231 1
67.9385205562112 15.8785001168695 1
68.4473187975826 17.204074948365 1
69.8512017925391 17.4229608237193 1
70.3586453604274 18.7490625041923 1
71.7621827602222 18.9676603124974 1
72.2679254530719 20.2944252699731 1
73.6709867557238 20.5132500625994 1
74.1749273476581 21.8408224599406 1
75.5775275284536 22.0605036196299 1
76.0798878438293 23.3889365258127 5
77.482133571499 23.610073839278 5
77.9833868019784 24.9392566023865 2
79.3854074356186 25.1622676580705 2
79.886167015978 26.4919225220653 2
81.2880668951625 26.7169690198909 2
81.7890025465442 28.0467180923129 2
83.1908540488273 28.2737076816706 2
83.6926338391113 29.6031563393983 2
85.0944948451269 29.831782954643 2
85.5977447480104 31.1605715175616 2
86.9996739765444 31.3903368574876 2
87.5049164246037 32.7181720769648 2
88.9069658797308 32.9484182910979 2
89.4144648276024 34.2751461905556 2
90.8166568971837 34.5052446079665 2
91.3263024695205 35.830919644554 5
92.7286254834831 36.0604176394417 5
93.2399507294491 37.3853133588051 5
94.6423761070625 37.6139417490215 1
95.154669894724 38.9384702849526 1
96.5571728593318 39.1660809351682 1
97.0696482116495 40.4906599672311 1
98.4722249257136 40.7171472389199 1
98.9841780367866 42.0420842738844 1
100.386845250924 42.2673549790068 1
100.897715091181 43.592811424834 1
102.300475908807 43.8168286611097 1
102.809800260164 45.1428739449926 1
26.5310328678396 45.3657280971488 1
27.0384667415323 46.6924161198689 1
28.4412085643675 46.91437328738 1
28.9467369342988 48.2417271718507 1
30.3493415302697 48.4631266459378 1
30.8532442769574 49.7911246868997 1
32.2556986570967 50.0123121699896 1
32.7584408154988 51.3408437401993 1
34.1607657076753 51.5621625265751 1
34.6629008947518 52.8910086703412 3
36.0651173908444 53.1127748900599 3
36.5672342534561 54.4416482843432 3
37.969349377278 54.664145436393 4
38.4720515668347 55.9927635838554 0
39.8740614381369 56.2162447718821 4
40.3779453316269 57.5443871064849 0
41.7798483777401 57.7690541101378 0
42.2854538379161 59.0965768293628 0
43.6872689633064 59.3225250394981 0
44.1949854779996 60.6493559245771 0
45.5967636119018 60.8764875722403 0
46.1066828032309 62.202636377499 0
47.5084883446512 62.4306918318628 0
48.0203270423792 63.7562679578463 0
49.4222013070297 63.9849689383433 3
49.9353193123461 65.3101755547374 3
51.3372652287444 65.5392617952877 3
51.8508856385239 66.8643401507673 3
53.2528674136815 67.0935781004766 3
14.9254561581909 1.14454965963386 3
16.3274226290547 1.37372243199383 1
16.8398744605504 2.69922005986516 1
18.2417876296797 2.92809836614574 1
18.7527035465483 4.254096273212 1
20.1545512980561 4.48243682618892 1
20.6634722700032 5.80909723465648 1
22.0652720797137 6.03662327938739 1
22.5721067804459 7.36400656854634 1
23.9739013703606 7.59045291316353 1
24.4788850484848 8.91850653864115 1
25.8807116226473 9.14374311846589 1
26.3842992435911 10.472312461527 1
27.7861803724419 10.6963376363547 1
28.2889223643585 12.0251728816557 3
29.6908849266401 12.2480349377028 3
30.1933711673668 13.5768268732358 3
31.595458499665 13.79866420842 3
32.0983010913664 15.1271182501796 0
33.5005757908919 15.3482115584933 0
34.0043818085007 16.6761328324069 0
35.406897209372 16.8969237594698 0
35.9121945400049 18.2242566074032 0
37.3149355248688 18.4452915790682 0
37.8220595314662 19.7720756069791 0
39.224907815286 19.9938754869695 0
39.7339252511646 21.3201519101077 0
41.136710646736 21.5430711060777 0
41.6474202701886 22.8688265722339 0
43.0500109481755 23.0930363223925 0
43.5619534974687 24.4182654654632 0
44.9643016739202 24.6438498389838 0
45.4768809418133 25.9686394118904 0
46.8790309105233 26.1955828504443 0
47.391622606201 27.5201491200888 0
48.7936582693234 27.7483578811081 0
49.3056315230377 29.0730363181059 4
50.7076140879556 29.3023733301088 4
51.2183595635813 30.6275601458541 4
52.6203070920357 30.8578259241825 2
53.1293143197349 32.183884102065 2
54.5312065776378 32.4147661437165 2
55.0382070561065 33.7418996871871 2
56.4400135194187 33.9728803585518 2
56.9450713501622 35.3010473641705 2
58.3467754977525 35.5314451174472 5
58.8502147375389 36.8604002121039 2
60.2518187748474 37.0895363166251 5
60.7541431436749 38.4189146542559 2
62.1556597527577 38.6462714573403 2
62.6574847118046 39.9756546217021 2
64.0589547941467 40.2008987681639 4
64.5609576707703 41.5298750618689 4
65.9624861776882 41.7529121679352 4
66.4653421316113 43.0811779677442 4
67.8671212460611 43.3022463123869 0
68.3714108095861 44.6296863730384 0
69.7736730628249 44.8493272541501 0
70.2797469296432 46.1760078620108 0
71.682648108316 46.394916174042 0
72.19051832894 47.7209776826963 0
73.5940197108823 47.9398158218598 0
74.103366082666 49.2653507115911 0
75.5072144782437 49.4846178727764 0
76.0174976144013 50.8096488232316 0
77.4213383214934 51.0297141150244 0
77.931918461217 52.3543045858283 0
79.3354593545916 52.5755366130804 0
79.8457247145416 53.8999007798043 0
81.2488545370266 54.1226514819098 0
81.7582932950863 55.4471619799779 4
83.1610597236992 55.6717321065254 4
83.6692554672328 56.9968413914953 4
85.0717758636637 57.2234173809641 2
85.5784207061423 58.5495356993041 2
86.9808103101927 58.7781027822545 2
87.4857601880786 60.1054667238305 2
88.8880957828736 60.3357393245938 2
89.3914250301847 61.6643333192406 2
90.7937372645964 61.895760305233 2
91.2957528008378 63.2253236885827 2
92.6980395912052 63.4571266972357 2
93.1992336202724 64.7872290855912 2
94.6014746707668 65.0185170800581 2
95.1024519661084 66.3486527536164 2
96.5046226958846 66.5785723474799 2
58.1652414075665 0.634030725507371 2
59.5673452749273 0.861899077245552 2
60.0697727496168 2.19070373861135 2
61.4718837126461 2.41612978448879 2
61.9757640790672 3.74387203831617 2
63.3780492637003 3.9668392423662 2
63.8835750468976 5.29357514611243 2
65.2862639345769 5.51442976513736 4
65.7933704420941 6.84040567581545 4
67.196648835552 7.05971900633875 4
67.7050182103397 8.38523490059434 3
69.1089010069794 8.60359616130937 3
69.6180032740873 9.92889379976491 3
71.0222915251999 10.1467705376941 3
71.5314796155732 11.4720140938875 3
72.9358413382928 11.6897449517463 3
73.4444675732348 13.0150854298183 3
74.8485672819001 13.2330426309575 3
75.3560816003649 14.5586901379805 3
76.7597001096621 14.7774190321873 3
77.2657304126197 16.1036483808647 5
78.6688293628976 16.3238074815646 5
79.1732210808403 17.6508961224479 5
80.575909781066 17.8730923000327 2
81.0787262528334 19.2012165710222 2
82.4811729473964 19.4258172343631 2
82.9826833510894 20.7549605457881 2
84.385033531871 20.9819783343996 2
84.8856926076874 22.3119068303334 2
86.2880337802766 22.5410052036676 2
86.7884298794197 23.8713226903683 2
88.1908027022062 24.1018956139495 2
88.6915847160379 25.4321300798499 2
90.0940065904096 25.6633901864706 2
90.5958031071724 26.9930698733803 2
91.9982842859761 27.2241414054996 2
92.5016120140094 28.5528672986713 2
93.9041606936386 28.7829514548916 2
94.4093316912991 30.1104853071576 2
18.1303933795079 30.3390127500964 2
18.6374303339895 31.6653547216722 2
20.0401856185988 31.8920453139287 2
20.5488150346337 33.2174412112075 5
21.9517679161813 33.4422724589718 5
22.4614876748553 34.7671316503198 5
23.8647249440157 34.9902472740395 5
24.3749250927562 36.3149966904506 1
25.7784924503786 36.5366202193534 1
26.2885628537402 37.8615821379132 1
27.6923911464424 38.0819829487751 1
28.2017732552353 39.4073417931997 1
29.6056499066562 39.6268536600128 1
30.1138443759929 40.9527135728379 1
31.5175057077174 41.1716753217824 1
32.0241060449442 42.4981430482126 1
33.4273592717661 42.7169787737203 1
33.9321482799123 44.0441916722539 1
35.3349385385629 44.2634634346661 1
35.83801567404 45.5915117351565 5
37.2404040663855 45.8118336512359 5
37.7421599853993 47.1406742983424 5
39.1442624635579 47.3625657342073 2
39.6452660992638 48.6919874904142 2
41.0471932292994 48.9157564776086 2
41.5480961164449 50.2454193533289 2
42.9499285460299 50.4711309309565 2
43.4513994797944 51.8006500933949 2
44.8531981858042 52.0281480201087 2
45.3558819690922 53.3571591110015 2
46.7577070436849 53.5860983138764 2
47.2621897710169 54.9142883343109 2
48.664105791405 55.1441290763058 2
49.1707877760268 56.4712862996486 2
50.5728410407997 56.7013925095799 2
51.0817884151291 58.0274804656788 5
52.4839870907817 58.2573172665487 5
52.9948731932721 59.5825161501417 5
54.3971926063015 59.8117268069488 5
54.9093828697496 61.1363939046052 1
56.3117863433699 61.3647675724304 1
56.8244927401809 62.6893225884129 1
58.226954103467 62.9167222533399 1
58.7394115481349 64.2415202018465 1
60.1419311203325 64.4678231813913 1
60.6535104914258 65.7930814161663 1
62.0561047929194 66.0181872754047 1
23.725517906806 0.06979101218604 1
25.1281803728469 0.293684399705133 1
25.6365761794528 1.62011950488963 1
27.0392472644612 1.84293099059563 1
27.5456784055788 3.17002156267536 1
28.9482756059289 3.39203950927299 1
29.45292408432 4.71978117336459 1
30.855409568243 4.94132275335808 1
31.3586822869794 6.26964172568088 1
32.761061911198 6.49102422323669 1
33.2634851931099 7.81974280279143 1
34.6657774349386 8.04127383963903 3
35.167925086391 9.37012637472331 3
36.5701396691239 9.59209682071533 3
37.0726059416676 10.9207947122567 3
38.4747386088616 11.1434863028654 0
38.9781218457116 12.4717891842828 0
40.3801597196926 12.6954680557975 0
40.8850252635728 14.0232162673574 0
42.2869606579005 14.2480892009767 0
42.7937701802195 15.5751972772214 0
44.1956221020289 15.8013293888612 0
44.7046078368105 17.1277773381652 0
46.1064263988814 17.3550284999709 0
46.617479182036 18.6808726257433 0
48.0193211673866 18.9089981376542 0
48.5319505664778 20.2343850372263 0
49.9338468091414 20.4631376027954 3
50.4473229636716 21.7882758382457 3
51.8492665135808 22.0174150143985 3
52.362831033345 23.3425311031904 3
53.7647832000786 23.571835874671 3
54.2777312898083 24.8971517922826 1
55.6796469724548 25.1263997586795 1
56.1913297739768 26.4521253337269 1
57.5931799543675 26.6810734156049 1
58.1030320271565 28.0074101668366 1
59.5048103581427 28.2357825135738 1
60.012567738642 29.5628540320855 1
61.4143039303845 29.7903235227471 1
61.9200651487903 31.1181248267923 1
63.3218044339553 31.3444206339077 1
63.8259393180927 32.6728291558532 1
65.2277143579125 32.8978419178255 1
65.7307422371729 34.2266369955935 1
67.132579596773 34.4503500668582 3
67.6350809468398 35.7792316741358 3
69.0370205975271 36.0017045682884 3
69.5396071523182 37.3303534542903 3
70.9417147288651 37.5517795174502 0
71.445008579294 38.8799445127813 0
72.8473657028322 39.1006930300549 0
73.3519441661576 40.4282596536986 0
74.7545962011404 40.6488569745468 0
75.2608871543671 41.9758395233344 0
76.6637744819183 42.1968669419502 0
77.1719497554038 43.523323599629 0
78.5749035597889 43.7452650798162 0
79.0848608466534 45.0712071487719 0
80.4876936456351 45.2943427804665 0
80.9990681311342 46.6197401845141 0
82.4016583084886 46.8442271722555 0
82.9138896093953 48.1691140919102 0
84.3162214246606 48.3950228392277 0
84.8286973309348 49.7195622700167 0
86.2308434637721 49.9468631681228 0
86.7429492870866 51.2713574772272 4
88.1449966150091 51.4999586938328 4
88.6561241969728 52.8248061004564 4
90.0581247077628 53.0545597430368 4
90.5677252037783 54.3801658394382 2
91.9696852660569 54.6108286322997 2
92.4773782086964 55.9374887910494 2
93.879272890493 56.1686456985394 2
94.3849799416423 57.4964245925343 2
95.7867829662025 57.7274401977359 2
96.2907256869939 59.0561613340718 2
97.6924251161502 59.2863022193703 2
98.1950351587568 60.6156283579612 2
99.5966327497796 60.8442386540645 2
100.098482968395 62.1737540035561 2
101.499995637633 62.4003643784975 2
102.001744444665 63.7296312333697 2
103.403238569694 63.9539779913511 4
103.905573923026 65.2826224218152 4
105.30720156587 65.5047533130014 4
105.810756576664 66.8325669622013 4
107.212749027139 67.0528784522204 0
68.8771948012926 1.10564720617908 0
70.2797752748582 1.32478098680343 0
70.7868308989584 2.65106878380973 0
72.1900824342784 2.86972619764 0
72.6987605347441 4.19546165708963 0
74.1025368545627 4.41422859945116 0
74.6123613336455 5.7394750364107 0
76.0163373444446 5.958766917553 0
76.5266852383886 7.28356503664143 0
77.9305056076329 7.50374793346905 0
78.4407349239117 8.82824040012478 0
79.844173073478 9.04971183027817 0
80.3537302654642 10.3742019668052 4
81.756749461332 10.5973373014374 4
82.2651922855253 11.9222478922807 4
83.6678820547743 12.1473469643234 4
84.1748759982052 13.4731128078141 2
85.5773636640234 13.700312960021 2
86.0827160932457 15.0272479397523 2
9.80353875797861 15.2564290738912 2
10.3072509092604 16.5846208201777 2
11.7096097998724 16.8153707270295 2
12.2119078655556 18.1446530577345 2
13.6142514556563 18.3763039770692 2
14.1155685286839 19.7063055223389 2
15.5178872877466 19.9380071606453 2
16.018796142141 21.2682413146938 2
17.4210672390416 21.4990928803466 2
17.9222038886187 22.8290473421878 2
19.3244120396376 23.0582461199897 2
19.8263950686155 24.3874660724702 2
21.2285726470079 24.6144344932239 2
21.7318910513786 25.9426266515803 2
23.134148892612 26.1671236011117 2
23.6390706859118 27.4942380756346 2
25.0416017851375 27.7164007321484 4
25.5481448715021 29.0426204486512 4
26.9511630589808 29.262895303751 4
27.4590974143869 30.5885274884416 4
28.862714592566 30.8074944737735 3
29.3715898387235 32.13283314379 3
30.7757177190995 32.3510199900104 3
31.2849293613532 33.6762763385025 3
32.6892958169934 33.8940744578063 3
33.1981902013354 35.2194005615899 3
34.602451836015 35.4371347731053 3
35.110428916993 36.7627009902902 3
36.5142966713166 36.9808146691878 3
37.0208981233708 38.3068552174146 1
38.4242369339273 38.5259696144986 5
38.9292139899814 39.8527537349388 5
40.33206477173 40.0735435420265 5
40.8353988657856 41.4012909405114 5
42.2379129682537 41.6242942123756 2
42.7398069139241 42.9530703955628 2
44.1421519864423 43.1785192652969 2
44.6430117691972 44.508174841467 2
46.0453074428495 44.735939963341 2
46.5456941543375 46.0661361374481 2
47.9480052482176 46.2957732507993 2
48.4485614640206 47.6260638794643 2
49.8509184836529 47.8568998056658 2
50.3522948430978 49.1868129835172 2
51.7547147761299 49.4180217536052 2
52.25748536456 50.7471255348779 2
53.6599793067564 50.9778538077639 2
54.1645512281212 52.3058335823008 2
55.5671275465303 52.5353826807597 2
56.0736408128738 53.862133926438 2
57.4763184272573 54.0900673003163 2
57.9846022259532 55.4157381312825 2
59.3874267489863 55.641892785128 5
59.8970390772246 56.9668418666706 5
61.3000813720881 57.1912581142737 5
61.8104160953231 58.5159310616075 5
63.2137436023177 58.7387570704693 1
63.7241638914756 60.0635399256063 1
65.1277809325782 60.2849759979083 1
65.6377002109965 61.6101166065819 1
67.0414829967231 61.8304271870334 1
67.550385138635 63.1560516228333 1
68.9540952565915 63.3755758357103 1
69.4615375847372 64.7017706110715 1
70.864943273083 64.9208747305723 1
71.3706158498676 66.2477550568806 1
72.7735947913474 66.4669165950232 1
34.4366836260845 0.520377635593571 1
35.8392401282416 0.740174076704765 5
36.3416067441174 2.06865310640077 5
37.7438283415109 2.28965244304202 5
38.2451981109325 3.61879466191635 5
39.6471925540168 3.84141959440375 2
40.148188973532 5.17093491953011 2
41.5500427776393 5.39539378001325 2
42.051325824111 6.72491670083326 2
43.453101566907 6.95119883543234 2
43.9553243199332 8.28036464036355 2
45.3570804799834 8.50827064241704 2
45.860862591078 9.83675603263857 2
47.2626662012705 10.0659035554818 2
47.7685135247675 11.3934587158896 2
49.1704299230176 11.6232832426566 2
49.6785758007357 12.9497971486791 4
51.0806401364691 13.1797202441608 5
51.5909305348355 14.5052779636588 5
52.9931348279677 14.734862739837 5
53.5050455982488 16.0597469988211 1
54.9073531314013 16.2887112501806 1
55.4201315498587 17.613317185103 1
56.8225001614398 17.8414821805197 1
57.33534228596 19.1661929053101 1
58.7377487904491 19.3934145922098 1
59.2499530199754 20.7185018376744 1
60.6524033208724 20.9446419670743 1
61.1634113924438 22.2702464854255 1
62.5659211106138 22.4952095388791 1
63.0752641930866 23.8214028510153 1
64.4778185966656 24.0452004395279 1
64.9851943875778 25.3720355608239 1
66.3877354665021 25.5948358838836 1
66.8932019369355 26.9223237545553 1
68.2956774476308 27.1444137845543 1
68.7995691376547 28.4725102146635 1
70.2019681493982 28.694178175977 1
70.7047757393892 30.022745876381 1
72.1071105568777 30.2442777152894 1
72.6093916116447 31.5730806272554 3
74.0116743775841 31.7947572280191 3
74.5140125790247 33.1235087282066 3
75.9162437480519 33.3456162981838 0
76.4192345491027 34.6740552395747 0
77.8214004135634 34.8968931075514 0
78.3256251390398 36.2248377243114 0
79.7277031144714 36.4486898447135 0
80.2336702946987 37.7760422813894 0
81.6356463380804 38.0011097572672 0
82.1436977542571 39.3278346124143 0
83.5455904631884 39.5541341945042 0
84.055768354881 40.8802522783673 0
85.4576265155701 41.1076192265837 0
85.9696156810253 42.4332201518669 0
87.3714872320002 42.6614373842048 0
87.8846451042843 43.9866869993541 0
89.2865534347735 44.2155248008725 3
89.8001364136502 45.5406266109867 3
91.2020680058767 45.7698606901033 3
91.715353910701 47.095037378814 3
93.1172715172154 47.3244506820946 1
93.6295842287717 48.6499304794416 1
95.0314497700839 48.8792884066632 1
95.542165876207 50.2052994070248 1
96.9439538197869 50.4343393507407 1
97.4526445957158 51.7610696231632 5
98.8543605474262 51.9894531282742 1
99.3609688627117 53.316960175515 1
100.762650572137 53.5443210274583 1
101.267434444467 54.8725224819824 1
102.669124257092 55.0986044233923 1
103.172548589552 56.4273082940677 1
104.57427634164 56.65201088938 1
105.07690331123 57.980935923452 3
106.478704884737 58.2042393844248 3
106.981141654138 59.5330556421068 3
108.383077715259 59.7550594024491 3
108.88595399177 61.083468615458 0
110.28811706451 61.3044489436072 0
110.79204464803 62.6322709622497 0
112.194527423106 62.8526957795321 0
112.700012587846 64.1798991511135 0
114.102831447765 64.4003627166613 0
114.610156689659 65.7270055770286 0
38.3316221058321 65.9480874131115 0
