x           y           stackinginfo
2.88118595074492e-09 3.48632534230542e-09 0
1.35535911796394 0.425169459075459 0
1.66501645652467 1.81109189573109 3
3.02049227633994 2.23573182301528 1
3.33036143671459 3.62175624001181 1
4.68568391679199 4.04718220651399 1
4.99570901210655 5.43340188143909 3
6.35114144892171 5.85854601974476 2
6.66137018950282 7.24452850294577 2
8.01695932875143 7.66864009517388 1
8.32607700993855 9.0550728372647 1
9.68116997455136 9.47973180359133 3
9.9903888217305 10.866265967051 2
11.3457198349331 11.2906932393366 2
11.6562109820426 12.6767480025944 2
13.0118311785151 13.1011091634341 2
13.3219085419112 14.4874187602406 4
14.6771865660014 14.9126911468879 0
14.9864769786737 16.2990802090812 0
16.3418134740782 16.7240055280854 0
16.6516960322597 18.1099059424101 1
18.0071866630269 18.5346994305874 1
18.3171818081441 19.9207746465112 5
19.672509009442 20.346397094282 1
19.9825327283773 21.7325445018079 0
21.3380630313924 22.1575100173969 2
21.6479160288714 23.5434806023425 2
23.0034072051139 23.9677115773171 1
23.3125730913617 25.3541576496821 1
24.6676317265486 25.7789924947214 4
24.9772064051837 27.1654303794717 2
26.3326930343606 27.5897385682564 2
26.6432830278985 28.9758014959561 2
27.9988443028398 29.4001355129958 2
28.3084140353447 30.7865932036712 0
29.6636146351892 31.2117025594309 0
29.9728525173152 32.5980876217773 0
31.3282004298546 33.0228004375677 3
31.6383832763384 34.4086960798011 1
32.9938895292073 34.8336674892107 5
33.3040321553099 36.2197880353864 3
34.6593439439497 36.6455366607549 3
34.969270509812 38.0316232729964 0
36.3248557036771 38.456397854216 2
36.6344211529361 39.8423683081011 5
37.9897883782432 40.2668024384574 1
38.2990854023773 41.6532330273762 5
39.6541766173986 42.0782804753493 2
39.96416758293 43.4645993167895 5
41.3197585637237 43.8888111182586 2
41.6302724104658 45.2748969428681 5
42.9857578866505 45.699175731936 4
43.2948959159469 47.0857376701062 0
44.6500077953375 47.5106997683763 0
44.9593501170457 48.8970411609058 4
46.3147553356464 49.321559745482 1
46.625161443315 50.7074905922262 2
47.9806457291506 51.1326315088163 5
48.290801815509 52.5188130423666 0
49.6461128811207 52.9445682510905 0
49.9558818492089 54.330604977693 0
51.3114606687666 54.7552318906704 2
51.6210085202739 56.1411874063602 1
52.9763074144708 56.5658972999527 1
53.2857598882574 57.952294725832 1
54.6409292063522 58.3775456350677 2
54.9511996515333 59.7637473067342 5
56.3068502723184 60.1878828758013 2
56.6169894986991 61.5740398728744 1
57.9724049903367 61.9982886709734 3
58.2813490657095 63.3848971853074 3
59.6364111243838 63.8097344581246 0
59.9459994002764 65.1959979314447 4
61.3015087289521 65.6203533825012 1
61.6120197918224 67.0063538675831 1
62.9674590814129 67.4315994116238 1
24.2035579416566 1.14001976559934 0
25.5588868864621 1.56562721526944 0
25.868491677897 2.95163354967162 0
27.2240213906513 3.37619000696636 5
27.5337421022589 4.76211848882917 1
28.8890469521799 5.18712906558623 1
29.1987421538301 6.57346118694301 1
30.5539949291622 6.9988574992135 1
30.8643737336821 8.38494500647526 2
32.2200365183833 8.80904744978959 5
32.5296668604074 10.1952956124703 1
33.8849791172374 10.619617207092 3
34.1939350260172 12.006228234792 4
35.5490154903191 12.4309635312228 4
35.8589648605184 13.8171405863366 2
37.2145720829625 14.2414127510073 1
37.5250995696891 15.6274967084168 2
38.8804813507003 16.0527627337885 0
39.1900687795624 17.4391502057817 0
40.545396572076 17.8645049327621 0
40.8549646736497 19.250491532908 3
42.2104547952224 19.6750644775508 1
42.5203635118875 21.0609943711494 5
43.8757057246008 21.4862773015411 1
44.1856464494094 22.8725249943718 3
45.5409756400001 23.2979528373308 5
45.8513044827374 24.6839411540746 2
47.2069521449494 25.108058440733 1
47.5162303020052 26.4943770583817 1
48.8714160217202 26.9188604439581 3
49.1804969724762 28.3054425201878 2
50.5356737847662 28.7300835650259 2
50.8459703826497 30.1162010745736 2
52.2016178792282 30.5404507154931 2
52.5119665001918 31.9266497246232 4
53.8672881119213 32.3518331954072 0
54.1766043254537 33.7382861957344 0
55.5318953601583 34.1633819655102 0
55.8416052249314 35.5493436064523 3
57.1971006937407 35.9739884820383 1
57.5071397681246 37.3599719164427 5
58.8624955770752 37.7854725989469 1
59.1725187740913 39.1716575191535 3
60.527939537095 39.5969712799266 2
60.83800486838 40.9829091117221 2
62.1935935704428 41.4070927538657 1
62.5027956996622 42.7934437627208 1
63.8579038201799 43.2181147843747 5
64.1672192455991 44.6046330964405 2
65.5225507913748 45.0291710485863 2
65.8330518271751 46.4152637036514 2
67.1886801439871 46.8394847683715 2
67.4985854519036 48.225834024953 4
68.8538396503865 48.6508724490266 0
69.1629992602935 50.0373497398878 0
70.5182778031239 50.4622020053969 0
70.8282812992618 51.8481335302647 1
72.1838109817384 52.272884198861 1
72.4939775958227 53.6589427669193 5
73.8493154776434 54.084610186563 3
74.1592541975329 55.470763739264 0
75.5147577821521 55.8958802302953 4
75.8244857043236 57.2818088891363 2
77.179963011876 57.706143597637 1
77.4892653584818 59.0924943530378 1
78.8443692037978 59.5174030410595 2
79.154065511372 60.9038181037395 1
80.5095386052859 61.3282567930198 2
80.8201082359933 62.7143320827868 2
82.1756766836785 63.1385046033573 2
82.4850545433252 64.5249902984701 3
83.840215705372 64.9499087713864 0
84.149380977463 66.3363675704721 0
85.5046960163307 66.760978326087 3
46.7411663866764 0.469041552549945 1
48.0967117136598 0.893916230248774 2
48.4069699603091 2.2800479849147 4
49.7622840772371 2.70579884214431 3
50.0720717686981 4.09192342964583 0
51.427609613973 4.51683333037815 4
51.7371756047654 5.90275744957076 5
53.0925495251499 6.3273313864028 1
53.4019842417742 7.71366741321435 1
54.7571367845939 8.13885531393856 2
55.0672034692838 9.52514510428392 5
56.4227777964023 9.9494956132909 2
56.7331950877115 11.3355777403664 5
58.0886987518738 11.7597146696134 3
58.3977329085321 13.1462841632225 3
59.7528070309732 13.5711283667409 0
60.0621196385891 14.9575299737266 4
61.4175285179303 15.3819211034716 1
61.7280171284939 16.7678787063454 2
63.0835339335186 17.1928643369017 2
63.3936770938024 18.579095885342 0
64.7489869968759 19.0047883401751 0
65.05859836654 20.3908861574843 0
66.4141191743527 20.8156194704146 4
66.7237770520305 22.2015213796765 1
68.0791181543528 22.626375169879 1
68.3887143311722 24.0126824693007 1
69.7439335674023 24.438110439207 1
70.0541925339084 25.8242746110253 5
71.4098311019031 26.2485412833879 2
71.7198302863374 27.6346760903646 1
73.0752575375715 28.0588510988402 3
73.3842083793778 29.4454500484899 3
74.7392444152093 29.8702612010541 0
75.0488541891481 31.2565737318784 2
76.404388790234 31.6808153998362 5
76.7149532743625 33.0668351961035 2
78.0704132622908 33.4918780674681 4
78.3802111835565 34.8782394930137 0
79.7355155434375 35.3037380631678 0
80.045014630746 36.689815904079 0
81.4005009964006 37.1144437900537 3
81.7103714637744 38.5003255306309 1
83.0657332874352 38.9254507598352 1
83.3755677467028 40.3117032352617 1
84.7308420126561 40.737269887254 1
85.0411384898798 42.1233135030556 2
86.3968027837459 42.5475276089366 2
86.7063470931019 43.9337237504747 1
88.0616520484705 44.3580351753733 3
88.3706821884152 45.7446259215423 5
89.7257478012107 46.1694248279463 4
90.0357567279363 47.5556444840534 2
91.3913852342444 47.9798263499325 5
91.7019128438584 49.365927388844 2
93.0572996027306 49.7909537232411 0
93.3667186272505 51.1774253018145 0
94.7219837080379 51.6026748817108 0
95.0315317805472 52.9887289482605 3
96.3870104932481 53.4133325394968 1
96.6970802124475 54.7992379301277 5
98.0524615868463 55.2245979870049 1
98.3624721643461 56.6107948859376 3
99.7178049142416 57.0363628732715 5
100.027985958926 58.4223130079237 4
101.383636339481 58.8465179259756 2
101.692942907448 60.2327544365899 1
103.048130810881 60.6572549160468 1
103.357307931226 62.0438103888477 2
104.712485007638 62.468569213891 2
105.022820622249 63.8547220540316 2
106.378477350415 64.2788750867199 2
106.68871397521 65.6651012654344 4
108.044030384076 66.0900214760375 0
108.353185562562 67.4765518267266 3
70.6345750714861 0.223695796535006 0
70.9443448521851 1.60970997508939 3
72.2998588514285 2.03433020368471 1
72.6100655507278 3.42031203099059 2
73.9654344829675 3.84586185622255 1
74.2754319369827 5.23204069377335 0
75.6308400464762 5.65747514609493 4
75.9407438034927 7.0433854177571 4
77.2963205087906 7.46765769996299 2
77.6056521543649 8.85390235012047 1
78.9607952294495 9.27863855358986 5
79.2702388568079 10.6651227316762 2
80.6255634875735 11.0898221782244 2
80.9360645495109 12.475931860394 2
82.2916975342007 12.9000383518527 2
82.6014121053978 14.2864128652358 3
83.9566493638733 14.7112173820114 0
84.2657017857758 16.0977602642413 0
85.6209292870137 16.5225108305676 0
85.931021523582 17.9084830271078 1
87.2865862188964 18.3331468181328 2
87.5969011598796 19.7192181326407 4
88.9522400019217 20.1448933974671 3
89.2620791281707 21.5310792581719 0
90.6175480131015 21.9563043239353 4
90.9271990246182 23.3422089876463 1
14.1350034899961 23.7666544430225 5
92.592126827375 25.1528915797851 1
15.7996300140952 25.5779294683548 2
16.1094504130382 26.9643034944484 1
17.4649015561814 27.3889419301339 2
17.7754257695747 28.7750116733309 2
19.1310026107457 29.1990834102248 5
19.4402261518747 30.5855769101166 3
20.7953590724689 31.0103411214232 0
21.1044756161694 32.3968519243963 4
22.4597726111716 32.8213474645573 3
22.7701469194185 34.20730504454 5
24.1257272286045 34.6320315317684 2
24.436041202585 36.0181982752677 4
25.7913564912247 36.4438847145156 0
26.1009996684957 37.8300690409881 0
27.4564817193961 38.2550667406612 4
27.7660952996255 39.6409629318446 1
29.1214937742633 40.0656486800909 1
29.4310762433114 41.4518823995637 1
30.7862963772323 41.8772273276975 1
31.0963977271571 43.2634748568513 5
32.4519507128254 43.6880266636858 2
32.7622459231832 45.0740916091134 2
34.1177647213517 45.4981793840442 1
34.4267651286106 46.8847361968977 3
35.7818176417387 47.3095189321844 0
36.0911303463907 48.6959626678264 2
37.4465543561608 49.1202541710186 5
37.7570909864266 50.5062386934252 2
39.1126354745961 50.9310263505799 2
39.4226991861051 52.317321077356 0
40.7779986715843 52.7428846547824 0
41.0874744932217 54.1290625211828 0
42.4429352824723 54.5538567261336 3
42.7527163109421 55.9397311417115 1
44.1081091084621 56.3646701323715 1
44.4178592398314 57.7508907724099 1
45.7731236155554 58.1764605224001 1
46.0833240004707 59.5625859691301 4
47.4389493977352 59.9870262630528 2
47.7488112018822 61.3731215440057 2
49.1042370278064 61.7973034278353 1
49.41325041016 63.183875072357 5
50.7682747985445 63.6087137359727 4
51.0779477109291 64.9950587054407 2
52.4335081423651 65.4192328276263 5
52.7441011499056 66.8052711253463 5
54.099577161664 67.2300794212828 1
15.3353782944631 0.938654286060742 0
16.690637586477 1.36401110871591 0
17.0000617006747 2.7501757737898 0
18.3555094767827 3.17484336444962 3
18.665536427694 4.56071328141909 1
20.0209478265358 4.98589479676472 1
20.3309082533122 6.37208507354661 3
21.6862018805014 6.79776127824402 1
21.9963728229447 8.18377536578643 4
23.3520328865825 8.60812123390001 2
23.6615230053448 9.9942485530093 2
25.0168171180315 10.4186012495937 1
25.3259497375601 11.8051552193382 5
26.6810180830645 12.2300489022456 2
26.9911012466779 13.6162932462241 2
28.3467437566445 14.0404149139784 2
28.6572332721673 15.4265333384124 2
30.012626608239 15.8512924266125 0
30.3218711792118 17.2378298068438 0
31.6770651788181 17.662962749824 0
31.9866072166438 19.0490924847877 3
33.3420767300731 19.4736911353438 1
33.6523060993282 20.8596076789988 2
35.0077099670609 21.2850033681657 1
35.3177640709028 22.6711787197966 3
36.6730990866777 23.0968319041183 4
36.983108485534 24.4827691293577 4
38.3387443801806 24.9070787897595 2
38.6481255061319 26.293217794348 5
40.0033303584618 26.7177939202887 1
40.3126288191756 28.1043059445824 2
41.6678138427599 28.5292183337311 2
41.978179965975 29.915386123776 2
43.3338425354446 30.3394626102776 2
43.6439317123932 31.7257087850887 5
44.999253158799 32.1503640804439 0
45.3082721123521 33.5369481145462 0
46.6634301715368 33.961847487793 0
46.9732411727505 35.3479197861257 3
48.3287752011286 35.7724709626492 1
48.639125988721 37.1584762447716 2
49.9945007217246 37.5840272237258 3
50.3044441632236 38.9702311724002 0
51.6598359318837 39.3957338365001 4
51.9695989593449 40.7816417142436 4
53.3251533945231 41.2060160688239 2
53.6346430838216 42.5921437109633 1
54.9898384695849 43.0170127444586 5
55.2994312066353 44.4034442254086 1
56.6547460497672 44.8283596421266 2
56.9652380085511 46.2144610737138 2
58.3208732188789 46.6385009855118 2
58.6304094289586 48.0248822296698 1
59.9856374084798 48.4494932938537 0
60.2946255095628 49.8360758113175 0
61.6498146861516 50.2607280193325 0
61.9599537782739 51.6467450938459 5
63.3155492804557 52.0712812580596 2
63.6259634754775 53.4573801544458 4
64.9813032304046 53.8829938488935 0
65.2910171004186 55.2692375493018 0
66.6464462213057 55.6945086018447 0
66.9560669879778 57.0804098057957 3
68.3115340392339 57.5049484405919 5
68.6211629334801 58.8910724122107 1
69.9763995426063 59.3162706882075 2
70.286320099902 60.7025884573759 1
71.6417483499551 61.1274738005765 2
71.952198336519 62.5135190886021 2
73.3077872385344 62.9375653618848 5
73.616926955243 64.3240435690028 1
74.9720443087707 64.7487117302651 0
75.2811493727433 66.1352528566686 4
76.6364397295868 66.5596815484274 4
37.8730218786863 0.267816301254603 5
39.2286297413126 0.692373473264119 2
39.5389288385249 2.07858605542052 4
40.8942406895801 2.50413867807495 0
41.2037424713467 3.89040302851334 0
42.5591621840072 4.31542754401531 0
42.8688523525179 5.7013158723098 1
44.2242876927364 6.12606036773128 1
44.5340322528799 7.51220170111739 1
45.8893127178824 7.93767922546674 1
46.1994076265207 9.32388171959238 3
47.5549391576696 9.74865425939364 2
47.8650881918664 11.1346848605419 2
49.2206142751187 11.5587949242569 1
49.5296457832276 12.9453179725214 1
50.884691067411 13.370085456013 4
51.1940508679802 14.7565511104418 2
52.5494922977284 15.1808154894036 5
52.8600569368585 16.566832733994 2
54.2156213348449 16.991415009574 2
54.5255483548467 18.377773515037 0
55.8808202535563 18.8031681233185 0
56.1901821934754 20.1894399561062 0
57.5455864294639 20.6142507279057 3
57.8555079602973 22.0001218717883 1
59.2109543941575 22.4250840196456 1
59.5208649874133 23.8112364056599 1
60.8761617762337 24.2368966028002 1
61.1862651095516 25.6229965996131 4
62.5418756610183 26.0476140279284 2
62.8516100022704 27.4336557064634 2
64.2070234398103 27.8578975519137 1
64.5161365857151 29.2444223058814 5
65.8711684307438 29.6693142145339 4
66.1809320456429 31.0556720734673 2
67.536507466976 31.4798371435321 2
67.847107202008 32.8658960239228 2
69.2025947636963 33.2904633548481 4
69.512043592856 34.6769595117581 0
70.8672448840408 35.1021609143917 0
71.176609158752 36.4884161949422 0
72.5320227104539 36.9130781637061 3
72.8422107162355 38.2989623964677 1
74.1976606518604 38.7241472695675 5
74.5077343178881 40.1103026407285 3
75.8630392458818 40.5360432661754 3
76.1730578400971 41.9220538259312 4
77.5286967828734 42.3465383423358 2
77.8381711144727 43.7325891398572 5
79.193460997496 44.157038488522 1
79.502708101438 45.54353900171 5
80.8578004678417 45.9685517664174 2
81.1679567318191 47.3548021763997 5
82.5236031639844 47.7788977606575 2
82.8340104691334 49.1650312851109 5
84.1894184375265 49.5895278791448 0
84.4985068761453 50.976108165207 0
85.8536350424711 51.401113013693 0
86.1631680692082 52.7873167886137 4
87.5186355129816 53.2118549323147 1
87.8290046896897 54.5978005982042 2
89.1844270456881 55.0231715985218 5
89.494491186478 56.4093608649574 0
90.8498233430198 56.8350538567501 0
91.1596583332983 58.2210082147048 0
92.5152610732601 58.645435707193 2
92.8247583824344 60.0314743332537 1
94.1799969798956 60.4561955335449 1
94.4894361262536 61.8426468258603 1
95.8446375057858 62.2677516015924 2
96.1550200630163 63.6539103839554 2
97.510685386211 64.0779552695619 2
97.8206148179126 65.464206101717 1
99.1759480690304 65.8886444445355 0
99.4848887743211 67.2752558613179 1
61.7661662721063 0.0221960348285259 0
62.0759926956131 1.40832577275151 5
63.4315488403303 1.83276355319578 1
63.7420066322243 3.21879753051792 2
65.0973898657753 3.644273234118 3
65.4072376867827 5.0305338161664 0
66.7626096496596 5.45604038859635 0
67.0722621139286 6.84197116007812 0
68.4277891439478 7.26644274734009 5
68.7374477183104 8.65246211200751 1
70.0927050495145 9.07750261687049 5
70.4024452919404 10.4638644132404 1
71.7577537725675 10.8890271920178 5
72.0682143461642 12.2750959352079 2
73.4238552285391 12.6991336482357 5
73.7332660321705 14.0854976453753 1
75.0884887875781 14.5099884660629 0
75.3974690231215 15.896586797755 4
76.7526324782148 16.3211952925754 4
77.0628036060626 17.7072612152172 5
78.4184246901627 18.1316599629162 2
78.7288776444981 19.5177900888393 4
80.0842183722126 19.9432659127329 0
80.3937865197317 21.3295913562556 0
81.7491672429683 21.7548401539936 0
82.0587911545599 23.140759221482 3
83.4142660693476 23.5653558435654 1
83.7240660205175 24.9513874982121 1
85.0793676478294 25.3767264614121 1
85.3893540855458 26.7629828872566 1
86.7447635688923 27.1881072866086 2
87.0551017097469 28.5741105909131 2
88.4107038161633 28.9981889884102 1
88.7198330108461 30.3846265765883 1
90.074944908883 30.8092509535448 3
90.3840839788426 32.1958031765884 2
91.7393740143929 32.6202476398094 2
92.0498140562357 34.0062906122735 2
93.4054396960691 34.430690022824 2
93.7156551065678 35.8169502331861 4
95.0709527220452 36.2423161341939 0
95.3803153275796 37.6286760358839 0
96.7356704780426 38.0536727124141 0
97.0454557399491 39.439572846006 1
98.4009309803045 39.8643279982551 1
98.7108458971764 41.2504020859747 5
100.066168128603 41.6759646266957 1
100.376219593392 43.0621332636668 3
101.731732674668 43.4871031701526 2
102.041721235263 44.8730866216983 2
103.397244108189 45.2972601677202 1
103.706356781611 46.6837252756109 1
105.061411980306 47.1085046407138 1
105.370858180788 48.4949722712529 2
28.5786461177732 48.9192855387805 2
107.036886155825 50.3053383913836 2
30.2447998874407 50.7297271373244 2
30.5545485411926 52.1161393662134 2
31.9097811857198 52.5413400552545 0
32.2190410154187 53.9277074417682 0
33.5743944503549 54.3524866777835 3
33.8844683662518 55.7383739058046 1
35.2399630211456 56.1633118871508 5
35.5500340209811 57.5494257995557 3
36.9053475972726 57.975141854669 3
37.2153341310924 59.3612396760927 0
38.5709199470257 59.7860209296234 2
38.8805535317197 61.1720053224002 2
40.2359523531919 61.5963493557686 1
40.5451839001138 62.9828060362614 5
41.9002490309645 63.4077746381512 2
42.2101157189438 64.7941278134337 2
43.5656883903032 65.2183401272775 2
43.8762607677825 66.6044144403074 2
45.2317605841503 67.0287571615009 2
6.46719589227743 0.73743048466923 0
7.82234073559833 1.16246732424913 0
8.13165479078306 2.54880493266512 0
9.48704398402426 2.97339762874352 3
9.79737693777239 4.35930846172732 1
11.1528611492575 4.78443666728914 5
11.4630214867225 6.1705933044517 0
12.8183299455498 6.59636181621994 3
13.1281847126873 7.98239844361259 0
14.4837830178399 8.40702275733873 2
14.7932933675413 9.7930003952351 5
16.1485951639639 10.2175972296846 1
16.4579700183767 11.6040259857969 5
17.8131048817221 12.0291883078133 2
18.1233163037896 13.4154250034359 5
19.478958764619 13.8395550344024 2
19.7892476065454 15.2256920928999 5
21.144676616899 15.6499800487298 3
21.4536618509191 17.0365801439858 0
22.8087401664751 17.4614689931081 0
23.1182575063134 18.8477390301464 4
24.4737346107336 19.2721619492661 1
24.7842075639889 20.6581370057853 2
26.139653137704 21.0834026256979 4
26.4496783248787 22.469640594576 0
27.8050048025323 22.8953143480935 0
28.1146794568538 24.2813124762672 0
29.4702358255167 24.705852971876 5
29.7798710099251 26.0918048921878 1
31.1351561018004 26.5167007673981 1
31.4447446740427 27.9030740059747 1
32.7999708941669 28.328390573998 1
33.110344032446 29.7145169499169 2
34.4660078465902 30.1386010635416 5
34.7757925408705 31.5248349565451 1
36.1311344311878 31.9491447276358 3
36.4400647845243 33.3357606402735 4
37.7951403273781 33.7605184741811 0
38.1049848336877 35.1467030801157 2
39.4605654686302 35.5710160822738 1
39.7710898476453 36.9570730205858 2
41.1264842266386 37.3823923995158 4
41.4361946619833 38.7687340976305 0
42.7915373586159 39.1941788550339 0
43.1011119793829 40.5801555234399 0
44.4566138328898 41.0047022557466 5
44.7664393576625 42.3906412601031 1
46.121758933716 42.8158309478832 1
46.4316222971683 44.2021170135545 1
47.7869306721394 44.6275034332072 5
48.0973171739876 46.0135251220344 2
49.4529687045291 46.4376152089852 5
49.7623158166084 47.82393485217 1
51.1175328483721 48.2483772611656 3
51.426556676368 49.6349727600552 4
52.7817044655707 50.0596180505786 4
53.0919133515066 51.4457348856749 2
54.447553348879 51.8700150971578 2
54.7579863297766 53.2561744341117 4
56.1133240177728 53.6814478763445 0
56.4227381184608 55.0678664132619 0
57.7780560409596 55.4930453028065 0
58.0877042432021 56.8790022323543 3
59.4431912609868 57.3036236456382 1
59.7531584854012 58.6895978212531 5
61.1085063051812 59.1150314173435 1
61.4185243906075 60.5012374756072 3
62.7739231620636 60.9265523113846 2
63.0841119831262 62.3125082906799 2
64.4397210867538 62.7366500753563 1
64.7488992767207 64.1230183465377 1
66.1040160094532 64.5476361263639 3
66.4132332472862 65.9341795255932 2
67.7685244058233 66.3587132832724 2
29.0051537256194 0.0669394163194247 2
30.3607893326153 0.491201628847524 2
30.6708651287781 1.8775035144744 4
32.0261427822515 2.30264025762519 0
32.3353627641287 3.68909425766608 0
33.690655196249 4.11402756209278 0
34.0005512273564 5.49995618792848 1
35.3560632820498 5.92468879664532 1
35.6661542957763 7.31073099759538 5
37.0214966275469 7.73635075435304 1
37.3314845881827 9.12250909330989 0
38.6869770351108 9.54764268612307 2
38.9968155075422 10.9335807572922 2
40.3523269412353 11.3578436446411 1
40.6615620420824 12.7442223698423 1
42.0166492070533 13.1690463943057 5
42.3262101503199 14.5554973832589 2
43.6816557947125 14.9799219793576 2
43.9922260702774 16.3659984479721 2
45.3478105310756 16.7902191152717 2
45.6573617949454 18.1766681876811 3
47.0125563780433 18.6016617867533 0
47.3217256335114 19.9881116377114 0
48.6770354539909 20.4128091150381 3
48.9872433577651 21.7987245093501 1
50.3427792030104 22.2235936082172 5
50.6529972453976 23.6097022704741 4
52.0083155755502 24.0354441191832 3
52.3181774434612 25.4215662499881 0
53.6737238868921 25.8464939782302 4
53.9833075044742 27.2324301751732 5
55.3387007678815 27.6569045816475 1
55.6480660761926 29.0432705390455 5
57.0031871838112 29.468353333859 2
57.3131534093887 30.8546835640378 5
58.6687103923162 31.279014002793 2
58.9792167577425 32.6650909176713 5
60.3347318709375 33.0892628893358 4
60.6438528276256 34.4758159416877 3
61.9989535141616 34.9007052381016 0
62.3082246446001 36.2871103531147 4
63.6636049464135 36.7115836202326 3
63.9740404021728 38.0975224962669 1
65.329559221238 38.5225251557186 2
65.6397562665841 39.9087159808338 0
66.9950656153142 40.3344564382674 0
67.3047586872709 41.7205441684613 0
68.6603020321617 42.1452926217785 4
68.9698935580379 43.5312124608171 1
70.3252259776164 43.9559629337887 1
70.634737640403 45.3423033182809 1
71.989926336771 45.7676366399605 2
72.3001555188977 47.1538417236755 5
73.6557860185506 47.5780878707868 2
73.9659398919662 48.9642125836153 1
75.3213870250201 49.3883826938258 3
75.6303372940614 50.7749815069707 3
76.9853828245741 51.1998042388436 0
77.2948979936079 52.5861295487809 2
78.6503952151539 53.0104267250851 1
78.9609360531382 54.3964244818315 2
80.3164064561827 54.8215114224984 4
80.6263351797482 56.2078206196669 0
81.9816487945868 56.6334073729015 0
82.2911908677024 58.0194706332486 0
83.6466968070703 58.4440991908315 5
83.9564749741785 59.8299927585616 1
85.3118149543131 60.2550279098587 1
85.6215518202962 61.641315920814 1
86.9768065903174 62.0668209790555 1
87.2871272674745 63.4529040063448 2
88.6427886467866 63.8770943774136 2
88.952458520939 65.2632891696507 1
90.3077992315792 65.6875582039831 3
90.6167813486192 67.0741597574604 1
91.9718354994261 67.4989464463766 3
53.2078963727922 1.20731616816939 2
54.5635018148853 1.63152696913107 5
54.8740547942215 3.01760067728216 2
56.2294586671722 3.44270116262914 4
56.5390074057867 4.82912967419312 0
57.8943007609911 5.25447085107991 0
58.2038287281181 6.64051321343947 0
59.5593100995986 7.06510956668019 1
59.8692971166901 8.45100713851847 5
61.2246670673467 8.87629503533103 1
61.534628433089 10.2625163343666 3
62.8899424824122 10.6880673236663 5
63.2002072663168 12.0740446996787 2
64.5558662958839 12.498222069134 2
64.8652016412571 13.8844720839911 1
66.2204136699953 14.3089158257829 3
66.5295220766391 15.6954908175557 2
67.8846641927191 16.1202331606023 2
68.1949213270523 17.5063917762981 2
69.5505741355237 17.9305747645 2
69.8609366908316 19.3167593725867 4
71.2162702138406 19.7417797979985 0
71.5255200329045 21.1282819596338 0
72.8807667242527 21.5533732021113 0
73.1904560117235 22.9393836500536 3
74.54595471956 23.3640031392358 1
74.8560899080882 24.749961013667 5
76.2114610433813 25.1754575724091 1
76.5214829039154 26.5616383685527 3
77.8768741234998 26.9870897145054 4
78.1868958533643 28.3730106322626 4
79.5424998068381 28.7972335047695 2
79.851776003818 30.1835058364603 1
81.2069142881801 30.6081582801489 5
81.5162433751852 31.9946739750555 2
82.8715328296676 32.4193468026663 2
83.1820034214307 33.8054634411584 2
84.5376453900591 34.2296079837174 2
84.8475460347854 35.6159409320663 3
86.2028085015865 36.0408293339358 0
86.5118963695954 37.4273587363705 0
87.8671300954113 37.8522005332614 0
88.1771223969985 39.2381702242042 1
89.5326682163669 39.6628430945294 1
89.8429222316442 41.0488882304627 2
91.1982689656783 41.4745399927265 3
91.5081771641649 42.8607158668657 0
92.8636424737851 43.2859733976495 4
93.173363284983 44.6718823974003 4
94.5288609129163 45.0962485104083 2
94.8382467097915 46.4825169788902 1
96.1933871014823 46.9074410294542 5
96.5030801639559 48.2938569365736 1
97.8585077108853 48.718457176114 2
98.169054138421 50.1045375114499 2
99.5246438983186 50.5286352151657 2
99.8340098300722 51.9151023978551 3
101.189174732019 52.3399088303527 0
101.498274856332 53.7264197020528 0
102.853553897003 54.1510037476037 3
103.16385140541 55.536952394986 1
104.519424655392 55.9616985606 2
104.829744314322 57.3478301579428 4
106.185063811508 57.7735445909466 0
106.494791033322 59.1597148042588 0
107.850288009898 59.5847509736373 4
108.15987912701 60.9706558504355 5
109.515283028412 61.3952541738177 5
109.824796390112 62.7815150697258 1
111.179985295134 63.2067483314427 2
111.490022837539 64.593039064184 5
112.845558558114 65.017560578386 2
113.155966254175 66.4036271075116 2
114.511497204402 66.827712085984 2
75.7467035978444 0.536400602153377 3
77.1017763049794 0.961190700389645 0
77.4110254971927 2.34764518750952 4
78.7664111504456 2.77200187536625 2
79.0769082616297 4.15796860354296 2
80.4324586757445 4.58279276818196 2
80.7426270184023 5.96903743432102 0
3.95027041507163 6.39467747070965 3
82.4074786703066 7.78083632950417 3
5.6152974377151 8.20566423156284 4
5.92499529527862 9.59154909825613 1
7.28037265033697 10.01640793581 1
7.59003381208461 11.4026555627242 5
8.94527708203687 11.828147292001 1
9.25548125588034 13.2143122395825 5
10.6110956634146 13.6387327694964 2
10.921107679018 15.0248289687926 2
12.2765620542809 15.448974819154 1
12.5855414218652 16.8355541867438 3
13.9405690367918 17.2603715381187 4
14.2501231545999 18.6467359668658 2
15.6056463979738 19.0709442166209 5
15.9162282042112 20.4569620446491 2
17.2717193098097 20.8818287193492 4
17.5815054640738 22.2682138780403 0
18.9367890304766 22.6936643163003 0
19.2462311480826 24.079810982484 0
20.6016907027548 24.5044940644193 3
20.911616665296 25.8903626112657 1
22.2670117650069 26.3154749741966 1
22.5768899109494 27.7016886595167 1
23.9321705151359 28.1273257270244 1
24.2423904463687 29.5133721325365 4
25.5980483138507 29.937701845041 2
25.9076295733699 31.3238388461231 2
27.2629596779415 31.7481298207312 1
27.5720333256775 33.1347005908187 5
28.9270810870691 33.5595614138376 4
29.2370471473386 34.945824376025 2
30.5926723233235 35.3699679055387 5
30.9032202248865 36.7560575351901 2
32.2586313672605 37.1809029004123 4
32.5680044284138 38.5674052476054 0
33.9232320219667 38.9926258634681 0
34.2327329054083 40.3787467244712 0
35.5881965030216 40.8033619947414 1
35.8983433443611 42.1892574720633 2
37.2537460419103 42.6145977081508 1
37.5637809106808 44.0007781396614 3
38.9191023950549 44.4264314576956 3
39.229209197472 45.8123844866282 4
40.5848619277309 46.2366662642093 2
40.8942279861323 47.6228286426456 5
42.2494439994009 48.0473207971275 1
42.5586607033629 49.4338583219073 2
43.9138094693144 49.8587308330177 2
44.2241120224807 51.2449129397318 2
45.5797729279832 51.6690169727233 2
45.8900211706932 53.0552237548465 5
47.2453579498239 53.4799710701634 0
47.5544495562411 54.866536061162 0
48.9096267019011 55.2915236659341 0
49.21935382819 56.6775958217986 3
50.5748656154937 57.1021745737052 1
50.8851569145039 58.4881491419256 2
52.2405377359679 58.9136716373771 1
52.5505362768914 60.2998587822324 0
53.9059169157164 60.7253963427036 4
54.2157768985962 62.1113065703792 4
55.5713619040323 62.5356276626124 2
55.8807769439593 63.9217876734164 1
57.2359557488337 64.3465412460675 5
57.5454247967033 65.733011316867 1
58.9007095938085 66.1578720926228 2
59.2111827527624 67.5439933584855 2
21.4929963468252 0.290190774305605 2
21.8027119449689 1.67653971436355 3
23.1579677030297 2.10119998563029 0
23.4669621767886 3.48777901833616 0
24.8221469619348 3.91251646168279 0
25.1321962685439 5.29853297018218 5
26.4877725215854 5.72310108814991 1
26.7981557651505 7.10916923087521 2
28.1535033022995 7.53479667732951 3
28.4633084988928 8.92101656434124 0
29.8187412837708 9.34634280588892 4
30.1283907806624 10.7322438762221 3
31.4838776970771 11.156712757508 5
31.7934321241109 12.5428633545154 1
33.1486387334933 12.9679392722821 5
33.458459222307 14.3543022987792 1
34.8138653378072 14.7791378305175 5
35.1243650824132 16.1652013560719 2
36.4799629000835 16.5892435292816 5
36.7891961760464 17.9757069607804 3
38.1443422690096 18.4003785687393 0
38.4534091517874 19.786926895923 4
39.8086706973035 20.2114194926321 4
40.1190181617043 21.597406153871 5
41.4746224842165 22.0219957856557 2
41.7849774857473 23.4081657404103 4
43.1402970010485 23.833780133068 0
43.4498819252979 25.220020037764 0
44.8053224115844 25.6451031943168 0
45.114960509759 27.0309959195825 3
46.4703901451099 27.4556752456232 1
46.7800620686265 28.8418345025144 1
48.1353188176696 29.2672184106527 1
48.4453871857342 30.6534607322431 5
49.8008996738402 31.0782113620915 2
50.111181317677 32.4642513118022 2
51.4667250693612 32.8883312680984 1
51.7757528565624 34.2748572333296 1
53.1308124390892 34.6996018438171 0
53.4400796235823 36.0860858707638 2
54.7954784024713 36.5103857994944 5
55.1060099255685 37.8963856488483 2
56.4615844402643 38.3210123378542 2
56.7716568253534 39.7073178559733 0
58.1269480013665 40.1328022752446 0
58.4363640459125 41.5190497760671 0
59.7917849537615 41.9439075115574 3
60.1016054048426 43.3297810297538 1
61.4570344727539 43.7546850401334 1
61.7668563330948 45.140852709493 1
63.1221426850547 45.5664561130512 1
63.4322763137215 46.9525869179821 4
64.787874900138 47.3771974425581 2
65.0977421705404 48.7632489526084 2
66.4531909152563 49.1874341945584 1
66.7622481085194 50.5739748249352 1
68.117274006012 50.998823320707 4
68.4269060750008 52.3852075413609 2
69.7824505076948 52.8093893150464 5
70.093052243954 54.1954303346405 2
71.4485581467849 54.6200645576854 4
71.7581693225037 56.0065163598035 0
73.1134040478972 56.4318086996364 0
73.4227694776079 57.8180481447751 0
74.7781870965417 58.2427477100626 3
75.0882726932151 59.6286200907583 1
76.4437148602869 60.0537536271412 1
76.7537259748308 61.4399154418168 3
78.1090249651923 61.8656325341562 3
78.4191104850836 63.2516629406758 4
79.7747547456681 63.6761386180878 2
80.0842766220725 65.0622064427169 2
81.4395947854108 65.486570723895 1
81.7487782924755 66.8730936247374 1
83.103841374552 67.2980508912374 1
44.34005942811 1.00646444225207 2
45.6956931430418 1.4305774596467 2
46.0061977984679 2.81668366888126 2
47.3616200424473 3.24126457593197 4
47.6708198125706 4.62781961176272 0
49.025979096719 5.05290820927831 0
49.3354614244943 6.43910872363708 0
50.6909121534207 6.86369401111018 1
51.0012131434816 8.24961259912822 2
52.3566386197999 8.67495369137404 5
52.6667212893759 10.0611260955153 0
54.0220448146136 10.4868370820354 3
54.3319766047813 11.8727956775096 4
55.6876032367533 12.2971972097228 2
55.9970469554771 13.6832643502039 5
57.3522828734225 14.1078724527331 1
57.6616287722799 15.4943557392305 2
59.0167953028053 15.9193930959167 2
59.3271322758856 17.3055773711907 2
60.6827972823427 17.7296347130497 2
60.9929011238365 19.1158539374181 5
62.3482512847683 19.5403516148102 0
62.6572279407187 20.9269541786871 0
64.0123470317316 21.3518317299006 0
64.3220906030525 22.7379655565747 5
65.6776193846058 23.1624533615786 1
65.9880357549268 24.5484573779366 2
67.343426177598 24.9739390960386 3
67.6533644720183 26.3601655295359 0
69.0087313484413 26.7857325872284 0
69.3184505898219 28.1716591772304 0
70.6740054201215 28.5960861029743 5
70.9835805931981 29.9821341350162 1
72.3388136116877 30.4070496317414 5
72.6484367443069 31.7934555563322 1
74.0037192826682 32.2185490482765 5
74.3141812629889 33.6046487070653 2
75.669828866393 34.0286802214601 5
75.9793853986415 35.4150241458539 1
77.3346390572466 35.8395190073193 0
77.6435954412457 37.2261217880341 4
78.9987450969569 37.6507844875018 0
79.3088242463007 39.0368505185626 5
80.6644276530057 39.4612867063019 2
80.9748879295336 40.8473835356001 2
82.3302381279774 41.2729082443916 0
82.6399083134865 42.6591991154644 0
83.9953031393805 43.0845241577299 0
84.3049186253395 44.4704393764563 3
85.6604012244901 44.8949853935336 5
85.9701283064779 46.2810316662024 1
87.3254035661776 46.7062673712935 1
87.6353235392053 48.0925658474625 1
88.9907108626668 48.5176539884874 5
89.3011308869686 49.9036807906472 2
90.6567414814776 50.3277339539165 5
90.9659162733612 51.7141690099106 1
92.3210533024269 52.138767229572 0
92.6301309077253 53.5253327364656 4
93.9853844963788 53.9498065017589 4
94.2957625989962 55.3358388653503 5
95.6513892351422 55.7602727579242 2
95.9617094949892 57.1464860765495 4
97.3170223555838 57.5719365602862 0
97.6264655984852 58.9582657560613 0
98.9818427231895 59.3833345982384 0
99.2915506445552 60.7692353099264 3
100.647013753445 61.1939468524618 1
100.956853640805 62.5800250721404 1
102.312164393998 63.0055178197479 1
102.622224302211 64.3917148397422 3
103.977717135437 64.8166814114184 2
104.287845780938 66.2026785721569 2
105.643394317135 66.6268054027178 2
66.8786405890456 0.335421896094269 1
68.2337010151767 0.760158116865283 4
68.543032599522 2.14665155868303 2
69.8984430105788 2.57097683057422 2
70.2089945045068 3.95701600798811 2
71.5645846488788 4.3814547795586 2
71.8745062012084 5.76781715875787 0
73.2297668134964 6.19311213307583 0
73.5390662749907 7.57945700478937 0
74.8944303569544 8.0042982287981 3
75.2043924558286 9.39018100775198 1
76.5598716829445 9.81507923348366 5
76.8698606983033 11.2011926052192 5
78.2251736576652 11.6268649883784 1
78.5352097557495 13.0129800029703 0
79.8907887835687 13.4377668061315 2
80.2005253886528 14.8237639941036 2
81.5559602246848 15.2480311328055 1
81.8651280710961 16.6345110472101 1
83.2201746821424 17.0594125019057 2
83.52990800416 18.4457978836893 2
84.8854578035912 18.8700152046473 2
85.1960568222238 20.2560782561153 2
86.5515736561635 20.6804878982991 4
86.8609950287982 22.0669884953645 0
88.2161750264888 22.4921092422165 0
88.5254754561166 23.8784376765624 0
89.8808579121314 24.3030961277978 3
90.1911005073166 25.688990130464 1
91.5465817577439 26.1140906940243 5
91.8567118838634 27.50023314948 3
93.2120186147267 27.9259954665707 3
93.5219524328583 29.3120380984074 0
94.8775644213815 29.7366602958182 1
95.187072174661 31.1226579817482 5
18.3947251677582 31.5471479837008 5
96.8516920871997 32.9336050340486 1
20.0591298536479 33.3586851168749 2
20.3692564866433 34.744954550228 5
21.724887489454 35.1690866070941 2
22.0353041585065 36.5552027239456 2
23.3907449828185 36.9795490156344 4
23.6998035997019 38.3661341111326 0
25.0549052757457 38.7910884004626 0
25.3643648822921 40.1773616499638 4
26.7198143611819 40.6018542811266 1
27.0302375352786 41.9878035172639 2
28.3856873244986 42.4130726433491 5
28.6957755029325 43.7992740399795 0
30.0510968743616 44.2249936883402 0
30.3608558526947 45.6109868611948 0
31.7164391700238 46.0355107820921 2
32.0259974176873 47.4214891705124 1
33.3812693489329 47.8462649404925 1
33.6907570547836 49.2326764030749 1
35.0459524529056 49.6579091427403 2
35.3563010050397 51.04407185179 2
36.7119652691665 51.468145951166 2
37.0219184164099 52.8543596628564 1
38.37728363927 53.2786814910184 3
38.6862115235868 54.665297302073 0
40.0412890105991 55.0900957866986 0
40.3510384131003 56.4762879272421 2
41.7065891779983 56.900651278501 1
42.0170923320258 58.2866817048939 2
43.3724966674866 58.7120394182141 4
43.6823259999558 60.0983353680158 0
45.0376740962266 60.5238643043323 0
45.3472814505641 61.9098317392544 0
46.7028024954537 62.334349675419 5
47.0125416903542 63.7203061063455 1
48.3678355254012 64.1453901208564 5
48.6776024785881 65.5317186778039 1
50.0328888547455 65.9570471539755 5
50.343306640903 67.3431049769732 2
12.6251289903105 0.0893104813026983 5
12.9345814653928 1.47562344663922 1
14.289831966931 1.90003517257628 3
14.5988106535758 3.28664048842019 4
15.9539370802463 3.71130129563988 4
16.2640499762172 5.09741893007205 2
17.6196763703933 5.52173055600195 2
17.9301575097355 6.90785439908896 2
19.285509357618 7.3332036061555 0
19.595026962821 8.71958417312967 0
20.9503701171393 9.14484874292629 0
21.2599813050053 10.5307994598777 3
22.6154662071524 10.9553916051719 1
22.9253627640242 12.3413643888088 5
24.2806953851903 12.7667206023013 1
24.590681436509 14.1529569804207 3
25.9460574217158 14.5782587355597 5
26.2563544066986 15.9642376344826 2
27.6119771164665 16.3883441030083 1
27.9211609388267 17.7747226434425 1
29.2762957091134 18.199296307581 3
29.5854316803848 19.5858599581118 2
30.9406827290665 20.0103962805032 2
31.2510890853185 21.3964771939702 2
32.6067286666042 21.8207761420602 2
32.9169505025333 23.2070304746088 4
34.2722485183789 23.632265858935 0
34.5815444156662 25.0186915202815 0
35.936855853088 25.443703064592 0
36.2466524966676 26.8296298098238 3
37.6021485769678 27.2543371166959 1
37.9121622830835 28.6403675195589 5
39.2675045681661 29.065930734593 1
39.5775261111683 30.4521010913939 3
40.9330018603315 30.8772463683776 2
41.2429681451301 32.2631963680988 2
42.5985113297407 32.6873988075909 1
42.9076875703183 34.0738015004893 1
44.262767411128 34.4985567872849 4
44.5721993676056 35.8850398993821 2
45.9276115947635 36.3094582585863 2
46.2381673486907 37.6955317669417 2
47.593766751525 38.1198021044703 2
47.903500970737 39.5062085393352 0
49.2587269945887 39.9312892398953 0
49.5679178911617 41.3177244591508 0
50.9232308403187 41.7425027401408 3
51.2333334075519 43.1284105296002 1
52.5888564718414 43.5532624384229 5
52.8990098612803 44.9393547792593 5
54.2543330924556 45.3650691931893 3
54.5642593127665 46.7511940579057 0
55.9198074437159 47.1761369881577 2
56.2294475176069 48.5620845458417 5
57.5848693667973 48.9864665721084 1
57.8941658329811 50.3728616916753 1
59.2492591484168 50.7978484747067 2
59.5591030094072 52.1842172854219 1
60.9146407519915 52.6085334307375 2
61.225203326223 53.994606448321 5
62.5807316155591 54.4188273075034 4
62.8899755514996 55.8053562098553 3
64.2451076193705 56.2303067483539 0
64.5543523255139 57.616710590114 0
65.9097124934446 58.0412685575203 3
66.2200797888871 59.4271904979622 1
67.5755977146875 59.8521963935999 5
67.8858106293171 61.2383547731586 0
69.2411194836446 61.6641196605793 0
69.5508962419954 63.0502017219171 0
70.9064590184763 63.4749611772948 4
71.2160077537482 64.8608991333928 5
72.5713405829308 65.2855419859742 1
72.8807767551941 66.671914132797 1
74.2359322708223 67.0971489244336 1
35.4722771373018 0.805531819125455 5
36.827897241309 1.22976115611738 2
37.1381947938946 2.61587315788964 5
38.4936564201914 3.0400599143809 3
38.8026355705824 4.42665303786277 3
40.1576970565564 4.85150522869362 0
40.4671381748594 6.23783990955907 4
41.822599536944 6.66220476922085 1
42.1331074003915 8.04818007315388 2
43.4885851677345 8.47329947922189 4
43.7986233450147 9.85955928897754 0
45.1539393058011 10.2852220644282 0
45.4635446831112 11.6712730554647 0
46.8190745743846 12.0959023527583 4
47.1287656250139 13.4818135611426 1
48.4840858750017 13.9067477072123 1
48.7937215925314 15.2930733562572 1
50.1489525371338 15.7185015800952 1
50.4592770167961 17.1046253456341 2
51.8149355430067 17.5287927513973 2
52.124753069249 18.9149801502247 1
53.4801254180591 19.3392211002633 3
53.7890721877435 20.7258298539532 3
55.1441224701234 21.1506160589462 4
55.4539011627103 22.5368592227919 2
56.8094775589919 22.9611070458411 1
57.1200316726592 24.3471560437147 2
58.4754504680819 24.7723177274847 4
58.7851326881148 26.1586984669115 0
60.1404470634844 26.5841331074542 0
60.449976690574 27.9701627283084 0
61.805467601445 28.3947475673975 1
62.1153670875675 29.780647053476 1
63.4707186721821 30.2058535393764 1
63.7806075406609 31.5921071089163 1
65.1359027500043 32.0176233625676 5
65.4462285575536 33.4036340657383 2
66.801890787035 33.8277851046702 2
67.1112906874737 35.2140416336766 1
68.4665341718169 35.6384358212243 3
68.7755823005895 37.0250264056743 2
70.1306956878093 37.4497584865091 4
70.4408580871662 38.8359228744931 2
71.7965017990754 39.2601337029165 2
72.1069537513008 40.6462804736918 2
73.4623042736624 41.0713951286551 0
73.7716593921635 42.4578640011694 0
75.1269349347803 42.8830403768584 0
75.4365608299096 44.2690448943812 3
76.7920499990633 44.6936552419621 1
77.1021110207986 46.0795953848759 5
78.4574792409935 46.505029794855 1
78.7675004763016 47.8912230250613 3
80.1228719489902 48.3166810086873 5
80.4330110398867 49.7026182504667 2
81.7886362429631 50.1268001781986 2
82.0978811306373 51.5130946750191 1
83.4530251558908 51.9376798477713 3
83.7622559839429 53.3242222245428 2
85.117507047683 53.7488772871436 2
85.427934988015 55.1349963817266 2
86.7835825064233 55.5591792832964 2
87.0936582987797 56.9454673565554 4
88.4489425027701 57.3704518864826 0
88.7580895844017 58.7569612548082 0
90.1133366995427 59.1818910182526 0
90.4232267204899 60.5678584086973 1
91.7787532210139 60.9925304901563 1
92.0889385322604 62.3785512599686 5
93.4442921905423 62.8041628968562 1
93.7542566883585 64.1903340461515 0
95.109712112926 64.6156175767045 4
95.4195323981587 66.0015326335197 4
96.775062839772 66.4258276689917 2
58.0105459881699 0.134265188064021 1
59.3656666925583 0.559087919401783 5
59.6752260013396 1.94554220293685 2
61.0306265313189 2.37011202199642 2
61.3411721179711 3.7562008219562 2
62.6967763245827 4.18033498177806 2
63.0063132444438 5.56676849980313 3
64.3615103483899 5.99163667427257 0
64.6706112235653 7.37814224584836 0
66.0258815363963 7.80281845922886 3
66.3360906665179 9.18876008721931 1
67.691652291369 9.61351821656503 2
68.001943930659 10.9996206479554 4
69.357268703307 11.4253399144544 3
69.6670758111366 12.8115000382229 0
71.022581565843 13.2365684461947 4
71.3321824125036 14.6224814177495 5
72.6876021677769 15.0469884288729 1
72.997046372462 16.433278582835 1
74.3522036753483 16.8583973039947 2
74.6621493322802 18.2447312569677 1
76.0176661173713 18.6692213076975 2
76.3281583766828 20.055290039487 5
77.6837001420397 20.479389822027 5
77.9928138283149 21.8659264091762 3
79.3479118390932 22.2907416643554 0
79.6571173437167 23.6772022725779 4
81.0124709077833 24.1016369877943 3
81.3229174752723 25.4875875917097 1
82.6784700137753 25.9124393428786 2
82.9887063922029 27.2986394997105 0
84.3440161266676 27.7243392132679 0
84.6536397160158 29.1104825256274 0
86.0091436028803 29.5353427193624 4
86.3187734641639 30.9212403406087 1
87.6741408114381 31.3460105758454 1
87.9837195615245 32.7322870031033 1
89.3389358167978 33.1576856099627 1
89.6491197783664 34.5438919283702 5
91.0047224614319 34.9682894480903 2
91.3148843205821 36.3543829244345 1
92.6703603238857 36.7785073710824 3
92.9793280049574 38.1650892727722 3
94.3343653484511 38.5898984944394 0
94.6438168676467 39.9762794810577 2
95.9993002487463 40.4005347999646 5
96.3098598544109 41.7865323610748 2
97.6653627873431 42.211448132538 4
97.975291696102 43.5977796604494 0
99.3305911275668 44.0233210890388 0
99.6400715935063 45.4094495212267 0
100.995548046993 45.8341483028809 3
101.305376627503 47.2200227094862 1
102.660752055021 47.6450582040021 1
102.970537178541 49.0313004427507 1
104.325802081867 49.4568829815948 1
104.63605414461 50.8429662208478 4
105.991706506691 51.2672766682099 2
106.301408679764 52.6534181205217 1
107.656775818545 53.0776570746215 1
107.965795243417 54.4642413681391 5
109.320831507624 54.8890756569156 1
109.630674736535 56.2753564644823 5
32.8386123573084 56.699524090585 5
111.296849770545 58.0855885732407 2
34.5046159674549 58.5105104711228 3
34.8141279653272 59.89697106279 0
36.1693875736352 60.3222823095658 0
36.4788672929575 61.7083905897734 0
37.8343321065944 62.1330143401411 1
38.1443905268147 63.5188963658286 1
39.4997861226569 63.9441728110834 1
39.8097750688644 65.3303692696462 3
41.1650818804468 65.7560095621225 5
41.4752710333993 67.1419863162493 4
42.8309334827415 67.5662448754571 2
4.06649028022037 1.27456302831399 1
5.42172853157034 1.69898557320881 1
5.73087604045218 3.08554441192216 2
7.08599052564187 3.51038605977474 2
7.39621084095947 4.89658094673326 2
8.75186630559468 5.32071232893061 2
9.06224415352265 6.70688037266106 2
10.4175964617291 7.13172559191924 0
10.7267829427877 8.51826543005241 0
12.0819861005382 8.94334043959281 0
12.3916380218967 10.3294096446949 3
13.7471321902855 10.75400623075 1
14.0573559509358 12.1399521606709 2
15.412741023172 12.5654314018007 1
15.7227704807727 13.9516108828774 0
17.0781373566903 14.3771704654127 4
17.3881060089102 15.7630877228866 4
18.7437187738946 16.1873626137129 2
19.0530715223532 17.5735530919382 1
20.4082426698455 17.9982058168614 5
20.7175992176625 19.3847092580303 2
22.072850309524 19.8095257052435 2
22.3832916209455 21.195661664566 2
23.7389443698478 21.6197492478922 2
24.0488463237891 23.0060602622638 3
25.4041256463032 23.4307922144533 0
25.7131488502262 24.8173616524479 0
27.0683379865277 25.242189016865 0
27.3782941148306 26.6282056335351 5
28.7338493656589 27.0527997090229 1
29.0441826431739 28.4388384887754 2
30.3995384216943 28.864457573316 3
30.7094241865714 30.2506578103674 0
32.0648541738096 30.6760295041732 4
32.3745628492859 32.0619312591439 4
33.7300771850795 32.4863288838698 5
34.0395539473078 33.8725101932068 1
35.394733192633 34.297463194155 5
35.7044335593671 35.6838702506232 1
37.0598158251732 36.1086541001581 2
37.3703369397338 37.4947357851094 2
38.7259454029777 37.918787541154 5
39.0353112719377 39.3052284543561 3
40.3904885633573 39.7299224733844 0
40.699532443176 41.1164741395241 4
42.0547736891757 41.5410446354829 3
42.3650440469094 42.9270245699223 5
43.7206395627517 43.3516438381439 2
44.0310131130212 44.7377763751145 4
45.3863386093852 45.1634333883118 0
45.696010736197 46.5496518831048 0
47.0514674185268 46.9747890676892 4
47.3610786092994 48.360686079886 3
48.7165110656304 48.7852925316456 5
49.0261133588979 50.1714739208156 1
50.3813411776435 50.5967490401446 1
50.6913538943939 51.9830343975066 1
52.0468470449683 52.4077530512162 2
52.3572389691594 53.7938022751957 2
53.712795023418 54.2178650704145 5
54.0218499544276 55.6043875858279 3
55.376929139328 56.0291230138563 0
55.6861266319196 57.4156204267341 4
57.041485180601 57.8399708303794 5
57.3519748770242 59.2259543248689 5
58.707555729992 59.6506200617536 2
59.0177450790831 61.0368746161828 0
60.3730487776814 61.4624414911484 0
60.6825323099946 62.8486651762412 0
62.0379732126922 63.2735713703271 0
62.347706470542 64.6594508165412 1
63.7031200275704 65.0842901495446 1
64.0128564024798 66.4704768687404 1
65.3681267411713 66.8960099970646 1
26.6044422063472 0.604314499816264 5
27.9600264723795 1.02891221708412 2
28.2700401530717 2.41497061877734 2
29.6255189874655 2.83911088116675 1
29.9345348374778 4.22566242856626 1
31.2895629354354 4.65047729724269 4
31.5990715160837 6.03688524738671 2
32.9545782984573 6.46109110696278 5
33.2651681744037 7.84711337361966 2
34.6206901471617 8.27180637383699 4
34.930465159411 9.65820789575842 0
36.2857287852401 10.0835925631176 0
36.5951131780414 11.4698125762496 0
37.9505406803932 11.8945437484253 3
38.2605201454631 13.2804107002565 1
39.6159488754244 13.7054857506539 1
39.9258806057351 15.0916619128472 3
41.2811716496625 15.517343111031 1
41.5913102269948 16.9034001133079 4
42.9469526110418 17.327867288465 2
43.2565602034601 18.713948138951 2
44.6119138221555 19.1382398958888 1
44.9210364109624 20.5247823548551 5
46.2760775302414 20.9496921836244 2
46.5860058431962 22.3359917772006 2
47.9416219396787 22.7601228710777 5
48.2521862296303 24.1462042297576 2
49.607625457414 24.5708687289702 4
49.9169577594422 25.9573913783056 0
51.2721517037346 26.3825666430219 0
51.5815964998745 27.768759467547 0
52.9370388152666 28.1933811903413 1
53.2472571056029 29.5792769787337 2
54.6026829522738 30.0045742118514 1
54.912751646539 31.3907416220733 3
56.2680660901789 31.8164543893819 3
56.5780906669852 33.2024237842544 4
57.9337355290736 33.6268031759184 2
58.2431559647685 35.0128952587099 5
59.5984001722879 35.4374040787526 1
59.9076649069906 36.8239147791194 2
61.2627957936108 37.2488948841364 2
61.5730679419187 38.6351008308624 2
62.9287291682285 39.0591772837994 2
63.2389914765146 40.4453624035657 5
64.5943553624721 40.869939115633 0
64.9033959085192 42.2565264817907 0
66.2585329387122 42.6814868151062 0
66.5682000198345 44.0676227434257 3
67.9237034314128 44.492157079907 1
68.2340677472046 45.8781304493258 2
69.5894640834751 46.3035998855757 3
69.8994687300732 47.6897994552598 0
71.2548266997771 48.1154111572298 0
71.5646328421959 49.5013365370408 4
72.920217418457 49.9257197763436 2
73.2297135351825 51.3117992468586 1
74.5849283609833 51.7365908640744 5
74.8944324272771 53.1230373775384 1
76.2496856535281 53.5480622134019 2
76.5601301571443 54.9341895187598 2
77.9157852833802 55.3582261620817 2
78.2255134144045 56.7445429187878 1
79.580794528318 57.1690665541295 0
79.8897471484382 58.555669109806 0
81.2448912564101 58.9804012789973 0
81.5548789823353 60.3664691926731 5
82.9104608469081 60.7909451607615 1
83.220901388806 62.1770112349074 2
84.5762603717908 62.6025650603247 3
84.8860332349115 63.9888228648718 0
86.2414336672146 64.4142179265043 0
86.5510703643119 65.8001294267275 3
87.9065700075764 66.2246200870216 5
88.2162203244453 67.6106882355452 1
50.4976351594609 0.357944883662393 5
50.8074641442261 1.74428824715438 1
52.1628292276534 2.16932488545289 5
52.4733004998982 3.55537693350157 2
53.8289180513235 3.97941411548023 5
54.1381767960111 5.36583881078373 1
55.4933430379127 5.79042285039368 0
55.8023759999877 7.17699766707583 4
57.157599879687 7.60151557060034 4
57.4679064081921 8.98753982003301 5
58.8235283135474 9.41200719516571 2
59.1339158821819 10.7981777866455 4
60.4892398509583 11.2237000413233 0
60.7987685292192 12.6099990508216 0
62.1541681239825 13.0351392271356 0
62.4638217386675 14.4210404942889 3
63.8192779476598 14.845702028015 1
64.1290473055359 16.2317898345376 1
65.484339073633 16.6572000181046 1
65.7943814605997 18.0434325587255 3
67.1498526591753 18.4683854536851 2
67.4601122639288 19.8543973843202 2
68.815679425322 20.2784871599758 1
69.1247465864322 21.664972263629 1
70.4798200210572 22.0896751177617 0
70.789055678239 23.4761894098273 2
72.1444231751316 23.9005359978031 2
72.4549386711065 25.2865600188154 2
73.8105386229936 25.7110430481454 2
74.1206156075692 27.0973537444175 0
75.4758989097064 27.5227418943631 0
75.7852545097352 28.9090606744699 0
77.1406337030584 29.3339624473279 0
77.4504893725713 30.719844648749 1
78.8059518483043 31.1446974029013 1
79.115855803027 32.5308154644003 1
80.4711638096972 32.9564343992647 1
80.7812367155818 34.3425727115205 4
82.1368030432112 34.7673614688567 2
82.4466665039659 36.1533708519171 2
83.8021368093258 36.5775741530463 1
84.1112441970915 37.9640736874463 1
85.4662817487532 38.3889194822121 4
85.7758808619084 39.7753347536023 2
87.131400932978 40.1995610308329 2
87.4420019931289 41.5856111315613 2
88.7975367666553 42.0100848086151 4
89.1071268765824 43.3965435906924 0
90.4623413027689 43.8217539104924 0
90.7716446947648 45.2080677814138 0
92.127028694202 45.6327826320424 3
92.4371682672952 47.0186639890229 1
93.7926425841518 47.4437254533543 5
94.1027148669591 48.8298636696509 3
95.4580202031785 49.255603869067 3
95.768022303544 50.6416591903343 0
97.1236410765394 51.0662799916674 2
97.4331868901151 52.4522949842653 5
98.7885292125426 52.8766889685759 1
99.0977668195389 54.2631714108955 5
100.452837868562 54.6881788362485 2
100.762856981228 56.0744791603648 5
102.118473846842 56.4986193422572 2
102.428986978877 57.8847150036991 5
103.78444084168 58.3091318900319 4
104.093604822167 59.695694734183 0
105.448736417084 60.1207245672435 0
105.75815068599 61.5069967407137 0
107.113579548892 61.9315551103452 1
107.423940175603 63.3174792500725 2
108.779392510522 63.7427352946854 5
109.089509715618 65.1289099276234 0
110.444825376803 65.5546547569208 0
110.754675259843 66.940647450911 0
112.110282526697 67.3651561187259 2
73.3459497857348 1.07329948793632 5
74.7012167224075 1.49795713228893 1
75.010614314559 2.8844023743231 1
76.3657755840661 3.30955402671099 2
76.6760815304527 4.69574922948904 2
78.0317432854626 5.11982281894781 2
78.3418647303341 6.50601194625303 5
79.6972470770733 6.93037165244926 0
80.0061990696718 8.31698185976703 0
81.3612857530483 8.74183774454904 0
81.6709522606605 10.1280362916153 4
83.0264723016208 10.5524576019918 2
83.3369419617852 11.9384604853332 2
84.6923539643749 12.3638400979612 4
85.0022879987707 13.7500933521674 0
8.2099709005804 14.1756946615727 3
86.6672996455077 15.5616546227378 1
9.87518270254722 15.9861423371756 5
10.184835776121 17.3721226579615 1
11.540105221116 17.7970899018416 5
11.8497630166275 19.1834622242486 2
13.2050246015915 19.6087195889348 5
13.515449993214 20.9948137397214 2
14.8711075531158 21.4188640786449 5
15.1806975682978 22.8051629896803 1
16.5359802049555 23.2295601818165 3
16.8449262039868 24.6161720667144 4
18.2000391484908 25.040863354356 4
18.5100524191407 26.4269839051823 2
19.8656593103144 26.8513314960815 1
20.176156516429 28.2374236018811 2
21.5315204957873 28.6628323761994 0
21.8411483272774 30.0491725384964 0
23.1965099535112 30.4745233411915 0
23.5061079071732 31.8604671065126 3
24.8615984429798 32.2850234465689 1
25.171420280565 33.6710036237982 5
26.5267310739502 34.0962683878118 1
26.8366578720146 35.4825425652422 1
28.1920115928246 35.907814233688 5
28.5023919359676 37.2938204717727 2
29.8580226349257 37.7178972185086 1
30.1672450099382 39.1042787066839 1
31.5224053925403 39.5288143607518 3
31.8314749777756 40.9153934807479 2
33.1866899803223 41.3399410179898 4
33.497027646926 42.7260150008159 2
34.8526669294156 43.1503474366237 2
35.1630026602572 44.5365564250243 4
36.5183179751763 44.961884653563 0
36.8276996317443 46.3482785404606 0
38.183034128801 46.7733683463298 0
38.4927493468471 48.159293269016 3
39.8482328898754 48.5839695029098 1
40.1581721435636 49.9699937059778 5
41.5135082008707 50.3954929428125 1
41.8235438528957 51.7816836211123 3
43.1789989618355 52.2068335422576 2
43.4890996682555 53.5927982679771 2
44.8446691994712 54.0169509207879 1
45.1538041878889 55.4033718854503 1
46.5088860400008 55.8280734372367 4
46.8182024911851 57.2145844682447 2
48.1735755658535 57.6390037639785 2
48.4841050619493 59.0250696123689 2
49.8397164437838 59.4493875044059 2
50.1496297947731 60.8357467839297 0
51.5048838490878 61.2609222537327 0
51.8141154080525 62.647337003901 0
53.1694376365327 63.0721904697673 0
53.4794291796986 64.4580932111247 1
54.8349365553687 64.8829192923413 1
55.145012579597 66.269000739999 5
56.5003395151058 66.6946742157936 1
17.7364885068694 0.402945555711739 0
19.0920310444876 0.82790146802825 2
19.4017644400257 2.21386013508069 2
20.757220540134 2.63816056700644 1
21.0664503966862 4.02458276164928 1
22.4215220168181 4.44948664759813 2
22.7312320684886 5.83589145194572 2
24.0867471259569 6.26020038737327 2
24.3973351996014 7.64626939328463 2
25.7528793133095 8.07054608384701 4
26.062276527177 9.45704297524798 0
27.4174428443475 9.8820677784601 0
27.7266762563703 11.2684649761688 0
29.0820257602895 11.6931040055181 3
29.3923084928804 13.0790113663428 1
30.7478224067597 13.5040065073281 5
31.0580154557479 14.8901414988956 4
32.4133252365389 15.3159079215997 3
32.7231813443041 16.7019893967761 0
34.0787585743134 17.1267569440034 2
34.388296428182 18.512711889431 5
35.7436408211285 18.9372473480643 1
36.053006105869 20.3236496004795 5
37.408128257922 20.7487871890867 2
37.7182250123935 22.1350697847795 5
39.0738317077628 22.5592872552311 2
39.3842519501164 23.9453858247828 5
40.7397253400991 24.3696103669578 4
41.0487663753081 25.7561915139327 3
42.4038500306502 26.1810909719254 0
42.7132343926359 27.5674311770484 4
44.0686642564915 27.9918717925672 1
44.3791278414736 29.3778245444405 2
45.7346100903847 29.8029623976579 5
46.0447254199642 31.1891788967512 0
47.4000396497231 31.6148989200878 0
47.7097229276213 33.0009408229043 0
49.0652782274872 33.425569792721 4
49.3748897763586 34.8115024156936 1
50.7301956645152 35.2363264227884 1
51.0397351095991 36.6226891928148 1
52.394937252578 37.0480303912196 1
52.7052449054525 38.4341941921072 2
54.0609004226403 38.8583423762416 2
54.3708783205209 40.2445167194893 1
55.7262756064609 40.6687497326266 3
56.0352079864785 42.0553609494847 3
57.3902609021702 42.4801634526295 0
57.6999363789167 43.8664176354147 2
59.0554798299948 44.2907135583733 1
59.3660182176569 45.6767386186979 2
60.7214487146226 46.1019488457082 4
61.0312609354808 47.4882797453825 0
62.3865868124531 47.9138052033828 0
62.6961417103445 49.2998224376653 0
64.0516489001902 49.7243936470669 5
64.3614582394687 51.1103040483668 1
65.7167866304125 51.5354185518914 1
66.0265845908693 52.9217098661052 1
67.3818599665744 53.3471741724947 5
67.6922232025098 54.7332224046484 2
69.047885716356 55.1573481263893 5
69.3573852244796 56.5436039818799 1
70.7126634712453 56.9679559095242 3
71.0216601893903 58.3545583623253 4
72.3767529986948 58.7792867721601 4
72.6868106845841 60.1654571006417 2
74.0424392722049 60.5896965289789 2
74.3529448109603 61.9758099781246 2
75.70831172338 62.4010075955022 0
76.0177798017487 63.7874380795565 0
77.3730839989944 64.2127021555951 0
77.6826694190116 65.5986984222475 3
79.0381555020168 66.0232929088952 1
79.3481421834927 67.4092232314745 1
41.6296692609907 0.156725298710654 1
41.93966374525 1.54294124879265 3
43.295014109739 1.96839255581129 5
43.6052589803179 3.35435229436059 2
44.9608985602825 3.77849987956229 1
45.2701433477415 5.16480996182174 1
46.6253036974831 5.58934047872204 3
46.9344531064543 6.97590491915272 2
48.289665339753 7.40054964375049 2
48.6000361532038 8.78666833287588 2
49.9556857635631 9.21088624792792 2
50.2659138571467 10.5971287774637 4
51.6212175965167 11.0222139165726 0
51.9304429771619 12.4086975029348 0
53.2857095757802 12.8337113616911 0
53.5955024133299 14.2196763293833 3
54.9510113587064 14.6443387260848 1
55.2611242317817 16.0303382387049 5
56.6164815034414 16.4558985206518 1
56.9264856909651 17.8420720665431 0
58.281925827742 18.267374664922 4
58.5918643784854 19.6532990539832 2
59.9474262235082 20.0775333495291 1
60.2566767774467 21.4638608784018 1
61.6117864075285 21.8885991177324 5
61.921217434529 23.2750876316636 2
63.2765860617067 23.6996371089716 2
63.5871153172211 25.0857302589753 2
64.9427331559436 25.5099070726287 2
65.2524549616134 26.8963007884101 3
66.6076822702993 27.3212476903504 0
66.9168022987728 28.7077421426054 0
68.2720729539573 29.1325086299094 0
68.5821830962158 30.5184445169426 1
69.9377297810641 30.943204326416 2
70.2479667587951 32.3292827644358 4
71.603298068243 32.7549849840539 3
71.9131762178049 34.1411393844171 0
73.2686842871838 34.5662341413555 4
73.5783304496973 35.9521548373932 5
74.9337756867661 36.3765719541673 1
75.2431483955676 37.7628926113579 1
76.5982764875908 38.1879008450301 2
76.908104904428 39.5742766708983 1
78.263601055719 39.9987378921882 2
78.5741467219803 41.3848099328335 5
79.9297006154306 41.8089404894545 5
80.2389289321019 43.1954556062298 3
81.5940569990988 43.620313976766 0
81.9032343129501 45.0067762599152 4
83.2585639647292 45.4312975640981 3
83.5689454398545 46.8172342700911 1
84.9244963316944 47.2421029018379 2
85.234761951307 48.628265201863 4
86.5900733777427 49.0540025139344 0
86.8997797930396 50.4401342945132 0
88.2553029672995 50.8650221365099 4
88.564886325387 52.2509332369768 1
89.9202517575617 52.6756075699278 1
90.2297559928929 54.0619136391608 1
91.5849411484889 54.4872087613597 2
91.8950797958756 55.8734569857226 5
93.2506694409779 56.2978304561974 2
93.5609697505047 57.6839186477449 1
94.9164614645675 58.1080393367895 3
95.2254458990729 59.4946181341125 3
96.5804989751109 59.9194354946475 0
96.88987021415 61.3058290857229 4
98.2453143893101 61.7301459903967 5
98.5558432624767 63.116123368176 2
99.9113548831289 63.5410791340907 2
100.221406598758 64.927358283089 0
101.576714167434 65.3529824755389 0
101.886252678894 66.7390941125095 0
103.241750232011 67.1638099911804 4
64.4776571229938 0.871834317728126 1
65.8330133646699 1.29678369924003 1
66.1427017999646 2.683057788687 1
67.4979466161746 3.1085703948436 1
67.8082125561897 4.49469346863421 2
69.1638582214964 4.91898238782574 2
69.4737030756598 6.30512308916581 1
70.8291035435153 6.72932228137967 3
71.1380794119038 8.11591629769364 3
72.4931121805548 8.54073255425627 4
72.8028338239983 9.92702997502234 2
74.1584040026014 10.351229199791 5
74.4689810104697 11.7372709405292 2
75.8244274255352 12.162258815116 4
76.1340837960858 13.5486717167371 0
77.4893699699251 13.9740767067473 0
77.7988491347997 15.3601700077127 0
79.1543216875871 15.7847969713367 1
79.4642874395753 17.1706743617673 1
80.8196690652708 17.5958793707369 1
81.1295896358518 18.9821006290917 3
82.4848808224821 19.4077124651837 5
82.7951336911316 20.7937200051364 4
84.1507993821 21.2179568264466 2
84.4602485376836 22.6041480365181 1
85.8155178484046 23.0285111999592 1
86.1246041878922 24.4150877192216 5
87.4796900184357 24.8399053288347 2
87.7898105076604 26.2261127141781 2
89.1454555398508 26.650269503968 2
89.455926591234 28.0364018835557 2
90.8112956681073 28.4613421460137 0
91.1205929538555 29.8478508824978 0
92.4758265281268 30.2730124781099 0
92.7854169173757 31.6590757073569 3
94.1408998719775 32.0836802033027 1
94.4510487068824 33.4696023019908 2
95.8064345609051 33.8950265346596 1
96.116467990743 35.2812091615312 3
97.4718186355443 35.7067790870517 4
97.7818977832247 37.0927093121241 4
99.1375327653489 37.5169458410335 1
99.4468463910882 38.9031623394874 1
100.802020297062 39.3277312541187 1
101.11127906429 40.7142630798866 1
24.3188301307868 41.139046108671 2
24.6292260804866 42.5251920885961 2
25.9848825894777 42.9493124405814 2
26.2949623130007 44.3355817097813 2
27.6502612063486 44.7604028216027 0
27.9593388144275 46.1469558421342 0
29.3145404205833 46.571873440923 0
29.6244017188172 47.9578894944899 3
30.9799355071271 48.382501181086 1
31.2902086031464 49.7685108141887 2
32.6455719771773 50.1941025764537 3
32.9555229407971 51.5802885781765 0
34.3109443699229 52.0056963152184 4
34.6207405383325 53.3916006279798 4
35.9762862745767 53.8159314008993 2
36.2856875602506 55.2021448604344 1
37.6408448302419 55.6269823536482 5
37.9504151089517 57.0134302171657 1
39.305770594953 57.4381670501451 2
39.616289778394 58.8242648132918 2
40.9719106630363 59.2483389178135 2
41.2814412578328 60.6347499100753 3
42.6366496378554 61.0594884977798 0
42.9456879539752 62.446038638508 0
44.3009177812649 62.8706971162692 0
44.6111026676607 64.2566725139612 5
45.9666844307065 64.6813174942537 2
46.2770422097506 66.067417499743 4
47.6323738366613 66.4930951194191 3
8.86830088098315 0.201433698060758 0
10.2237669742271 0.626618740958017 4
10.5333816891894 2.01251966995852 3
11.8888270504403 2.43704726234506 5
12.1983598427801 3.82325479237361 1
13.5535565559671 4.2484121479382 2
13.8634860389558 5.63474201542364 1
15.2189589034198 6.0594215727645 2
15.5294321636701 7.44548062140084 2
16.8849982851375 7.86954027191208 5
17.1941173424676 9.25605216372139 3
18.5492211421585 9.68079337726558 0
18.8583700441055 11.0672994953126 4
20.213693976999 11.4917156390524 3
20.5241324506406 12.8776847100185 5
21.8797152685956 13.3023840789505 2
22.1899860739171 14.6885919492389 4
23.5452969817227 15.1142279321421 0
23.8548574820947 16.500430165867 0
25.210319828866 16.9253839106606 4
25.5199830403306 18.3112712892229 1
26.8753855655557 18.7360378635496 1
27.1850419273464 20.1222467031588 1
28.5402900006136 20.5476935696065 1
28.8504277985907 21.9338991913567 5
30.2059967884194 22.3584771757303 2
30.5161571304249 23.7445398368394 2
31.8716592147011 24.1686468624272 1
32.1806540048373 25.5552039328331 3
33.5356913603615 25.979995837287 0
33.8450910704908 27.3664239025789 2
35.2005565827575 27.7906653987613 5
35.5111241957099 29.1766686337325 2
36.8666590190962 29.6014126369317 2
37.1765881464976 30.9877607308751 0
38.5318735666572 31.4132372264137 0
38.8412946384907 32.7994361313588 0
40.1967367858792 33.2241977987264 3
40.506612592701 34.6100657651408 1
41.8620236804266 35.0350761959552 1
42.1718662980622 36.4212725035194 1
43.5271462361102 36.8469048917804 1
43.8373237566977 38.2329939575895 4
45.192959050998 38.6574498106461 2
45.5026827612372 40.043539908002 2
46.858073960609 40.4677706582582 1
47.1671377095016 41.8543296694617 5
48.5221662002461 42.2791997157149 4
48.8319664187461 43.6655227861875 2
50.1875583414507 44.0896728017429 5
50.4981487558984 45.4757318570903 2
51.8536067207851 45.9004727530282 4
52.1630854563417 47.2869557741131 0
53.5183138861846 47.7122203049665 0
53.8277385185554 49.0984009803607 0
55.183180197851 49.5230494274122 1
55.4933055717272 50.9089286623494 1
56.8487271859634 51.3341721485435 1
57.1587531817613 52.7203461707959 3
58.5140578608477 53.1460472002559 3
58.8241633984393 54.5320351770872 4
60.179819477637 54.956396606161 2
60.4892545641951 56.342508972597 5
61.844518700073 56.7669334139399 1
62.1537134354476 58.1534675280206 5
63.5088105374644 58.5784004862802 2
63.8189974266935 59.964625995749 2
65.1746514195658 60.3887250674594 2
65.4850449913912 61.7748758420872 5
66.8404226175913 62.1995427999267 0
67.1495541708961 63.5861084755271 0
68.5047168378869 64.011154745096 0
68.814315678537 65.3972894739618 3
70.169798666576 65.8218613467539 1
70.4801011690145 67.2078047395146 1
71.8355023362372 67.6332447026195 1
33.0717148311754 1.34156492653041 0
34.4270620569678 1.7672048616156 4
34.7369681096641 3.15313331158589 4
36.0925807092674 3.57747690101965 2
36.4020087651244 4.96358760185804 5
37.7572137272151 5.38826410571551 1
38.0666084429455 6.77474594109928 2
39.4218289311912 7.19970920495104 2
39.7322417118456 8.58585919478162 2
41.0879024142995 9.00991183434848 2
41.397813823435 10.3961953972405 5
42.7531174856774 10.8207738273756 0
43.0620902467072 12.2073703911387 0
44.4172371598101 12.6321833374002 0
44.727135611216 14.018253788093 5
46.0826937942281 14.4427693871297 1
46.3930952960556 15.8288054405239 2
47.748462628562 16.2543676588419 3
48.0583293062341 17.6405958266624 0
49.4137281874521 18.0660508638524 0
49.7234148832956 19.4519596262481 4
51.0789395236827 19.876392061957 5
51.3885090509296 21.2624882159106 1
52.7437278931289 21.6874815180309 5
53.0534449843003 23.0738700709889 1
54.4087862806345 23.4988464108665 5
54.7192797995432 24.8849240155413 2
56.0749052299017 25.3089564247005 5
56.3842860231878 26.6953630129257 1
57.7394834368999 27.1199494876653 0
58.0484858111297 28.5065301773394 4
59.4036880829151 28.931107887887 4
59.7139138272948 30.3171272210149 5
61.0695252008542 30.7416287608238 2
61.3799430793246 32.1277613568224 4
62.7352754496809 32.5533390816379 0
63.0448951054001 33.939609410881 0
64.4003131630943 34.3648174344741 0
64.7099362573795 35.750718810008 3
66.0653931614982 36.1753222173108 1
66.3750928635277 37.5614251465482 1
67.7303590088275 37.986736834414 1
68.0403544242712 39.3730103842755 1
69.3958040188386 39.7979363330218 2
69.7061733227222 41.18396428948 2
71.061753008691 41.6080269125309 1
71.3708386079169 42.9945121819258 1
72.7259313775725 43.4191916830406 0
73.035091265967 44.8057217392996 2
74.3904176707989 45.2301020296432 5
74.7008867839467 46.616111415707 5
76.0564929847469 47.0406334168177 2
76.3666980845781 48.4268934354476 4
77.721998301094 48.8523691722699 0
78.0314225294519 50.2386604110165 0
79.3868207323804 50.6636235964704 0
79.6965838780679 52.0495081081333 1
81.0520309686592 52.4743098321836 1
81.3618524808333 53.8604373769513 1
82.7171499957869 54.2859922928262 1
83.0272441816171 55.6721598485232 3
84.3827940559829 56.0969444915737 2
84.6927991770018 57.4829650169351 2
86.0483006236748 57.9071163591251 1
86.3573604392457 59.2936304751998 1
87.7123979184504 59.7184319620111 4
88.0218703076995 61.1048743179509 2
89.3773534499894 61.5291152537745 2
89.687941718361 62.915149738123 2
91.0434927733843 63.3396812064995 2
91.3532554660143 64.7260917897004 0
92.7085013241061 65.151393977675 0
93.0178256521192 66.5376884923184 0
94.3732173847809 66.9624528685565 3
55.6094162900814 0.670464688830669 1
56.9648788367392 1.09547933309738 5
57.2748750923901 2.48162149946942 3
58.6301777329408 2.90732720076728 1
58.9402364622273 4.29340184627703 4
60.2958544736279 4.71802177019747 2
60.6054784670463 6.10405128350745 2
61.9608547319117 6.52836258990099 1
62.2700296110416 7.91486766441476 5
63.6250766296207 8.33981265845958 2
63.9349719712961 9.72614245091547 2
65.290570950617 10.1502942447874 2
65.601144140494 11.5363709849019 2
66.9566136730619 11.9608641552701 4
67.2659104799335 13.3473974158204 0
68.6210763510468 13.7725106031622 0
68.930458075016 15.1587768450466 0
70.2858748990497 15.5833922372573 1
70.596156760491 16.9692940887368 1
71.9516095886331 17.3945210676379 5
72.261721112409 18.780680267215 3
73.617031350379 19.2064311061114 3
73.9269702992187 20.592429208814 0
75.2825966350097 21.0169246286791 2
75.5920649325617 22.4029542969321 5
76.9473373874528 22.8275018936768 1
77.2566554590418 24.2139766217402 5
78.6117815252049 24.639054158433 2
78.9220243093827 26.0252782109136 5
80.2776800421996 26.449359639262 2
80.5879566606528 27.835521445375 5
81.943352204206 28.2599416513133 0
82.2523573372549 29.6465402227482 0
83.6074609199418 30.0714664350098 0
83.9170556244317 31.4576692487623 4
85.2725469262359 31.8821510514382 1
85.5829718134361 33.2681254110821 2
86.9383896087623 33.6935095517044 5
87.2484034614561 35.079726408345 0
88.603743617367 35.5053831287193 0
88.9134868217463 36.8913384348991 0
90.269061810365 37.3157953265698 2
90.5786320145693 38.7018040276485 1
91.9338822143914 39.1266476823521 1
92.2434268560941 40.5130617999053 1
93.5986601781388 40.9382418916256 2
93.9090723496712 42.3243703996878 2
95.2647344172075 42.7484125793653 2
95.5744870407403 44.1346905506926 1
96.9297977971607 44.5590952337158 0
97.2387290151096 45.9457095755151 0
98.593836271714 46.3704481387077 0
98.903752711048 47.7565730713073 5
100.259335581191 48.1809630103162 1
100.569822573347 49.5670258245677 2
101.925196999696 49.9924770352987 0
102.234937892603 51.3787763887647 0
103.590308896511 51.804209270803 0
103.899920054902 53.1901460714167 3
105.25542490089 53.6146612123254 5
105.56516691949 55.0006572697654 1
106.9204515115 55.4258158042147 1
107.230295022283 56.8121326688432 1
108.585626865312 57.2373570493328 5
108.896061514581 58.6233938804634 2
110.251697377199 59.0474471734562 5
110.560995299242 60.4338238408966 1
111.916186040967 60.8583301775678 3
112.225204223755 62.2449206092216 4
113.580389604705 62.6694912194959 2
113.890647935881 64.0555598556581 2
115.246281171854 64.4799246230566 2
115.556693704383 65.866092022691 4
38.7643597000194 66.2915016089974 3
