x           y           stackinginfo
0.0 0.0 0
46.424134 77.808234 3
2.25316193412633 0.989271489473137 4
3.66522828117994 0.834404853564827 2
4.50544415412516 1.97977909414843 2
5.9174035505836 1.82539414675993 5
6.75726063308294 2.9707524091253 2
8.16920775157589 2.81494320652131 0
9.0095371272853 3.95968963711313 3
10.4214860798804 3.80328569192372 3
11.2612493972518 4.94865850930699 1
12.6730662149218 4.7933179931707 2
13.512874102027 5.93895230300855 2
14.924810989376 5.78437840017758 5
15.765874926239 6.92909010411729 1
17.1778648503239 6.77390082091961 1
18.0187884587808 7.91869974155882 1
19.4304969456982 7.76351219015122 1
20.2706885400296 8.90880428076109 3
21.6822566203777 8.75344170204791 0
22.5229760444101 9.89843762675706 0
23.934824097917 9.74281785411994 0
24.7760822581661 10.8874663514035 0
26.1881504455176 10.7325734829489 2
27.0285726981461 11.8778179163745 2
28.4405311959634 11.7235005424136 5
29.2803618610953 12.868941483471 2
30.6922745720163 12.7133346674014 0
31.5325820301648 13.8581093849875 3
32.9445468867481 13.7016615979644 3
33.7844113992748 14.8469184875702 1
35.1962655074023 14.691392504472 5
36.0359370549527 15.8370858209668 2
37.4478965116013 15.6825904312713 5
38.2886972426412 16.8274653546364 1
39.7007126560241 16.6722833623595 1
40.5416345999419 17.8170325132916 1
41.9534024939733 17.6616732226465 1
42.7936181647624 18.8069202026731 1
44.2051687926616 18.651579647238 0
45.0457303235188 19.796712272232 0
46.4575157207129 19.641211569465 0
47.2988521965523 20.7858391291251 0
48.710902637922 20.6308686059313 4
49.5515841010804 21.7759496315693 2
50.9635484366934 21.6216376513412 1
51.8034266758208 22.7671096135813 2
53.2153014141863 22.6117249904188 0
54.0555570355505 23.7565667803093 0
55.467525781316 23.6001125185873 3
56.3075307243485 24.7452389351186 1
57.7194217912685 24.5895223463735 5
58.5590342005008 25.7352186667258 2
59.9710152991808 25.5807622267338 2
60.8115067758249 26.7258455457692 1
62.2235397478859 26.5707072521047 2
63.0644416033107 27.7154096049956 1
64.4762781013257 27.5598753395237 1
65.3165224233079 28.7050575218868 1
66.7280715501665 28.5496985628453 4
67.5684495044883 29.6949703020678 0
68.9801763865255 29.5395951118813 0
69.8215379685831 30.6842310549401 0
71.2335608371985 30.5292022160717 4
72.0744965790913 31.6741256884965 2
73.4864663863632 31.5197787044802 1
74.3264435788908 32.6652419995509 5
75.7382833142293 32.5100894889779 0
76.5784851042339 33.6550177239438 0
77.9904462732456 33.498611354212 0
78.830622086751 34.6436014854414 3
80.2425464968798 34.487717628373 5
81.0821716687673 35.6333650117915 2
82.4941671001088 35.478913341972 2
83.3343567215192 36.6242105237368 5
84.7463990562475 36.4691553009769 2
85.5872671935334 37.6138172413494 1
86.9991678094316 37.45813326639 1
87.8394315844317 38.6032417642993 1
89.2509975335314 38.4478229279034 4
90.0912030856384 39.5932076121089 0
91.5028789953193 39.4379481325236 0
92.3442060947625 40.5826245496609 0
93.7561942849005 40.4275587680381 3
94.5973497432351 41.5723456451167 2
96.0093175243675 41.4179237526716 1
96.8494372769848 42.5633382578554 5
98.2612501261489 42.4083970169902 0
99.1014149585976 43.5534150170708 0
100.513355801928 43.397110917044 0
101.353706329025 44.5419795298288 3
102.765661054127 44.3859631411627 5
103.605370077177 45.5315140992624 5
105.017373130181 45.3770357697261 2
105.857314391058 46.5225167896005 5
107.269360600049 46.3675726971012 2
108.110162443074 47.5122261875702 1
109.522113281896 47.3564230836569 1
110.362376206283 48.5014634685466 1
111.773982201497 48.3459385592805 5
112.61404320442 49.4913997906883 0
114.025680744111 49.3362255047132 0
114.866904607284 50.4809834512805 0
116.27885700624 50.3259030880059 3
117.120170817706 51.470590603448 2
118.532129252169 51.3160616308893 1
119.372420550372 52.4613956871187 1
30.7597181281154 52.3066166939379 0
31.5998657868221 53.4517204919554 0
33.0117719457594 53.2955645772472 0
33.8522667989352 54.440351357116 3
35.2642468594543 54.2842482830759 4
36.1041017916056 55.4296686757507 5
37.5161131046642 55.2751325311172 2
38.3558844728505 56.4207476315629 5
39.7679318609355 56.2659345310115 2
40.6086078329437 57.4106429758986 5
42.0205930840499 57.2547618832789 1
42.8608449780422 58.3997422413729 1
44.272514460293 58.2440779054602 2
45.1124608396905 59.3895800580301 4
46.5240780398052 59.2344489582915 4
47.3651218292192 60.3793373006343 0
48.7770412850642 60.2242762908462 3
49.6184482985066 61.3689035732225 4
51.0303963020796 61.2142544575882 5
51.8708717871799 62.359487355416 1
53.2826519689392 62.2048075678241 3
54.1227922095709 63.3499931178206 0
55.5346495863997 63.1940202202815 0
56.3752367161031 64.3387789645369 0
57.7872335005626 64.1826346674437 4
58.6272790453318 65.3279095297905 5
60.0393014710331 65.1732809430501 2
60.8789932386427 66.3189689436044 2
62.2910396733944 66.1642871794625 2
63.1315235317368 67.3091262899117 2
64.5435289447388 67.1532086461387 1
65.38378062863 68.298130550622 1
66.7955279039563 68.1422933187312 2
67.635386739503 69.2878035529758 4
69.0470016724534 69.132645316066 4
69.887796592961 70.2777046740605 0
71.2996847679221 70.1226793652135 3
72.1411364242606 71.2672695353396 3
73.5530776931992 71.1124841023081 5
74.3937483750035 72.2575924496355 1
75.8055130567919 72.1029335173946 3
76.6456627213022 73.2481796952121 0
78.0574616295752 73.0924014208135 0
78.8981106278101 74.2371631340352 0
80.310112449893 74.0810207562336 0
81.1503994835871 75.2261327029533 5
82.5624363234002 75.0713911781171 2
83.4021430204857 76.2170792460438 2
84.8141852016574 76.0625308971665 2
85.6544511684087 77.207543725073 2
87.0664647609588 77.0516570460736 5
42.8944970563629 0.233009253563876 1
44.3063234078683 0.0770081210180881 1
45.1461304468202 1.22249021135347 2
46.5577608120018 1.06726721868256 2
47.3982750186415 2.21251071612563 0
48.8101356750795 2.05756351066736 3
49.6515896307994 3.20213590508892 3
51.0635306054996 3.04723953029284 1
51.9043821907115 4.19222105513957 1
53.3161277850255 4.03752785842127 1
54.1562876878791 5.18281924053535 0
55.5680237109988 5.02722879735044 0
56.4086941007368 6.17202855442036 0
57.8206833556676 6.01593015957635 0
58.6612232294313 7.16088987921747 4
60.0732768312454 7.00602217636621 2
60.913062431019 8.15165938202002 2
62.325096450824 7.99722747876953 2
63.1651511880396 9.14242801003576 2
64.5771621864079 8.98662699812531 5
65.4174880910488 10.131412372674 1
66.8293798615894 9.97526672232967 1
67.6691596914352 11.1206981552803 2
69.080820329773 10.9653701465877 2
69.9210590619087 12.110783531997 4
71.3329011426851 11.9559377467521 3
72.1743054659198 13.100521331276 3
73.5862534513637 12.945540835311 1
74.4272424967277 14.0904163680581 5
75.838972345978 13.9356396329557 1
76.6791506957672 15.0809521017847 3
78.0908273200715 14.9255182552957 0
78.9314836452556 16.0703833190458 0
80.3434389026622 15.914370135262 0
81.1842147225608 17.0592029788641 4
82.5962832288061 16.9042154396523 2
83.436210557762 18.0497544171981 2
84.8482330393274 17.8954184066324 2
85.6881216095906 19.0407842354098 2
87.1001198476623 18.8851234800868 4
87.9404833088704 20.0298591358472 1
89.3524203670269 19.8736077111655 1
90.1922130126877 21.0189617976817 2
91.6039141563807 20.8635013409506 2
92.4439179538136 22.0090447168345 4
93.8557564559472 21.8543148947216 5
94.6970531260664 22.9989472099115 3
96.1090146041892 22.8439235979411 1
96.9500969378349 23.9887151470569 5
98.3618274570495 23.8338181477192 1
99.2020550869192 24.9791113554682 3
100.613684069824 24.8237910041769 0
101.454303447629 25.9687355458507 0
102.866203455085 25.8128338061768 0
103.707178170599 26.9575709764589 0
105.119253680239 26.8024692592881 2
105.959388507236 27.9478640630982 2
17.3469029841042 27.7935762942085 2
18.1866960602963 28.939059244363 2
19.5986723658934 28.7835622459665 4
20.4390284141345 29.9282954341754 5
21.8509920126518 29.7719593973566 1
22.6908333820508 30.9172194785391 1
24.1025826937145 30.7615876246077 2
24.9423972086046 31.907221243456 2
26.3542488528162 31.7525818013258 5
27.1953452951158 32.8973318360814 3
28.6073233661012 32.7422960750456 1
29.4484468619213 33.8870328525695 1
30.8602026436924 33.7319822535027 1
31.7004914429469 34.8772334053934 1
33.1120882224043 34.7219834617468 0
33.952626799391 35.8670343929597 0
35.3644583766955 35.7112597749136 0
36.205566181077 36.8559488777687 0
37.6176362262023 36.70075554261 4
38.4580185509239 37.8459853604004 2
39.8700267819635 37.6917072517907 5
40.7098033221642 38.8372523331251 2
42.1217508350006 38.6819450410519 4
42.9620436064783 39.8267337904401 5
44.3740193032677 39.6703509518711 3
45.2139466883801 40.8155039618754 1
46.6257496857754 40.6596893373355 1
47.4654369414394 41.8053654424181 2
48.8773144936348 41.6507811424375 2
49.718129191097 42.7957129375797 3
51.130124123354 42.6407042664301 1
51.9712552020502 43.7853984118545 1
53.3830582035479 43.6301872096581 1
54.223415226979 44.7753756840135 1
55.6349942140452 44.62015942681 0
56.4754112090507 45.7653330076348 0
57.8871722966255 45.6096922967474 0
58.7283555382358 46.754371457581 0
60.1404071497627 46.5991111275799 4
60.9810579016417 47.7441712517052 2
62.3930720130514 47.5898629915216 5
63.2329030365646 48.7354192890291 2
64.6448175835687 48.5803115275484 4
65.4850102168707 49.7252002098301 4
66.8969848208697 49.568809420748 3
67.737027528764 50.7138476045557 1
69.1488814041413 50.5578513129641 5
69.9885038834523 51.7035225866641 2
71.4004095397747 51.5489411304915 2
72.2409014203447 52.6940890106242 5
73.6529099176697 52.5391401827295 1
74.4940226447527 53.6837962163087 1
75.9058825417135 53.5284364480505 1
76.7463080363606 54.6735448866321 1
78.1578832196712 54.518321041263 3
78.9981677982004 55.6636060361633 0
80.4098623595766 55.5080958403633 0
81.2510720564138 56.6527934533039 0
82.6630915818086 56.497492904366 4
83.5040130288652 57.6423875464542 2
84.9160354952236 57.4880171927287 1
85.7559840647464 58.6335363510738 2
87.1678681133285 58.4786282640503 4
88.0079664053409 59.6236297717032 4
89.4199283265779 59.4672857183127 0
90.2601096403732 60.6122053444354 1
91.6720052416841 60.4560536061949 5
92.5116286595691 61.6016716988408 2
93.9235552600176 61.4470480167235 2
94.7637365701553 62.5924057991573 5
96.1757546384592 62.4375479905579 1
97.0168180264103 63.5821802656209 1
98.4287341782595 63.4267003496476 1
99.2692108224342 64.5717263598457 1
100.680800374514 64.4164534339798 5
101.520969826488 65.5618181163911 0
102.93260785304 65.4064236834615 0
103.773786699247 66.5511722270465 0
105.185762652668 66.3958642536984 0
106.026917634032 67.5406200971748 2
107.4389431445 67.3861667966107 2
108.279056542617 68.531610095858 5
109.69091944604 68.3768836982075 4
110.530952641745 69.5219932036509 4
111.942891222912 69.3657545001269 0
112.783202512718 70.5105772315167 3
114.195131899641 70.354309747333 5
115.034816609585 71.499836631633 5
116.446757846714 71.3451303156686 2
117.286682086764 72.4906629534935 5
118.698708957825 72.3359125618207 1
119.539674064083 73.4805608340286 1
120.951638792525 73.3249903545887 1
121.792136933972 74.4699442540522 1
123.203764895311 74.3145676756586 5
124.043850219446 75.4599724655317 0
125.455446933191 75.3046530870197 0
126.296538229921 76.4494842304499 0
127.708467731957 76.2941916065604 0
128.549803525638 77.4388429522403 1
129.961824819166 77.28426813657 1
85.7899060140483 0.466090851804536 2
87.2017693350209 0.311446986808885 2
88.0416407151262 1.45674782914559 4
89.4535261541258 1.3006734485008 0
90.2939141759928 2.44547977690374 3
1.68138707832279 2.28930365792653 2
2.52122148068727 3.43466575649524 2
3.93317472794205 3.27982848441751 2
4.77293326503667 4.42546875306158 2
6.18496682044848 4.27082213447646 2
7.02576441877029 5.41555004661735 1
8.43776334624019 5.25992066062989 1
9.27825198245167 6.40481619589593 1
10.6899402593548 6.24928678923469 5
11.52995787562 7.39470186800045 3
12.9415282884069 7.23940920971056 0
13.782447042644 8.38437199008983 0
15.1943291321039 8.22913957086468 0
16.0357598829862 9.37373909029247 4
17.4477673132647 9.21907567858127 2
18.2883056215289 10.3642770674041 1
19.7001549573321 10.2097745032153 3
20.5401757249342 11.3550428896121 4
21.9520381931007 11.1991664490738 0
22.7924929746128 12.34393014768 0
24.2044671127534 12.1875702380251 0
25.0444359479297 13.3328380237157 5
26.4564124113477 13.177876795958 2
27.2960709008025 14.3235871931659 2
28.7081146380065 14.1690550440196 2
29.548668966536 15.3139448406288 1
30.9606910248587 15.1583096337083 5
31.8011659609819 16.3031524702476 1
33.2129313654492 16.1474468844085 5
34.0529015076669 17.2928427675988 5
35.4644641232214 17.1375222217779 4
36.3051534364173 18.2826475231878 0
37.7169918061038 18.1274944573487 3
38.5584698796852 19.2720677852656 0
39.9704618764788 19.1172985330318 5
40.8112250286988 20.2623570755812 1
42.223069266713 20.1078736854344 1
43.0631250530423 21.2531907943748 4
44.4749386303085 21.0975433719057 0
45.3154127395744 22.2423386299849 0
46.7273932921322 22.0860001760497 0
47.5675679016309 23.2311207188212 5
48.9795663103301 23.0760120153882 2
49.8192237525643 24.2217157160817 2
51.2312722890991 24.0672764828985 2
52.0715631831 25.2123643253492 1
53.4835946606345 25.0567719861141 5
54.3240719467438 26.2015552096189 1
55.7359146596259 26.0456712982113 1
56.5758559181329 27.1910208362096 5
57.9874275237826 27.0356264694599 4
58.8278630671447 28.1809189752991 0
60.2396603964624 28.0258629206777 3
61.0811353484427 29.1704353586232 0
62.4931115409988 29.0155748294318 5
63.3340802038291 30.1604961742401 2
64.7459126233796 30.0059707799835 1
65.5860229701396 31.1513113412714 3
66.9977866608363 30.9958843267632 0
67.8382612507993 32.140736580991 0
69.2502325623019 31.9844664535932 0
70.0906356868571 33.1294425562073 3
71.5026570766507 32.9741920746712 2
72.3423863779115 34.1198338463316 2
73.7544347445187 33.9654720977191 2
74.594485946604 35.1107587920563 2
76.0065164902333 34.9552624173175 5
76.8470071587502 36.0999875879888 1
78.2589132472847 35.9439530854621 1
79.0988376852513 37.0892405655323 5
80.5104378898698 36.933737883072 2
81.3506345695271 38.0791747055882 0
82.7624008022969 37.9242245885263 3
83.6038175665999 39.0688274841176 3
85.015782302946 38.9139001388784 1
85.8569099720881 40.0587095684982 2
87.2687275513036 39.904091137247 1
88.1089138269296 41.0494224934157 3
89.5206311670854 40.8941772424848 0
90.3610917303398 42.039103273145 0
91.7730338329492 41.8829425451069 0
92.6136590385885 43.0277932522397 0
94.0257005292372 42.8724164638471 2
94.8655726548545 44.0179445956833 2
96.2776171213058 43.8636344957313 2
97.1174883977146 45.0090869505543 2
98.5295103456946 44.853728500653 2
99.3699957753411 45.998423910389 5
100.781945522147 45.84227480148 1
101.621875160841 46.9874863759273 5
103.033522047471 46.8318446030514 2
103.873515851435 47.9773884281229 4
105.285267718519 47.822533446565 4
106.126557376656 48.9672118907115 3
107.538516283571 48.8122484255689 1
108.379743282803 49.9569805831956 5
109.791553423941 49.8022274680792 1
110.631836336155 50.9475175779677 3
112.04351468983 50.7923973231758 0
112.8839434256 51.9374105823802 0
114.295835047182 51.781387172659 0
115.136641860303 52.9261513359544 0
116.548695342862 52.7706700271523 4
117.388770384164 53.9160483145004 2
118.800810057123 53.7617526476781 2
119.640578911167 54.9073183473401 2
121.052586446403 54.7521251276433 2
121.893013858306 55.8968493038289 5
33.2804926267965 55.7406214380508 1
34.1204536303096 56.8857500184649 5
35.5321618340862 56.7299486006203 2
36.3719920031033 57.8755620587749 4
37.7837492451684 57.7207708119598 4
38.6248242505505 58.8655865700591 3
40.0367823559377 58.7106238375676 1
40.8780587560765 59.8553052084405 5
42.2898791380258 59.7004006125748 1
43.1302732719131 60.8456235644857 1
44.5419226263183 60.6905789600713 0
45.3822985001165 61.8356885041142 0
46.7941243331225 61.6798229687241 0
47.6350549252164 62.8245473586177 0
49.0471084047542 62.6689972308863 4
49.8874283815417 63.8142095780582 2
51.2994672694067 63.6598915712816 5
52.1392111087489 64.8055143620942 2
53.5511993431463 64.6505033994022 2
54.3915042999758 65.7953260953599 5
55.8034909410708 65.639060908636 3
56.6435055843356 66.7841073627767 1
58.0552823541088 66.6281360177365 1
58.8949921934865 67.7737826854804 2
60.3067716724704 67.6190047471002 2
61.1475516434937 68.7640165748631 3
62.5595116265507 68.609084685514 1
63.4008001737962 69.7537312624842 1
64.8126494854549 69.5986708221283 1
65.6531547652114 70.7438123154785 1
67.0647830803232 70.5887796705077 3
67.9050822491827 71.7339880067034 0
69.3168350731486 71.5782592841542 0
70.1578345284968 72.722982184107 0
71.5698720832582 72.5673760599269 4
72.4104684654386 73.7124122218404 2
73.8225138143003 73.5580183902705 2
74.6623191336758 74.7036306216119 2
76.0742840085873 74.5487934856989 4
76.9144501109971 75.693744216922 2
78.3264360187177 75.5374892499446 3
79.1665469158371 76.6824353365725 1
80.5783886588703 76.5263064295155 1
81.4180436055363 77.6719335931139 2
82.8298537580112 77.5171274740788 2
38.658068271743 0.698846706774635 3
40.0700318954406 0.543992843281213 1
40.9113063866502 1.68860972596621 1
42.3231960657283 1.53342947270718 1
43.1638112301539 2.67847379561215 1
44.5754289635767 2.52342257393136 3
45.415652201421 3.66870908340509 0
46.8273342673328 3.51312006637192 0
47.6683563636288 4.65787191558855 0
49.0803611890783 4.50225739121246 0
49.9212311944537 5.6471306012709 2
51.3332866655161 5.4926470840917 2
52.173211640419 6.63820453157454 2
53.5851516942479 6.48353373320304 4
54.4251805025165 7.628628277068 4
55.8371528616208 7.47243785536177 0
56.6773651419862 8.61729196662966 1
58.0892571232188 8.46102900131991 1
58.9289025902288 9.60660288315992 2
60.3407407789004 9.4517186150631 2
61.180898264802 10.5971350758991 4
62.5928675943339 10.442384252153 1
63.4340823907315 11.5869962630747 1
64.8460155553419 11.4317250601855 1
65.686709650464 12.5766814180059 1
67.0983344556799 12.4215690169687 1
67.9384970770477 13.5669040081597 0
69.3501192824618 13.4114302829479 0
70.1911125968104 14.5562427463605 0
71.6030681475795 14.4006562276192 0
72.4441697315287 15.5454011016054 4
73.8562311112745 15.3908168129926 2
74.6963249444095 16.5362809412191 5
76.1082460953618 16.381751943552 4
76.9481750060962 17.5269766019571 4
78.3601226492419 17.3709056811396 0
79.2004172400496 18.5156936970478 3
80.6123448807856 18.3593326206052 1
81.4520314484391 19.504821788053 1
82.8638940038071 19.3498186172148 2
83.7037973716476 20.4953917130258 2
85.1157775705006 20.3407570432021 1
85.956870051712 21.4854103456937 1
87.3688441795243 21.330085405677 1
88.2095809316895 22.4749682508704 1
89.6212380000352 22.3197519805457 1
90.4613687149268 23.4650975762803 3
91.8729474353301 23.3097061250762 0
92.7138634979338 24.4546048195626 0
94.1257615294951 24.2990883530288 0
94.9670374503087 25.4437431328642 4
96.3790957017659 25.289061060999 2
97.2194106499907 26.4343901853008 5
98.6313240491164 26.279966058502 5
99.4712172354366 27.4252830560806 4
100.883131720183 27.2693805522274 0
101.723473688223 28.4141412136943 3
103.135425798809 28.2577131055384 3
103.975210211804 29.4030864940897 1
105.387098365493 29.2479194707621 5
106.226824745391 30.3935923705616 2
17.6143238001504 30.2390532675342 5
18.4552125993718 31.3838160184438 1
19.8672201008902 31.2284597170773 5
20.7079616973118 32.3732843378874 1
22.1196749290652 32.2179083591076 1
22.9597900345655 33.3632361564815 3
24.3713422608884 33.2078723785396 0
25.2121104881079 34.3528967770452 0
26.6239517125027 34.1974720971503 0
27.465334737202 35.3420801745389 0
28.8773804803838 35.1873038880392 2
29.7179397106523 36.3324807060112 2
31.129854940668 36.1781102064873 5
31.9697654765333 37.3234873090408 4
33.3816406122865 37.1677982204427 0
34.2219831064211 38.3125825631176 0
35.6339491581571 38.1561289218844 3
36.4738738110335 39.3013709724583 1
37.8857904414522 39.1460247878529 2
38.7254254101806 40.2917366672998 2
40.1374382297755 40.1372750588982 5
40.9780549621838 41.282213439197 1
42.3900855936968 41.1268664518117 5
43.2308138882472 42.2716380899957 1
44.6425990807045 42.1160795338205 1
45.4827124650678 43.2613632804558 3
46.8942554142203 43.1059858974098 4
47.7348229508131 44.2511612270681 0
49.1466109159281 44.0958487298678 0
49.9880453996911 45.2404418634967 0
51.4000711625663 45.0855854222206 5
52.2408779826459 46.2306066210074 2
53.6527968883578 46.0762411407182 1
54.4927670606847 47.2216478091399 4
55.9046013789056 47.0662002980977 0
56.7449206181919 48.2110435918306 0
58.156889772556 48.0546135102832 0
58.9969912496332 49.1997153494497 1
60.4089367758115 49.0441950260582 2
61.2485577876033 50.1898901784501 2
62.6605837813209 50.0354800728119 5
63.5009048913712 51.1806291083589 1
64.9129474286778 51.0253338740922 5
65.7536590342577 52.1700534328977 1
67.1655170197414 52.0143139436065 1
68.0056300484952 53.1595365862712 1
69.4171801060092 53.004100040333 4
70.2575303925409 54.1494224927996 0
71.6692684115778 53.9942229278906 0
72.5106983620186 55.1388301432367 0
73.9226981926473 54.9839051086009 5
74.7637314634449 56.1287819983573 2
76.1756476602941 55.9743678591834 1
77.0157149657213 57.1197690208986 5
78.4275118787081 56.9645548591493 0
79.2678080725272 58.1094725607989 0
80.6797668551539 57.953116869433 0
81.5200718738504 59.0980771343295 3
82.9320455550195 58.9424028682471 2
83.7717291741096 60.0880257228176 2
85.1837614473893 59.9336433335354 2
86.0238190650835 61.0789936341272 5
87.4358642418926 60.9237936198215 2
88.2765557722288 62.0684685797832 5
89.6884739003935 61.912579107573 1
90.5285841682157 63.0577314873186 5
91.9401622925625 62.9021979781213 2
92.780316031873 64.0476376881322 0
94.192013381069 63.8925422597707 0
95.0333770370893 65.0371986328147 0
96.4453501685015 64.8822268446742 3
97.2865607425488 66.0269880770516 2
98.6984665705623 65.8724793209401 1
99.5386612014433 67.017839706047 5
100.950426807689 66.8628218058953 0
101.79070285559 68.0078226970892 0
103.202634273275 67.8515901588935 0
104.043132446964 68.9964336471295 3
105.455131355672 68.8406391864457 4
106.294946418896 69.9861445465489 2
107.706981529442 69.831766712072 2
108.546840435608 70.9772817036481 5
109.958882545035 70.8222127306173 2
110.799517292204 71.9668859932218 5
112.211477518366 71.810884371783 1
113.051581502329 72.9559690091965 5
114.463210679901 72.8003042149306 2
115.303200808618 73.9458249555633 4
116.714873828409 73.7908037993066 4
117.556099280781 74.9355557058914 0
118.968049327167 74.7805610667149 3
119.809375943067 75.9252428995214 5
121.221271351767 75.7706018015282 1
122.061616945337 76.9158895171688 1
123.473357296613 76.7610001463865 0
124.313619231385 77.906084040418 0
125.725506107803 77.7499997303242 0
81.5539127171989 0.931266248059471 0
82.9659308702159 0.775374282451735 4
83.8059338365382 1.92073326141864 2
85.2179760046621 1.76629489675983 2
86.0576639056384 2.91196285467788 2
87.4696936638608 2.75704934724853 2
88.3101823431397 3.90181372559893 5
89.7221671304915 3.74577092196904 1
90.5622737233348 4.89079939815576 1
91.973977658049 4.73504749277136 1
92.8138507066098 5.88059613108487 1
4.20102126243029 5.72560692576292 4
5.04203270551239 6.87050111193487 0
6.45396168648636 6.7155145414804 3
7.29534912457932 7.86014443316063 5
8.70724064083824 7.7053589995042 5
9.54774337636813 8.85055309048903 1
10.9594599400685 8.69572683231881 3
11.7996992903236 9.84089319791787 0
13.2115245441338 9.68498510973237 0
14.0522794569534 10.8297263708393 0
15.4643033775549 10.6738033916723 4
16.3045454898688 11.8189949737622 2
17.7165897751005 11.6645119828777 2
18.55631250485 12.810178096636 2
19.9683391219774 12.6554178803105 2
20.8086870674378 13.8002879264767 2
22.2206863406665 13.6442002550716 1
23.0608300947696 14.7891466449838 1
24.4726071391903 14.6331680106988 1
25.3123735771498 15.7787431519139 2
26.7240556788716 15.6237316524587 2
27.5647736212166 16.7688257490029 0
28.97668696481 16.6138892191993 1
29.8180902807817 17.7584914728312 3
31.2299918828961 17.6035740310856 1
32.0706501053655 18.7486631306795 1
33.4823456299175 18.5938412409613 3
34.3225561223736 19.7390817820526 0
35.7343129805063 19.5833455733803 0
36.5751199599705 20.7280997417568 0
37.9871353714515 20.5721713710281 0
38.8276396367026 21.7171981925218 2
40.2396942915393 21.5626137350134 2
41.0794669692376 22.7082638554707 2
42.4914800785101 22.5536554705398 2
43.331635833466 23.6986933710057 2
44.7436362888042 23.5426466410866 3
45.5838387275887 24.6875169266719 1
46.9956881635282 24.5313875956426 1
47.8354024074262 25.6769361449564 2
49.2471120615726 25.5218590712802 2
50.0875260660481 26.6671498309206 4
51.4994276918053 26.5122988146055 1
52.340812322388 27.6568853113754 1
53.7527331844794 27.5018617070367 1
54.5935340053149 28.6468400410607 1
56.0052122663615 28.4919739937135 1
56.8453985698646 29.6372658225803 0
58.2570870274235 29.4816846250156 0
59.0979061706739 30.6264801289684 0
60.5098937684999 30.4705856275241 0
61.3506605814534 31.6154617476179 4
62.762728162565 31.4607625104519 2
63.6026149865684 32.6063461108356 2
65.014611327323 32.4518689941739 2
65.8545946514421 33.5970753217638 2
67.2665848155955 33.4411228322862 4
68.1068571153196 34.5859206699187 1
69.5187615961386 34.4296660356005 1
70.3584657586979 35.5751561672605 2
71.7702087658465 35.419972540453 2
72.610341340796 36.5654345721272 4
74.0222399335127 36.4106945101181 1
74.8635575238125 37.5552930508287 1
76.2755042207746 37.4001966047054 1
77.1164083565516 38.5450811819117 1
78.5280838953098 38.390130622258 1
79.3682646039663 39.5354420206639 3
80.7798943372844 39.3799848230531 0
81.6206884767229 40.5248461128824 0
83.0326279375116 40.3690239796782 0
83.8736236878343 41.5137808842676 4
85.2857005443445 41.3589685948206 2
86.1257630417178 42.5044395079908 2
87.5377434472794 42.3500639515562 2
88.3776063921775 43.4954095231087 2
89.7895750417482 43.3395976112837 4
90.6298959756132 44.4843492434065 1
92.0418366087733 44.3279978450762 1
92.8815776559707 45.4734001598096 2
94.2933566813371 45.3180689573447 2
95.1332571048082 46.4636591864513 2
96.5451650273863 46.3090307202181 5
97.386344358017 47.4536921612965 1
98.7983188177789 47.2985561656917 1
99.6392827327088 48.4433679527463 5
101.050980404421 48.2882919600454 1
101.891180585035 49.4335886355307 3
103.302768058532 49.2782164649365 0
104.143496578149 50.4231679202577 0
105.555372622692 50.2674477464119 0
106.396536718409 51.4121282700227 0
107.80861228666 51.2572136009987 2
108.648900705566 52.4025362264456 2
110.060872880346 52.2482216768991 5
110.900684377214 53.3936621416778 2
112.312622305058 53.2380272042031 4
113.152941625268 54.3827829112831 3
114.56490306206 54.2263647600614 3
115.404723940572 55.371658658689 1
116.81654248801 55.2161464435387 2
117.656274006727 56.3618161172361 2
119.068202466431 56.2072766553676 5
119.909154106236 57.352071840097 1
121.321154317907 57.1969293663148 1
122.162136651923 58.341686391524 1
123.573881635419 58.186449535803 1
34.3896175012065 59.3317062466633 3
35.8011795886388 59.1763797722332 0
36.6417851535429 60.3214525721123 0
38.0535948074824 60.16585035247 0
38.8948669812169 61.3104933981086 0
40.3069297491541 61.1554957748939 2
41.1474769294843 62.3006512870261 2
42.5594518193224 62.1463589682384 5
43.3992865248413 63.2918433526089 2
44.8111889369358 63.1364251084568 0
45.6514611639131 64.2812348789729 3
47.063431662236 64.1247991755485 3
47.9033701255764 65.2699715916356 1
49.3152303149477 65.1142769799472 5
50.1548605063797 66.2599781473535 2
51.5668136642431 66.1054980827127 5
52.4074601337238 67.2504945523166 1
53.8194807295375 67.0953840025101 1
54.6604424817354 68.2401032422286 1
56.0722503611308 68.084690117122 1
56.9125131317215 69.2298936427748 1
58.3240659132504 69.0745684020857 4
59.1645013959454 70.2197828257664 0
60.5762481757196 70.0643014347799 0
61.4175700445634 71.2089436946794 0
62.8296096476985 71.0538748332112 4
63.670418203091 72.1988688407506 2
65.0824005143921 72.0445458722299 1
65.9223112238088 73.1900376169316 2
67.3341770708138 73.0348310714719 0
68.1743806489267 74.1797281756732 4
69.5863473908627 74.0232967644075 0
70.4264389150138 75.1683349460021 1
71.8383369463716 75.0124473152964 5
72.6779474745604 76.1581181007852 2
74.0899213691795 76.0036399998637 2
74.9302610386718 77.1488460815481 1
76.3422955769557 76.9937999418164 1
32.1709911721776 0.174966778052518 1
33.582865430246 0.0193983619541805 1
34.4231719107612 1.1645209625383 1
35.8347316512014 1.00916652152546 4
36.675003259717 2.1544988831077 0
38.0866928920458 1.99914600166739 0
38.9280134127126 3.14381330723435 0
40.3400192983437 2.98870606139148 4
41.1810744653811 4.13354829525998 2
42.5930602028282 3.97916837927574 1
43.4330999890735 5.12462295010074 5
44.8449357945795 4.96963692790585 0
45.6850841063635 6.11462894925761 0
47.0970357299747 5.95827397118397 0
47.9372942909375 7.10318489325669 3
49.3492253545848 6.94714930194006 5
50.1888791248012 8.09274683567769 2
51.6008646225947 7.93824464186581 2
52.4409197004192 9.08365342671319 5
53.8529613770858 8.9287070284099 2
54.6938500192804 10.0733530846761 1
56.1057813008926 9.91765669504771 1
56.9461015303698 11.0627073858946 1
58.3576888292113 10.9072738948627 5
59.1978125293769 12.0526950511255 0
60.6094554729717 11.897445013274 0
61.4507064215807 13.0421769664433 0
62.8626734670322 12.887051475516 3
63.7039203032226 14.031776407326 2
65.1159010464156 13.8773051657004 1
65.9561040230705 15.0226894900471 5
67.3679197386526 14.8678889083498 0
68.2080335946888 16.0129751162217 0
69.6199575728102 15.8567484458345 0
70.4603635476354 17.0015643924195 3
71.8723234346085 16.845423308343 4
72.7120829275156 17.9909108327061 5
74.1240768274726 17.8363516749447 2
74.9639125876859 18.9819232480281 5
76.3759581446722 18.8270974570872 2
77.2167381243532 19.9717741559322 1
78.6287115304341 19.8159850961041 1
79.4690210043003 20.9609758159464 1
80.8806603988646 20.8054194936069 5
81.7206660219512 21.9508923363485 4
83.1322777997248 21.795706243053 0
83.9733888936015 22.9405454706142 0
85.3853180650651 22.7854318066883 3
86.2266950616742 23.9300763310798 4
87.6386655180001 23.7754948080439 2
88.4790611331303 24.9207770902293 1
89.8908644024754 24.7661077973035 3
90.7309740273497 25.9112732424897 0
92.1428574191881 25.7552201609837 0
92.9833757353628 26.8999833957846 0
94.3953581890974 26.7437868879908 4
95.2352865415755 27.8891323489 5
96.6472925416775 27.7344853759858 2
97.487005352651 28.8801542309514 2
98.899053397994 28.725455864676 2
99.7396641930509 29.8702302511857 2
101.1516650559 29.7143873123555 1
101.991967407658 30.8593180806697 1
103.403678870133 30.7035989637904 5
104.243596626129 31.8490861776074 4
105.655195225151 31.6939002276532 4
106.496094164357 32.838889620912 0
107.907987455032 32.683808516196 3
108.749434898008 33.8284057468685 4
20.136897513656 33.6736952235057 5
20.9774948932081 34.8188558038061 1
22.3892865711974 34.6642418883094 3
23.2294048995145 35.809475139814 0
24.6412358338768 35.6536186067714 0
25.4818205301955 36.7983761631502 0
26.8938150177482 36.6421652503967 0
27.7339545342147 37.7873574412116 5
29.1459752567351 37.6325955855566 2
29.9856564633528 38.7782959835016 2
31.3977041409084 38.6237227281688 2
32.2380926870522 39.7686604227833 2
33.6501077442448 39.6128197032543 5
34.4904192130263 40.7576883066168 1
35.9022110120743 40.6017965286122 2
36.7420678166829 41.7472661826054 5
38.1536711843002 41.5920311537751 4
38.9943051967274 42.7371991369412 0
40.4061648612695 42.5821853489839 3
41.2476351947118 43.7267585642639 3
42.6595872775183 43.5719312461869 5
43.5003825365801 44.7169603608841 1
44.9121586624844 44.5623404678095 1
45.7522937806463 45.7076252838223 0
47.1640658305185 45.5519755896109 0
48.0046812848672 46.6967628056935 0
49.41667368301 46.5405849215351 0
50.2570532809055 47.685623758508 4
51.66909167648 47.5307359287141 2
52.5088151225237 48.6764104486784 2
53.9208589023435 48.5219552469915 2
54.7610154421245 49.6670860949924 2
56.1730335156823 49.5113100606284 5
57.0133745552254 50.6561131050139 1
58.4252400167286 50.5000630008597 1
59.2650593832729 51.6454901395762 2
60.6766847603444 51.4901663337009 2
61.5170425730416 52.6355103980968 0
62.9288747123503 52.4805907836832 3
63.7703198816422 53.6251645766826 3
65.1822704732104 53.4702418486681 1
66.0232337670275 54.6151500741715 2
67.4349915736218 54.4604646660418 1
68.2751527330825 55.6057774746212 3
69.6868656417548 55.4503071189306 0
70.5274831577626 56.5951492896339 0
71.9394540675415 56.4390414971679 0
72.7800789353903 57.5839393530776 4
74.1921354138969 57.4289201000021 2
75.0319702364802 58.5745148465202 2
76.4440061426919 58.4201542195813 2
77.2839664897698 59.5654661747063 2
78.6959776395306 59.4098039945131 4
79.5363579993306 60.5545462490699 1
80.9482787855898 60.3983655820223 1
81.7880919416604 61.5437255894691 2
83.1997539306339 61.3882769965521 2
84.0398643026048 62.5337649540193 4
85.4516819233646 62.3789532220147 3
86.2930500140092 63.523558354926 3
87.7050063555013 63.3685724285196 1
88.5460905339697 64.5133841403068 5
89.9578380397452 64.3585903035956 1
90.7980473553312 65.5038967052662 3
92.2097083846358 65.3485662112061 0
93.0503022283623 66.4934824788505 0
94.4622296245537 66.3374817521696 0
95.3030732126457 67.4822675430081 0
96.7151426826248 67.3271295761618 2
97.5551543792898 68.472597846569 2
98.9671799575213 68.3183007882686 2
99.8070051359896 69.4637558671226 2
101.219000224494 69.3082488085178 4
102.059388479978 70.4529680363946 1
103.471344508391 70.2966916185165 1
104.311186297277 71.4419659996759 2
105.72289559731 71.286363592746 2
106.562798962508 72.4319570416966 4
107.974619523803 72.2772468798799 5
108.815830089081 73.4219402991052 3
110.227797458605 73.2669292962148 1
111.068947619084 74.4116758071583 5
112.480704436808 74.2567391741837 1
113.320981468108 75.4020092318628 3
114.73260367423 75.2467712220665 0
115.573142832268 76.3917813458944 0
116.985007641371 76.235907206872 0
117.826016152 77.380623131605 0
119.238087996429 77.2253818425037 3
75.0660823941364 0.407189862452406 2
76.4781010534972 0.252909927824825 2
77.3178692931487 1.39845303960656 2
78.7298413937779 1.24311906011435 4
79.5701811871192 2.38787388196885 5
80.9821562818262 2.23152326936879 3
81.8220556810479 3.37670429218125 1
83.2338215023729 3.22091186529039 2
84.0735412924806 4.36658948069961 2
85.4853787852977 4.21194527952775 5
86.3263180475947 5.35681410177865 3
87.7382973639293 5.20182692661703 1
88.5794606890163 6.34653850954978 1
89.9912509536198 6.1914662774949 1
90.8316059800117 7.33667992261279 1
92.2432052042024 7.18152502657952 0
93.0836575172249 8.32663917570713 0
94.4954508184361 8.17090704006259 0
95.3365659715949 9.31559131072162 0
6.72412878664046 9.16027431919085 4
7.56463608460545 10.3054093752738 2
8.97665559242384 10.1511105435863 5
9.81644646585617 11.2966828719042 2
11.2283883414617 11.141545058917 4
12.0686321846952 12.2863868491085 4
13.480611207916 12.1300173395594 3
14.320613328252 13.2750853060009 1
15.7324353190032 13.119125534985 1
16.5720905448072 14.2647956311941 2
17.9839592557379 14.1101732698531 2
18.8246114659933 15.2552278621554 3
20.236605068637 15.1002743635824 1
21.0777770137058 16.2449354516808 1
22.4896166445001 16.0896872792476 1
23.3300521252475 17.2348213822764 1
24.7416371019666 17.0796471458214 3
25.5819627627152 18.2248835694056 0
26.9936854426681 18.0692816420122 0
27.8348454522405 19.213978647456 0
29.2468802163086 19.0586125697349 4
30.0876595710502 20.2035805769571 2
31.4996878337218 20.0492277244593 1
32.3395652315245 21.1947837061681 2
33.7514763548982 21.0398419756089 4
34.5916051937343 22.1848034719962 4
36.0035768725093 22.0284568187154 3
36.8436990485566 23.17341338639 1
38.2555709232318 23.0172901394485 1
39.0951914215267 24.1629307756826 2
40.5070870362893 24.0082803133004 2
41.3474144819955 25.1535523759923 5
42.7594183332867 24.9986811762043 1
43.6005556130973 26.1433137478649 1
45.0124495845138 25.9879399432366 1
45.8529548165935 27.1329888421666 1
47.2645428460296 26.9777878659466 3
48.1047549189801 28.1231143430943 0
49.516413957504 27.9676399232554 0
50.3575709269863 29.1123753457645 0
51.7695658082115 28.956994169969 0
52.6106020975956 30.1018090638373 2
54.0226376226409 29.947379078048 2
54.8626580800817 31.0928738786132 5
56.274543618704 30.9381178908622 4
57.1145788127183 32.0832000014331 4
58.5265315733958 31.9269334416739 0
59.3667793561729 33.0717878035573 1
60.7786899405566 32.9155344328125 5
61.6183351709024 34.0611045096815 2
63.0302496756546 33.9063817216759 2
63.8702864257429 35.0518477796444 5
65.2822990429648 34.8970806280669 1
66.1233581341342 36.0417131011345 1
67.5353031127984 35.8862433075011 1
68.3758493182693 37.0312150809451 1
69.7874618005478 36.8759394792857 5
70.6275847194207 38.021320018951 0
72.0391930568342 37.865945361497 0
72.8802895431512 39.0107514424736 0
74.292235398377 38.8553883629667 0
75.1334747042777 40.0000871319826 4
76.5455097132298 39.8455633603511 2
77.3857171300594 40.9909601725965 5
78.7975880821414 40.8363592013488 4
79.6375710437845 41.9815457713062 4
81.0494950908383 41.8254141528155 0
81.88984412359 42.9701992404931 3
83.3017852291676 42.8138565071838 3
84.1415143729314 43.959321813847 5
85.5534455005673 43.8044862538557 2
86.3932604945451 44.9500985935134 2
87.8052833985051 44.7954415719216 1
88.646200494041 45.9401287264205 1
90.0581874252699 45.7845942771243 1
90.8987410666176 46.9295022610372 1
92.3104027568951 46.7740969304778 5
93.1504637807839 47.9194944588081 3
94.5620378546774 47.7641716164845 0
95.403009335839 48.909083853013 0
96.8149051930157 48.7537701645533 0
97.65628397562 49.8983928147462 4
99.0683099871019 49.7437649169419 2
99.9087398059911 50.8890316086477 5
101.320606435828 50.7345366794536 3
102.160585831948 51.879800749266 4
103.57247229295 51.7238541791401 0
104.412880730606 52.8686168464221 3
105.824844096037 52.7122288345542 3
106.664711074532 53.8575643232451 5
108.076662024324 53.7025861162541 2
108.91634357218 54.8482826128822 2
110.328377290875 54.6937285220928 2
111.169077378362 55.8385432794978 1
112.581093173355 55.682979396623 5
113.421634626032 56.8278319580158 1
114.833365699214 56.6722545041358 5
115.673384462416 57.8176381356748 3
117.084941307912 57.6623117197436 4
117.925718237131 58.8073687414052 0
119.337566524269 58.6521307283233 0
120.179023011086 59.7967135190917 4
121.591033879037 59.6419806214743 5
122.431698304229 60.7871013089425 1
123.843563614034 60.6326520323878 1
124.683573730938 61.7779699764943 4
36.0709183017597 61.6222476944477 0
36.9113509502023 62.7670290133438 0
38.3233260253903 62.6106402765348 0
39.1633766338705 63.7558301252696 5
40.5753503280656 63.6006980333682 2
41.4149940050888 64.7464090010734 2
42.8270369952475 64.5919512574762 2
43.667476685173 65.7369469836474 1
45.0795096092804 65.5814170730842 5
45.9200459363402 66.7262112278932 1
47.331855915126 66.5704660367936 5
48.1718439853693 67.7158131406295 5
49.5834002862407 67.5604484215584 4
50.4239281798452 68.7056788699281 0
51.8357303193981 68.5505425077193 0
52.6771956237838 69.6951262830562 0
54.0891875045492 69.5402972486385 5
54.9300638498423 70.6852827415969 2
56.3419239605465 70.5308118787654 1
57.1819830288809 71.6761658034608 4
58.593777939317 71.5206720238458 0
59.4342094805856 72.6655069186022 0
60.8461842545661 72.5091600738716 0
61.6864467045581 73.6542058969025 3
63.0984451760822 73.4989164051438 2
63.938119280307 74.6445933229601 2
65.350166762113 74.4902016224054 2
66.1903382377867 75.6354070256038 1
67.602374930894 75.4799308920577 5
68.4429138626107 76.6246664311612 1
69.8547943047713 76.4687338442864 1
70.6947694174693 77.614017548851 5
72.1063438965941 77.4585488609301 2
27.93439362744 0.640421048805126 0
29.3461570641306 0.485383846499157 0
30.1876062961643 1.62997342901348 0
31.5995815020476 1.47507154943234 1
32.4406617404826 2.61991846538914 2
33.8525091335018 2.46538524246323 1
34.6926512553537 3.61073521693653 3
36.1044011195839 3.455457796652 0
36.9448241883035 4.6003609232803 0
38.3567802942757 4.44411231142324 0
39.1972667311543 5.58902127004974 3
40.6092885057001 5.43359841145135 2
41.4490687997069 6.57918376955944 2
42.8611154252798 6.42484893279098 2
43.7010677365538 7.5702407929023 2
45.1130999795148 7.41488385845077 2
45.9536361465191 8.55957656138993 1
47.3655692571005 8.40351142606243 1
48.2055359784664 9.54872620557692 5
49.6171487933303 9.39313510305472 2
50.4572330358708 10.538629569621 4
51.8689701862689 10.3836936947916 3
52.7103241633967 11.5283410610377 0
54.122286214079 11.3733911626838 1
54.9634978179473 12.5181446024119 5
56.3753323880871 12.3634950554917 1
57.2155723642124 13.5088136828754 3
58.6272825222355 13.3536952854648 0
59.4676814165347 14.4986829937065 0
60.8795984941372 14.3425650449193 0
61.7202812835181 15.4873704026948 0
63.1323209560927 15.3318342008083 2
63.9722701391143 16.4772871603386 2
65.3843138769258 16.3229768877217 2
66.2241169418928 17.468512324915 2
67.6361390413281 17.3133078538497 2
68.476629328706 18.4580083326139 5
69.8885964758562 18.3018475656022 1
70.7285724730829 19.4469884643935 5
72.1402418263552 19.2912495515822 2
72.9801466169849 20.436829931641 4
74.391876438544 20.2819695602168 4
75.2330534467275 21.4267306685287 3
76.6450075148651 21.2717661453314 1
77.4862905721526 22.4164608522472 5
78.8981230303122 22.2616663706004 1
79.7384783161475 23.4069251785007 1
81.1501564277912 23.2519067107936 0
81.9905180922925 24.396986138345 0
83.4023771384504 24.2410229050342 0
84.2432094611294 25.3857670149117 0
85.6552573597493 25.2301488551839 4
86.4954338042133 26.3754393612409 2
87.9074759279971 26.221115305087 2
88.7472188795441 27.3667306892381 2
90.1592267103045 27.2116995593218 2
90.9996164975486 28.3564699612449 5
92.4116022815867 28.2002552326091 1
93.2516202792974 29.3453130889541 1
94.6633591343265 29.1894128275354 2
95.5031325775485 30.3350356005096 2
96.9148749597394 30.1802073046225 4
97.7557963933875 31.3251367193237 3
99.1677466186515 31.1701906151485 1
100.009064495262 32.3148415122318 1
101.420912615968 32.1598925371957 1
102.261394181748 33.3050680631905 1
103.673047537079 33.1500873097045 3
104.513355414059 34.2952590453703 0
105.925144597528 34.1394468089884 0
106.766069377897 35.284173088294 0
108.17811095649 35.1284971818878 4
109.018549923168 36.2736146633981 2
110.430595447613 36.1192271335815 2
111.270357709681 37.264861368503 2
22.6578495785364 37.1100022247003 2
23.4980919839702 38.2548981147347 2
24.9100830322131 38.0986731605496 3
25.7501705949685 39.2436435837579 1
27.1619804507534 39.0875799331792 1
28.001670541848 40.2332047713209 2
29.4134394790679 40.0783591156129 2
30.2540505864373 41.2234940564177 3
31.6659994415684 41.0686055741453 1
32.507318807498 42.2132243887727 1
33.9191975109891 42.0581415821552 1
34.7598031490663 43.2032201892767 1
36.1714387160791 43.0482329388742 3
37.0116810154561 44.1934875918475 0
38.4233974057667 44.0378233532428 0
39.264364890843 45.1825668697285 0
40.6763835570054 45.0268727769839 0
41.5170991370953 46.1718213195772 2
42.9291541825896 46.0173455254562 2
43.7690046147479 47.1629451883879 2
45.1809705755129 47.0082544824283 2
46.0210551299167 48.1533016677674 2
47.4330394046319 47.997123995605 3
48.2732162375712 49.1420056207105 1
49.6850865384918 48.9858001586782 1
50.5247404333567 50.1313898902403 2
51.9365403395482 49.9764833852695 2
52.7768360781193 51.1218224830711 4
54.1887866650732 50.967030551163 1
55.0300678740772 52.1116353459747 1
56.441984908036 51.9564534652427 1
57.2826937499699 53.1014362160055 1
58.6943242330637 52.9464048484659 1
59.5345087630757 54.091717641762 0
60.9461587066999 53.9361851674809 0
61.7871210557675 55.0809773644054 0
63.1990985602781 54.9253026848818 0
64.0400693740964 56.0701067158255 4
65.4521341174124 55.9155272347272 2
66.2921294368631 57.0610487620974 2
67.7040739003858 56.9065011116868 4
68.5440292598895 58.051692888498 2
69.9559945836494 57.8956098347258 0
70.7962593633601 59.040414336677 1
72.2081731713508 58.8840910453653 1
73.0478428776672 60.0296091696682 2
74.4596708153724 59.8745917729011 2
75.2996894599251 61.0201017032063 4
76.7116472950255 60.865419664609 1
77.5528396929017 62.0100424673047 1
78.9647963143232 61.8547899609158 1
79.8055741785295 62.9996892362265 1
81.2172217150425 62.844568311141 1
82.0573759718682 63.9899014164314 3
83.4689741322859 63.8344676105049 0
84.3098900868628 64.9793316210691 0
85.7218118195807 64.8237147640621 0
86.5629883940458 65.9684105363514 4
87.9750556768942 65.8137267322738 2
88.8152513767545 66.9591266023986 5
90.2271825275832 66.8046929131515 5
91.0670649630682 67.9499984774739 2
92.4790015492717 67.7940634009685 0
93.3193237647414 68.9388250890698 3
94.73126717133 68.7824194881955 3
95.5710041546431 69.9278366969074 1
96.9828598472568 69.772668305128 2
97.822664444588 70.9183011976713 2
99.2346369339291 70.7637261652244 5
100.075662044417 71.9084286615366 1
101.487654237636 71.7531388338805 1
102.328459501535 72.8979730305148 1
103.740150129798 72.7427163676771 1
104.580294061631 73.8880390894885 3
105.991857439512 73.7326623471963 0
106.83266551556 74.8776325899756 0
108.244526976487 74.7221071279218 0
109.085841746908 75.8667396728972 4
110.497901317671 75.7119605772815 2
111.338334417061 76.8572115015617 5
112.750263513372 76.7028474185381 5
113.59013583102 77.8482285198271 4
115.002036244455 77.6924860676154 0
70.8301196280597 0.873753830858055 3
72.2420811839713 0.717299083399779 3
73.0819327222771 1.86259386769941 1
74.4938187554138 1.70724221164106 5
75.3334879592699 2.85294112442897 2
76.7454795304336 2.69844563845314 5
77.5862536046931 3.84330055427311 1
78.9982737779412 3.68799851046309 5
79.8390682615728 4.83278383704143 1
81.2508228318054 4.67734487939432 1
82.0909539581759 5.8226433417507 3
83.5024983752047 5.66727561987997 0
84.3431182408156 6.81239898967367 0
85.7549209709378 6.65698881443321 0
86.5963033110784 7.80160401391028 0
88.0083455586251 7.64675447251699 2
88.8490269516566 8.79185111421248 2
90.2609612434769 8.63752664538083 1
91.1008780166945 9.78294739821461 4
92.5127394845903 9.62745225812065 0
93.3530490779281 10.7722673122133 0
94.7650176013134 10.6158160011542 0
95.6050261978857 11.7609711874398 1
6.99244634024674 11.6054383049253 2
7.8320654897109 12.7511405465262 2
9.24407418483236 12.5967051431317 5
10.0845549604163 13.7417576024 1
11.496592322332 13.5864959981721 5
12.3373766965208 14.7312238163322 1
13.749203467051 14.5756083254062 1
14.5893624869029 15.7208345997298 1
16.0009064897182 15.565438025038 4
16.8413400743611 16.7106950703418 0
18.253089653162 16.555397554611 0
19.094509336392 17.7000038266933 0
20.5065269869071 17.5450715319759 5
21.3474596448709 18.6900081829581 2
22.7593962831481 18.5356403468143 1
23.5993985824059 19.6810662501136 4
25.0112211007323 19.5257940892689 0
25.8514924274897 20.6706876477895 0
27.2634563208727 20.5142793900435 0
28.1036476100725 21.659296680971 3
29.5155947537461 21.503594849285 2
30.3552317797535 22.6492534158655 2
31.767252012152 22.4948458380053 2
32.6074395750068 23.6401121881659 1
34.0194849785694 23.4849279342592 2
34.860245778643 24.6296092361463 1
36.2721394028819 24.4738321482229 1
37.1123022523436 25.6189904781426 1
38.5238632780602 25.4635230351997 4
39.3640969032805 26.6089090589079 0
40.775798634186 26.4537254354205 0
41.6171817941727 27.5983672254804 0
43.0291697668067 27.4433853199357 3
43.8703104895052 28.5881900438527 2
45.2822419068662 28.4337508603773 1
46.1223660659532 29.5791465893993 5
47.5341570153471 29.4240942208287 0
48.3744001578953 30.569072284653 0
49.7863450470467 30.4127673321602 0
50.6267285642878 31.5576569672951 3
52.0387039776756 31.4018200922314 2
52.8784328581103 32.5473835712768 5
54.2904582002231 32.3929811949936 2
55.130403767567 33.5384350786295 5
56.5424498630547 33.3833663803822 2
57.3831627103202 34.5280285224601 5
58.7951069695361 34.3721248812749 1
59.6352620860705 35.5172165609012 1
61.0468630228021 35.3616390812408 2
61.8869248234199 36.5071193434088 0
63.2985912004219 36.352026632329 0
64.1398694346384 37.4967455966028 0
65.5518283816611 37.3417356563762 3
66.3931173966336 38.4864443575612 2
67.8050376810331 38.3318932394068 1
68.6453110968798 39.4772255656269 1
70.0570771745357 39.3223403290969 0
70.8973007821977 40.4674051614664 0
72.3092098147069 40.3112443887133 0
73.149757872979 41.4560430409623 0
74.5617566153025 41.3001093403508 4
75.4016411193249 42.4455403286651 2
76.813671158107 42.291110878872 2
77.6534537392606 43.4367032019353 5
79.0654970436601 43.281773341835 2
79.9061097175327 44.4264752331556 5
81.3180878092549 44.2704821868144 1
82.1582362434318 45.4155105008728 5
83.5698994423497 45.2597889918405 2
84.4098237119357 46.4053256599296 4
85.8214732023655 46.2502800902688 4
86.6625708504598 47.3951249632233 0
88.0745042561348 47.2401132457293 3
88.9158820181542 48.3847592212924 5
90.3277935007299 48.2300724481181 5
91.168233905454 49.3753138023344 1
92.5799793955481 49.2205240952056 3
93.4201921628618 50.3656693539781 0
94.8320493733569 50.2096779637151 0
95.6727184250641 51.3544300050979 0
97.0847318926583 51.1984397226241 4
97.9248280337897 52.3437129094698 2
99.3368648321066 52.1892173158624 2
100.176580006214 53.334881800245 2
101.588618159376 53.1801009461694 2
102.429071836183 54.324911640009 2
103.841069624934 54.1688779344717 1
104.681232533096 55.3138395747147 1
106.092972610209 55.1579570302556 2
106.932793978137 56.3035134714081 4
108.3444460598 56.1484628298597 4
109.185289288903 57.2934805777966 0
110.597199890356 57.1385001203575 3
111.438618110536 58.2831071470065 3
112.850529126224 58.1282812948574 5
113.691140403861 59.2734140513593 1
115.102865422948 59.1186511969348 3
115.943064606797 60.2638694248728 0
117.354858076059 60.1080567177459 0
118.195598405346 61.2528058944038 0
119.607613283909 61.0967988292472 0
120.44795800326 62.2419068308441 2
121.860004353018 62.0873121804365 2
122.699734396556 63.2329847535662 2
124.111763061534 63.0783509899695 2
124.952020560545 64.2233213392354 2
126.364025294569 64.0673045314526 3
127.204231091484 65.2121919403723 1
38.5915520052053 65.0561487234876 2
39.4313121156046 66.2016851066115 2
40.8429833285776 66.0465824859187 2
41.6835381518804 67.1917879458167 0
43.0954297552114 67.0368837583289 3
43.9368578462572 68.1814596589432 3
45.3487801210788 68.0265415206944 1
46.1895562145401 69.1715574577145 1
47.6012615493002 69.0167926516502 3
48.4414360703599 70.1620777992469 0
49.8531607958897 70.0064507184934 0
50.6939091945881 71.1512478359787 0
52.1059064318363 70.9952643142027 0
52.9464904840361 72.1402332713611 4
54.3585514553552 71.9855104707431 2
55.1983573098596 73.1311430311378 2
56.6103740223786 72.9766353053915 2
57.4504350657474 74.1217855217759 2
58.8624369064131 73.965838819606 3
59.7027028760545 75.1106540788477 1
61.1145867507473 74.9544676165707 1
61.954315005436 76.0999611384111 2
63.3660181744173 75.9447619606709 2
64.2062796299901 77.0901530911364 4
65.6181601144892 76.9353421030779 1
21.4472916400179 0.116423623398847 3
67.8714786814545 77.9248913966437 1
23.7001373685825 1.10629874303169 5
25.1118291860185 0.95143668966867 1
25.9520115601813 2.09674127130811 3
27.3636742861533 1.94124526535256 0
28.2044366375766 3.08608096330343 0
29.6163992315874 2.93016243000792 0
30.4572542701157 4.07497837417407 4
31.8693275950677 3.9201490011243 2
32.7092848559039 5.06568276483151 2
34.1212857235068 4.91129273191952 2
34.9611925138279 6.05660156284011 2
36.3731790628803 5.9007855963007 4
37.2134997919171 7.04554268094753 1
38.6254287526838 6.88924892024785 1
39.465169240964 8.03466793987737 2
40.876908784196 7.87933939436891 2
41.7169171377534 9.02487551908713 4
43.1287982860628 8.87018013172641 5
43.9700741988568 10.0148032356783 1
45.3820354487073 9.85971793666728 1
46.223025642239 11.0045448926457 5
47.6347232793659 10.84957258295 1
48.4749242033984 11.9948741343176 3
49.886536583548 11.8394859874152 0
50.7272545232221 12.984401927681 0
52.1391602471314 12.8285815741701 0
52.980212526569 13.973302858673 4
54.392291059488 13.8183638841691 2
55.232449941092 14.9637634911591 2
56.6444382147973 14.8094458549688 2
57.4842514823355 15.9548754674014 2
58.8962128858371 15.7992231573219 4
59.7365457210531 16.9439662497488 3
61.1485021540034 16.787591178409 1
61.9882954205989 17.9329149115053 1
63.4000761743223 17.7774188777508 2
64.2398836221427 18.923056752133 2
65.6517798571558 18.7684626917033 5
66.4928642993444 19.9131923332233 1
67.9048493746995 19.7580894503249 1
68.7458764294853 20.9028583689447 1
70.1576063021736 20.7477395366396 1
70.997843143048 21.8930106149798 3
72.4094223390086 21.7376918032833 0
73.2500479106371 22.8827166956981 0
74.6618860914294 22.7270144771472 0
75.5030716501365 23.8716850060501 0
76.9151432601002 23.7166544102319 2
77.75554599873 24.861894002598 2
79.1675313617146 24.7076079438632 5
80.0073285387792 25.8531061126891 2
81.4192573187906 25.6976487132199 4
82.259550618473 26.84243105742 3
83.6715206297906 26.6860100488656 3
84.5114105143121 27.8312191838547 1
85.9232364688365 27.675536635027 5
86.762913752114 28.8212230595851 2
88.1748350420982 28.6666985774822 5
89.0156487178336 29.8115992523095 1
90.427655781204 29.6565150379995 1
91.2686890052037 30.8012351635738 1
92.6804730155501 30.6459491064295 1
93.5207594502856 31.7911634682499 1
94.9323214835132 31.6358745738976 0
95.7728097705078 32.7810273841224 0
97.1845808524164 32.6254507131747 0
98.0258475667447 33.7701026361051 0
99.4379008574889 33.6149975991637 4
100.278571476523 34.7600671484099 2
101.69056290953 34.6057669633093 5
102.530415047525 35.7512832238175 2
103.942307982872 35.5960351601206 4
104.782528281821 36.7408978845471 4
106.19449926369 36.584465962016 3
107.034519999547 37.72954893199 1
108.446389549585 37.5736752297156 5
109.286006118485 38.7193587885614 2
110.697952657051 38.5648535704527 2
111.5384506658 39.7099660502118 1
22.9259770714458 39.554932279303 1
23.7669919119404 40.6996085387654 1
25.1788392038389 40.544158860753 1
26.0191747472942 41.6893003074556 1
27.4307346293606 41.5340005074819 4
28.2710643268495 42.6792792805555 0
29.6827725909943 42.5238307166776 0
30.524065652694 43.6684958492119 0
31.9360888470268 43.5133410731153 4
32.7770228457428 44.6582486434689 2
34.1890213468876 44.5039001908016 1
35.0289834396966 45.6493926605269 2
36.4408435474215 45.4943613620149 4
37.2809897693934 46.6393232878607 4
38.6929501536973 46.4829374460991 0
39.5331254686228 47.6278920848186 1
40.9450322530623 47.4718557649698 5
41.7846543892852 48.6174885504355 2
43.1966184017981 48.4629652160014 2
44.0368069770381 49.6082920510876 5
45.4488402007601 49.4533475656355 1
46.289810386363 50.5979931393855 1
47.7017184968519 50.4424107755172 1
48.5420869853763 51.5874760649903 1
49.953663065836 51.4321275436295 5
50.7938458361622 52.5775055438529 0
52.2055002756042 52.422176388479 0
53.0467569773577 53.566890636887 0
54.4587408515611 53.4117157856352 3
55.2998992299521 54.5564878658464 2
56.7118984234728 54.4020638132335 1
57.5520125627482 55.547496365609 5
58.9638491094522 55.3926655363613 0
59.8039407042473 56.5377296341997 4
61.2158790372465 56.3814477744623 0
62.0562028121583 57.5262957271726 3
63.4681415749479 57.3701343109125 5
64.3078318736686 58.5156764344457 5
65.7198063506082 58.3610957888229 2
66.5597364956777 59.506606490121 5
67.9717762350418 59.3517691430323 2
68.8126592190756 60.4964212741629 1
70.224616902809 60.3407307436292 1
71.0649912335949 61.4857284928785 1
72.4766066920232 61.3302750261843 5
73.316671708745 62.4757134221691 0
74.728285710483 62.3204637613401 0
75.5694424520115 63.4652630766152 0
76.9813845409759 63.3100893815909 3
77.822709336511 64.4547610033762 4
79.2347013858106 64.3002329717572 2
80.0750052831737 65.4455693811256 5
81.4868287980544 65.2908910173402 3
82.3269032361032 66.4360410558737 0
83.7388081181031 66.2799116041327 0
84.5792536224933 67.4246895468084 3
85.9912192889863 67.2684506178621 4
86.831044037369 68.4138655647887 5
88.2430305418582 68.259195798772 2
89.0827864282073 69.4048343630138 2
90.4948315365611 69.2501174941347 2
91.3355656415962 70.3948390613563 1
92.7475585057179 70.2390797795788 1
93.5879216173576 71.3840190264864 1
94.9996001360956 71.2284186126314 5
95.8395760501273 72.3738810153595 4
97.2511667686922 72.2186604207359 4
98.0921503842792 73.3635886774321 0
99.5040526206034 73.2084466421086 3
100.345479693061 74.3530562563272 4
101.75746015947 74.1984105448107 5
102.597972629061 75.3436267056185 1
104.009787886945 75.189039283744 3
104.849869554137 76.3342612386544 0
106.261729079992 76.1783242965433 0
107.10225059168 77.3230817031189 0
108.514234500068 77.1668132170484 0
64.341993719189 0.348581647434684 5
65.7539959567115 0.19379693152611 2
66.5936729885726 1.33949688796534 2
68.0057217255629 1.18489905683585 2
68.8462426812533 2.3297624693091 2
70.2582567064603 2.17397977507025 5
71.0986148696967 3.3188608926637 1
72.5103711751733 3.16308435148945 5
73.3502805272241 4.30853951225596 4
74.7618655191588 4.15328660988258 4
75.6026082135295 5.29838260254414 0
77.0144722064165 5.14329476849594 3
77.8559405123436 6.28787613934928 3
79.2679089857299 6.13310558728034 5
80.108621615394 7.27819589905587 1
81.5204256247233 7.12362859949732 3
82.3605163238117 8.26891637808621 0
83.7723210999242 8.11319597463568 0
84.6128714283895 9.25798046970364 0
86.0248609603987 9.10173421027346 0
86.8650834733115 10.2468569908152 5
88.277103853735 10.0919529706515 2
89.1167837273559 11.2376536026145 2
90.5288329657297 11.0831817701903 2
91.3691118694655 12.2282327540233 2
92.7811348995376 12.0724991684315 5
93.6215104638897 13.2173137446174 1
95.0333453197099 13.0613716124389 1
95.873217204971 14.2067856159013 5
97.2848135716075 14.0514643485938 3
98.1252922482513 15.1967322732654 0
9.51262411185145 15.0417359926382 3
10.3540983785007 16.1863021258355 3
11.7660578152596 16.0314343064176 5
12.6069764153346 17.1763820836615 2
14.0187648058874 17.0217773806973 1
14.8589012750943 18.1670891518367 3
16.2706499022609 18.0115704818379 0
17.1112227770053 19.1563929413554 0
18.5232023604781 19.0001977142328 0
19.3636729955368 20.1451663850023 4
20.775713200155 19.9901165558543 2
21.6154716171718 21.1357576885795 2
23.0275163685134 20.9813714179488 2
23.867568962701 22.1266169537765 2
25.2795896658829 21.9709662062714 5
26.1199929941484 23.1157194688028 1
27.5318924472946 22.9596250426544 1
28.3717405241647 24.1049841599472 5
29.7833663867047 23.9495522919712 2
30.6235866768026 25.0949784092646 4
32.0353904575283 24.9400859211395 3
32.8768112305662 26.0846728747607 3
34.2887682764812 25.9297289376024 1
35.1298359012707 27.07456737424 5
36.5416085060423 26.9198728269077 1
37.3817928149492 28.0651908431862 3
38.7934882444936 27.9098415396701 0
39.6340480015454 29.0547331512089 0
41.0459965326941 28.8986367456123 0
41.8866974418425 30.0434794015884 4
43.2987552526228 29.8883046734309 2
44.1386563061659 31.0338396576584 2
45.5506935903606 30.8795267831943 2
46.3905724310588 32.0249392906084 2
47.8025825034436 31.8694285045756 4
48.6430017925385 33.014142571308 1
50.0549458555669 32.8579368937811 1
50.8948014526551 34.0032205143785 5
52.3064711191776 33.8476503289574 2
53.1464689309207 34.9931975400469 4
54.5582638498702 34.8384116830883 3
55.3995636498556 35.983063908604 3
56.8115243684437 35.828080649914 1
57.6526838469337 36.9728423477234 5
59.0644524186577 36.8180191754246 1
59.9047052741481 37.9633111665381 3
61.3163567092757 37.8080828091571 0
62.1568771637618 38.9530620969041 0
63.5687726135722 38.7970925368437 0
64.4096618715411 39.9418469634431 0
65.8217289445183 39.786563488547 2
66.6618335808751 40.9319531710811 2
68.0738624468075 40.7776740609049 2
68.9136396653641 41.9232044141128 2
70.3256314893592 41.7678625141635 4
71.16601746989 42.9125906994892 5
72.5779875985451 42.7563051149582 1
73.4178830408365 43.901500614399 1
74.8296078702926 43.7457659233871 2
75.669427341283 44.8913942113468 2
77.0812321424407 44.7366882475823 5
77.9223227120296 45.8814696285162 3
79.3342917989229 45.7264812483183 1
80.175495457665 46.8711914868488 5
81.587281690781 46.7162122591672 1
82.4276203537611 47.8614503883326 1
83.839240681304 47.7062925197517 0
84.6796933498427 48.8513738130613 0
86.0915208688748 48.6955419869125 0
86.9325412119106 49.8402507720369 0
88.3446049847297 49.6848794346271 4
89.1849596210994 50.8301002168025 2
90.5969858931604 50.6758102751166 5
91.4367468002293 51.8213958175859 2
92.8487145739846 51.6662374746714 4
93.6890139304211 52.8110374295723 5
95.1009953284435 52.6547058789725 3
95.9409671386412 53.7998013899666 1
97.3527536342269 53.6438893370078 1
98.1924537261898 54.7895511425686 2
99.6042833404064 54.6348805196269 2
100.445088102888 55.7798483987333 3
101.857067202401 55.6248908185641 1
102.698284534498 56.7695593494961 1
104.110109366725 56.61442380895 1
104.950540714891 57.7595874751734 1
106.362141817031 57.6044579654331 3
107.202496824426 58.7496486745016 0
108.614251889082 58.5939556007842 0
109.455346576659 59.7386574682666 0
110.867392566366 59.5832260328118 4
111.708021051468 60.7282726579645 2
113.120053096186 60.5739328874063 5
113.959871851181 61.7195188074475 2
115.37181066801 61.5645482186738 4
116.211988390376 62.7094634901917 4
117.623967822775 62.5531300769687 3
118.464043493197 63.6981193273733 1
119.875887912787 63.5420362707856 1
120.715525663249 64.6876870021401 2
122.127384942904 64.5330013414356 2
122.967867437633 65.6781829500806 3
124.379855528802 65.5232921331255 1
125.221057926145 66.667925339779 1
126.632931490033 66.5126539036752 1
127.473454544756 67.6577263301012 1
128.885048123721 67.5025839114303 1
39.7008062506293 68.6478648165841 0
41.1124910384148 68.4923040318969 0
41.953619067279 69.6370208874173 0
43.365631429555 69.4815689194314 0
44.206545677659 70.626435418736 2
45.6185904315955 70.4720724306751 2
46.4585266359777 71.617617946211 2
47.8704370764196 71.4628655663524 4
48.7104707144143 72.6079343388296 4
50.1224320740827 72.4516601278163 0
50.9625799362424 73.5965811670258 1
52.3744732690835 73.4403332031658 1
53.2141000967677 74.5859362431955 2
54.6259852210269 74.4311769495869 2
55.466158004757 75.5765637824128 5
56.878155516355 75.421764801901 1
57.7193039124647 76.5663842782887 1
59.1312291154923 76.411006632587 1
59.971817445588 77.5559953036226 1
61.3834235190705 77.4008006914299 3
17.2113401739551 0.582647620164088 0
18.6229676274536 0.427203027190303 0
19.4640596266755 1.57198370546493 0
20.8760257249281 1.41653512317833 0
21.7171634149849 2.56128060747835 4
23.1292097730227 2.40677429977625 2
23.9693176190345 3.55222757864782 5
25.3812090796036 3.39760288095191 4
26.2211883922693 4.54276589855868 4
27.6331300414519 4.38659718578897 0
28.4734310070447 5.53140028096356 3
29.8853570032835 5.3750676267395 3
30.7250389268886 6.52057870333864 1
32.1369423493519 6.36572916458973 2
32.9768554055895 7.51128389433779 2
34.3888623563491 7.35660200798179 1
35.2298956314169 8.50125240636656 1
36.6418658865318 8.34580681866304 1
37.4824824382931 9.49072512489044 1
38.8941237067271 9.33542929878669 5
39.7342260682231 10.4808054797563 0
41.1458100341871 10.3254397503176 0
41.9868129003615 11.4703091779908 0
43.3987258067346 11.3149066774233 0
44.2400337078887 12.4595597894751 4
45.6520755003335 12.3049543850132 2
46.492392787105 13.4502872904391 5
47.9042757944033 13.2957869893342 3
48.7442222221337 14.4410441371771 4
50.1561304917116 14.2850392036563 0
50.996498041748 15.4298047541527 3
52.4084499861203 15.2734066826964 3
53.2482357792228 16.418802691012 1
54.6601593853031 16.2638123139862 2
55.4998902592012 17.409480839556 2
56.9119096516836 17.2549037013217 1
57.7527512957072 18.3996535437894 1
59.1647567551822 18.2441673743733 1
60.0053678902418 19.389029783679 1
61.4170683036758 19.2335796236076 5
62.2571288673713 20.3789523544907 3
63.6686867260026 20.2236125451833 0
64.509530216216 21.3686101990308 0
65.9213915688395 21.2132830205003 0
66.7628048203272 22.3578845243426 4
68.1748341072826 22.2031790328469 2
69.0153852401141 23.3483694489717 1
70.4272680214714 23.1939405905821 3
71.2672283337066 24.3392636627626 4
72.6790957308502 24.1834711584885 0
73.5194877286327 25.3282462080516 0
74.9314559920673 25.1718265217236 0
75.7713936520542 26.3170884193221 1
77.1833409262932 26.1619381653434 2
78.0229828000689 27.3076541374055 2
79.4350147179635 27.1531696583518 2
80.2756000568577 28.2980858095967 1
81.6876283071317 28.1426003152798 5
82.528227150167 29.2874075685711 1
83.9400021814971 29.1317763330285 5
84.7800400832452 30.2771148006036 3
86.1915888618163 30.121752248161 4
87.0322182938178 31.2669049526239 0
88.4440309804013 31.1116755252411 0
89.2854962902912 32.2562541655893 0
90.6975075464652 32.1014562173038 5
91.5382990382264 33.2464938274274 2
92.9501816596005 33.0920776544088 1
93.7901933390844 34.2374377697477 4
95.2020163798993 34.0818831697575 0
96.0424104878279 35.2267001811654 0
97.4543841628974 35.0703028355788 0
98.2945162429623 36.2154183415456 5
99.7064889533007 36.060103613666 2
100.546126909193 37.2058046525815 2
101.958168035769 37.0513905649911 2
102.798475884037 38.1965089468578 1
104.21051476473 38.0410684538234 5
105.051108730043 39.1858170437262 1
106.462959169171 39.0300018933238 1
107.30298439791 40.1752837553165 5
108.714540726404 40.0198507191348 4
109.554935742322 41.1651588636502 0
110.966702542374 41.0100339899412 0
111.808165423606 42.1546178985763 0
113.220155328593 41.9997386523251 5
114.061164241401 43.144634280612 2
25.4485428893876 42.9901726828916 1
26.2886321028928 44.1355416949993 3
27.7004119047179 43.9802170195551 0
28.5407959313499 45.1250992282591 0
29.9527602332301 44.9687743961416 0
30.7931092387299 46.1137462767896 3
32.2051075259409 45.9582825182096 2
33.0448137699805 47.1039153976004 2
34.4568580274 46.9495546485819 2
35.296913767447 48.094873516229 1
36.7089530191319 47.9395284312918 2
37.5495433612513 49.0842251042002 1
38.9614553972937 48.9282579947413 1
39.8014696625146 50.0734734874741 5
41.2130540800516 49.9179372737681 2
42.0532294876717 51.0633772565646 0
43.4649599505944 50.9083598395377 0
44.3063585220034 52.0529852972293 0
45.7183289483731 51.8980515241157 1
46.5595042495486 53.0428350659707 2
47.9713669427122 52.8882823422117 1
48.8115564096315 54.0336288396484 3
50.2232976036938 53.8784995686057 0
51.0636618635304 55.0234633925772 0
52.4755982352143 54.8672597975721 0
53.3161531409606 56.0121124896184 3
54.7281740988878 55.8565272004048 2
55.5680148017152 57.0020468007152 2
56.9800585640402 56.8477181245189 2
57.8199204958363 57.9932067612456 2
59.2319534742327 57.8379983294199 2
60.0725083371036 58.9826827768108 5
61.4844628861928 58.8266010209696 1
62.3244715146361 59.9717483167862 5
63.7361048469957 59.8160755635292 2
64.5760913473692 60.9616139378652 4
65.9878018738928 60.8066788383943 4
66.8290625171148 61.9513941049952 0
68.2410178902558 61.7964269778336 1
69.0822970296322 62.9411352232761 5
70.4941499503557 62.7864442917124 1
71.3344610343802 63.9317359982469 1
72.7461694156783 63.776733065469 0
73.5865087149669 64.9217838087778 0
74.9983973933705 64.7657247998323 0
75.8391227152259 65.9104953468972 0
77.2511590225287 65.7548123285967 4
78.0911991986298 66.9001803625049 2
79.5032425699029 66.7458430785591 2
80.34300045427 67.8914406247703 2
81.7550235684004 67.7363908539978 2
82.5954943884446 68.8811204798694 5
84.0074753249378 68.724963175925 1
84.8475058336626 69.8700337394959 1
86.2592058898214 69.7142054217789 2
87.0990462238755 70.8598008361522 4
88.5107574201017 70.7049116837328 4
89.3518003847759 71.8497710837732 0
90.7637455735488 71.6948077610369 1
91.6050794784246 72.8394660582713 5
93.0169357242661 72.6846247888526 1
93.8573819740104 73.8298366914115 1
95.2690638413408 73.6748994608903 3
96.109367072072 74.8200389187143 0
97.5211921164117 74.6641396903732 0
98.3620341208954 75.808874144751 0
99.7740739071188 75.6531290493098 4
100.6143596477 76.7983281135087 2
102.026405130572 76.6439405817655 5
102.866142764049 77.7895850570455 2
104.278151782414 77.6347045442357 2
60.1062323994545 0.81604389451058 2
61.5182254507021 0.65985849439275 1
62.3583042188801 1.80484920454154 1
63.7700787251525 1.64885894291545 1
64.6098160817329 2.79447248909927 2
66.0215458589985 2.63958087991192 2
66.8622999154401 3.78463278349019 3
68.2742379063913 3.62970872882149 1
69.1155900157727 4.77433170340252 1
70.5274653139256 4.61934580299722 1
71.3680468307078 5.76446295763534 1
72.7797067793556 5.60953307499869 3
73.6199571231989 6.75475847773771 0
75.0317105797847 6.59901205558257 0
75.8726100720865 7.74375456107618 0
77.2846369605042 7.58797738666052 0
78.1251855337906 8.73301138465208 2
79.5372380915569 8.57853479639517 2
80.3770205260325 9.7241745456167 2
81.7890101732412 9.56946043949662 2
82.6291614745375 10.7144588716703 2
84.0411538802153 10.5583036826464 3
84.8813002056435 11.7032152676793 1
86.2931438158277 11.5470799473195 1
87.132820090648 12.6926766588862 2
88.5445794651055 12.5377455710618 2
89.3850184709408 13.6830036280376 4
90.7969529823664 13.5281702902848 1
91.638289824575 14.6727695830452 1
93.0501954223618 14.5176792819486 1
93.8909070716399 15.662689348458 1
95.3025526386128 15.5077335772665 3
96.1427574815514 16.653019078488 0
97.5544403004162 16.4974229473833 0
98.3953632937309 17.6421953803172 0
99.8073592989571 17.4864335163955 0
100.648185995626 18.6313029102984 4
12.0357532239663 18.4767244354428 2
12.8756628798509 19.6222949176387 2
14.2876318042189 19.4677279359466 2
15.1276363582792 20.6128756965291 2
16.5396168208136 20.4567945491384 3
17.3798556226455 21.6016185409079 1
18.791752533239 21.4453481772937 1
19.6314229773389 22.5908850876142 2
21.0432131051769 22.4358516582995 2
21.883359038462 23.5812918330868 4
23.2952950138387 23.4265576646293 1
24.1365688530283 24.5711601161202 1
25.5485093650164 24.415982769425 1
26.3893125399751 25.5609024011471 1
27.8009603075502 25.405871164691 1
28.6411319134714 26.5511907969125 0
30.0527549831805 26.3957117511221 0
30.8936516812846 27.540547576538 0
32.3055983918094 27.3848350672149 0
33.1466564431673 28.5295807743339 4
34.5587282406545 28.374894125643 2
35.3988110855348 29.5203609374362 5
36.8107626306723 29.3659153291053 2
37.6506566168287 30.5111985912473 2
39.0626135911702 30.3552466141442 0
39.9029178535895 31.5000147415387 1
41.3148510342998 31.343647478735 1
42.1545597850874 32.4890984249756 1
43.5663801638352 32.3339290511375 2
44.4062814642876 33.4795120239599 2
45.8182282503622 33.3248919351957 1
46.6593709032338 34.4695473377861 1
48.0713463949349 34.3143236417365 1
48.9122003403049 35.459170924641 1
50.3238758903691 35.3040255823345 1
51.1640393959233 36.4493445806301 3
52.5756193475009 36.2939484286941 0
53.4164423826866 37.4388746263415 0
54.8283278281197 37.2832500649604 0
55.6695537080211 38.427916099107 4
57.0816232170327 38.2731303458651 2
57.9219264155641 39.4184580125149 2
59.333869984368 39.2640967345757 5
60.1737159514698 40.4094778040563 2
61.5856404151298 40.2537009737342 0
62.4259640381284 41.398460291779 3
63.8379197917618 41.2420277736516 3
64.6777138375302 42.3873692474725 1
66.0895663535914 42.2320260398114 5
66.9292912120221 43.377700742533 2
68.3412566643622 43.2231755279245 5
69.1821808528311 44.3679547853443 1
70.5941865334626 44.2127147227175 1
71.4350510311852 45.3575063686471 1
72.8467789618452 45.202202251583 1
73.6869495549022 46.3474932466744 3
75.0985034797792 46.1921349206528 0
75.939189111719 47.3371862631049 0
77.3510127895876 47.1816692227844 0
78.1923454262637 48.3262945593939 0
79.6044023084153 48.1714206930764 2
80.4449569829073 49.3165887961999 2
81.8569031884343 49.1622633239103 5
82.6967686747478 50.3076978766228 2
84.1086552039235 50.1521324181939 0
84.9489553176067 51.29693026483 3
86.3609222486095 51.140469083816 3
87.2008467398504 52.2856815557985 1
88.6127335607672 52.1301472022421 5
89.4523657127305 53.2758527716205 2
90.8643522730977 53.1213911085403 5
91.7049926101103 54.2663537820513 1
93.1170209154522 54.111131830476 5
93.9578748377789 55.2558717178986 1
95.3696709391916 55.1003854355941 1
96.2098626247478 56.245621732373 1
97.6214071577849 56.090258145285 4
98.4619109843004 57.235452463925 0
99.8736764499693 57.0800543427219 0
100.715063678491 58.2246685326925 0
102.127098817347 58.0697210268398 4
102.967911893133 59.2147271264387 2
104.379864193533 59.0603924488975 1
105.219801555627 60.2058427643456 4
106.631649807943 60.0505113479334 0
107.471906590785 61.1953800159428 0
108.883873429817 61.0389382430459 0
109.723963881312 62.1840117455924 1
111.135883602457 62.0282953812073 5
111.975497631496 63.1739779542618 2
113.387500949831 63.0195459137947 2
114.227835981775 64.164721378536 1
115.639877170421 64.0095575342941 2
116.480709657122 65.1542477770893 1
117.892575267352 64.998588999339 1
118.732785583587 66.1437559337596 1
120.144337064718 65.9883458216052 4
120.984648645975 67.1336736781495 0
122.396360305613 66.9783943453243 0
123.237745623271 68.1230271924604 0
124.649750381597 67.9680232387212 3
125.490802519012 69.1128790730784 2
126.902754947491 68.9584887442687 1
127.742810587174 70.1039140943421 5
129.154624589314 69.948807803948 0
129.994849559724 71.0937540378034 0
41.3823049947354 70.9373802214474 3
42.2225951025245 72.0823036540433 2
43.6345429514963 71.9264312655102 5
44.4742346088667 73.0720082760561 2
45.8862547749752 72.9176944193383 2
46.7262974784349 74.0631004487898 5
48.1383313036926 73.9080650343066 2
48.9790201788102 75.0528032339459 1
50.3909524548153 74.8969581618489 1
51.2311703473093 76.0420534855989 1
52.6427517082946 75.8865360129546 2
53.4828962674217 77.0319641259949 0
54.8945650794266 76.8767806328775 0
10.723636676376 0.0579682413389075 0
57.1478579025281 77.8664297252895 1
12.9768480226018 1.04766761519958 2
14.3887939500994 0.893184955914344 2
15.2289964570182 2.03855606287955 5
16.6407869887508 1.88364782019025 0
17.4809815188344 3.0286877358542 0
18.892908885601 2.87244760924408 0
19.7333590368517 4.01727700136058 3
21.1453369095201 3.86129389458118 4
21.9851251656828 5.00678785864844 5
23.3971433225798 4.85233319985929 2
24.2369938242608 5.99787547559817 5
25.6490406772861 5.8429355002103 2
26.4897508180053 6.98760683123479 5
27.9017173355984 6.83170290734403 1
28.741920725102 7.97673651208884 1
30.1535525733505 7.82111346381313 2
30.9935470906296 8.96661319501172 4
32.4051866918034 8.81150640159197 4
33.2463597139182 9.95630184373613 0
34.6583009034237 9.80125830577729 3
35.4996579202534 10.9459202298271 5
36.9115925885604 10.7913185596513 2
37.7519637006281 11.9366052839637 1
39.1637351650474 11.7818305036098 3
40.0039166775061 12.9269544911512 0
41.4158008332112 12.77087805439 0
42.2563826897756 13.915644988233 0
43.6683810548629 13.7595927638257 4
44.5083468980807 14.9049430336738 5
45.9203727786053 14.7504281570189 2
46.7601024445701 15.8960764508041 5
48.1721474822954 15.7412768279361 2
49.0127109951717 16.8860332022776 5
50.4247041561433 16.7300671026979 1
51.2649028366206 17.8750407670013 1
52.6766063075722 17.7192620570062 2
53.5164876965752 18.8647946228671 4
54.9281179547671 18.7097025127734 4
55.7690701756291 19.854651781029 0
57.1809830210284 19.6996285080321 3
58.0224026171274 20.8442438742728 5
59.4343298549392 20.6895072461586 5
60.2748796295438 21.8346883413847 1
61.6866337086918 21.6799735410245 3
62.5268085813864 22.8251736496699 0
63.9386362230213 22.6692814137186 0
64.7793022829981 23.8140323396239 0
66.1913107492105 23.6579535184497 4
67.0315003489314 24.8031456208204 2
68.443536359229 24.6485382134459 2
69.2832372693644 25.7942253491062 2
70.6952773388648 25.6395693228617 2
71.5356427322872 26.7844747654293 2
72.9476493947364 26.6285034499144 1
73.7878676781223 27.7734118119733 1
75.1996511188682 27.6174695447859 1
76.0394548570657 28.762998108052 2
77.4510942066869 28.6078702193293 4
78.2917698499249 29.7530053299859 0
79.7036569941226 29.59803916483 3
80.5450985068037 30.7426257195036 3
81.9570261113574 30.5877637497261 5
82.797755383254 31.7328242305946 1
84.2094900695148 31.5781076827543 3
85.0496611827591 32.7233687880984 0
86.4614244026071 32.5676652960094 0
87.3021348185815 33.7124351028596 0
88.7141384311279 33.5563718895487 0
89.5545826437765 34.7014029519552 4
90.9666325082362 34.5466805920733 2
91.8063825721628 35.6923444568998 2
93.2184140776755 35.5378231786932 2
94.0585696710641 36.6829079200318 2
95.470578651304 36.5269897267251 5
96.3108441134569 37.6718252314944 1
97.7227013246545 37.5157278758401 1
98.5624631134354 38.6612191192723 2
99.9741273728174 38.5060098317451 2
100.814515486739 39.6513286167612 0
102.226382802819 39.4964503609563 3
103.067805989448 40.641025952799 3
104.479742146143 40.4860612997697 1
105.320630632743 41.6310026786231 1
106.732346646413 41.4762285376424 1
107.572521467862 42.6215268315805 0
108.984220159391 42.4659882111669 0
109.824939986721 43.6108038582519 0
111.236919174274 43.4547937048234 0
112.077619503142 44.5996781738356 4
113.489684650008 44.4448311124443 2
114.329548482946 45.5904208258561 2
115.741567788139 45.4360127189636 2
116.581538989888 46.5812727994056 2
27.9690425734451 46.4254608017311 4
28.8093637723553 47.5702294074648 1
30.2212764841012 47.4140048191791 1
31.061030405395 48.5594328694621 2
32.4727297066732 48.4041058060007 2
33.3128528477568 49.5495817461974 4
34.7247114005946 49.3948138156872 3
35.5660629787567 50.5394104463973 3
36.9780148178146 50.384377887134 1
37.8190157587254 51.5292237601322 5
39.2307245763145 51.3743526268608 1
40.0709201138566 52.5196577355503 3
41.4825626524185 52.3642516496073 0
42.3232571407643 53.5091375509202 0
43.7351903709629 53.353221662606 0
44.576114099712 54.497992093516 4
45.9881903585754 54.3430318464439 2
46.8282291978323 55.4885030772237 2
48.240235024115 55.33418155493 2
49.0800748708629 56.4795859700893 2
50.4920565455041 56.323928653412 4
51.3324040495535 57.46866507869 1
52.7443526111155 57.312348397923 1
53.5841359935552 58.457692676852 2
54.9958770345992 58.3022158547118 2
55.8357749511338 59.4478126092253 4
57.2476400448104 59.2931552805267 5
58.0888383110341 60.4378320788088 3
59.500809675667 60.2827684671304 1
60.3418685857362 61.4275497497199 5
61.7535929572134 61.2725427804256 1
62.5938267473147 62.4178268858424 3
64.0054281757787 62.262507978588 0
64.8460572104823 63.4074902493547 0
66.2579264424668 63.2516861569854 0
67.0990137412993 64.3963867860937 0
68.5110899270863 64.2413189172862 2
69.351355297241 65.3866377078144 2
70.7633528763764 65.2323516897253 5
71.6031365704374 66.3778489180514 2
73.0150907316772 66.2223662790796 4
73.855414327059 67.367121412951 3
75.2673825348895 67.2107355093151 3
76.1072398925281 68.3559742469044 1
77.5190287579763 68.2003141819943 2
78.3587670302771 69.3459791982728 2
79.7706535065543 69.1914011480194 5
80.6116164965213 70.3362209493341 3
82.0236085845211 70.1811599997024 1
82.8646933476932 71.3258883284258 1
84.2764591660842 71.1707204176752 1
85.1167516425572 72.3159529678632 1
86.5283285450273 72.1606853388705 0
87.3688507176487 73.3057840913128 0
88.780650628076 73.1501069778378 0
89.6218451771189 74.294774998032 0
91.0339090821312 74.1396258118564 4
91.8744361955723 75.2847748054208 2
93.2864359897624 75.1304877538786 5
94.1262427021176 76.2760225090114 2
95.5381635870654 76.1207399034351 4
96.3784157096538 77.2655654297028 4
97.7903901590687 77.1091496711281 3
53.6181086584345 0.290769691316425 1
55.0299469335753 0.134920560227373 5
55.8695905305392 1.28060548517138 2
57.2815046779784 1.12606490722599 2
58.1221638199107 2.2710845286964 1
59.5341737168304 2.11606251358984 1
60.3752523215146 3.26074753093975 1
61.7870753174796 3.10541603562809 1
62.6274279282005 4.25057967215569 1
64.0389945960277 4.09532369934212 3
64.8793740558377 5.24054879266875 0
66.2911065728504 5.0850017211891 0
67.1323532407806 6.2296713018455 0
68.5443924174545 6.0744621996834 4
69.385189155204 7.21944388459876 2
70.7971968100101 7.06511550286198 1
71.6370866748039 8.21064378223384 2
73.0489734201734 8.05556725547935 4
73.8891316891517 9.20049704549001 4
75.3010997847087 9.04409567450784 0
76.1411979460164 10.1890973882736 1
77.553079367007 10.0330714238972 5
78.3926859274577 11.1787335152769 2
79.8046231846112 11.0241826730123 2
80.6449536955786 12.1694261552786 5
82.0569753073539 12.0144808754355 1
82.8980161648673 13.1591345366361 1
84.3098994785227 13.0036663507739 1
85.150300280618 14.1487537492057 1
86.5618723568777 13.9934775046413 3
87.4021081741427 15.1388108244743 0
88.8137800279854 14.9833977718627 0
89.6550236319457 16.1281001240752 0
91.0670258187099 15.9728697119503 4
91.9080776755892 17.1176962977501 2
93.3200910345473 16.9633073931235 1
94.1601227053859 18.1087821735499 5
95.5719818774942 17.9539148373616 4
96.4120708202271 19.09894783943 4
97.82402161214 18.9426267017257 0
98.6642730273497 20.0875070512617 3
100.076190458577 19.931342676924 5
100.915838309896 21.0769260637923 5
12.3032939150092 20.9223251501254 2
13.1433424859077 22.0677619715267 5
14.5553726286191 21.9129150308576 1
15.3963517926617 23.0575518450661 1
16.8082897683486 22.901966061905 1
17.6487228066613 24.0469741651761 1
19.0603213786034 23.8916173311735 5
19.900441805307 25.0370189885123 0
21.3120645600147 24.8817005149181 0
22.1532438060163 26.0264696617596 0
23.5652015347504 25.8712318964942 0
24.4064524580415 27.0159401579815 4
25.8184631173842 26.8614554205172 2
26.6586714204804 28.0068458421808 5
28.0705139819214 27.8521476740649 3
28.9105605898682 28.997279856477 4
30.3224833080403 28.8410882958616 0
31.1628594234412 29.9858859727322 3
32.5748069645436 29.8296239550288 3
33.4145495804587 30.9750999830981 5
34.8265142720956 30.8204117538717 2
35.6663410561569 31.966004371307 5
37.078378720345 31.8112718258586 2
37.9192313136677 32.955951527944 1
39.3312118670266 32.8002857827752 1
40.1716416040685 33.9452325832472 1
41.58329137308 33.7897498445691 5
42.4233215738486 34.9351858279615 0
43.8349114362317 34.7799237049901 0
44.6759565345677 35.9248009263336 0
46.087870246051 35.7695926509573 3
46.9292559026685 36.9142227834607 4
48.3412569864047 36.7596312241235 2
49.1816727247148 37.9049066087788 1
50.5935077530508 37.7503295080987 3
51.4335493946751 38.8955419862049 4
52.8454333936513 38.7395305637402 0
53.6858924996985 39.8842931806326 0
55.0978631249052 39.7279840709798 3
55.9377556212972 40.8733273996422 5
57.3497361817069 40.7185242218953 2
58.1894304677662 41.8642112935785 2
59.6014748057456 41.7095951364056 2
60.4421295131967 42.8543912010016 1
61.854138381735 42.6986852396445 1
62.6945537545918 43.8435777611994 1
64.1062747458353 43.6879286657659 5
64.9462365132745 44.8333670866783 4
66.357810566022 44.6781017131061 4
67.1986488708202 45.8231290039835 0
68.6105204518005 45.6679759208982 3
69.4519786400047 46.8125637701151 4
70.8639662908743 46.6578562044364 5
71.7046001076877 47.8029983990488 1
73.1164291654248 47.6484748343723 3
73.9564899810783 48.7937497690038 4
75.368325578101 48.6379513379408 0
76.2088293469033 49.7827213875437 0
77.6208126960947 49.6264078455777 0
78.4609012554995 50.7716035708593 5
79.8729008007568 50.6166646768255 2
80.7125589501824 51.7623764193337 2
82.124607676701 51.607867672222 2
82.9650178793483 52.7528389502378 2
84.377041858937 52.5971429777651 5
85.2174582161905 53.7419750777625 1
86.6292588886084 53.5861450790012 5
87.469177738134 54.731552501461 5
88.8807532601707 54.5762320233507 4
89.7213405646574 55.7214294612811 0
91.1331719694446 55.5663560690703 3
91.9746550386817 56.7109245047117 3
93.3866290978754 56.5561093156697 5
94.2274782642256 57.7011095628957 2
95.6392965502174 57.5465738565894 1
96.4793960422816 58.6918884257719 0
97.8911787304654 58.536310413327 0
98.7317015476598 59.6811184927856 0
100.143684062751 59.5248454476972 0
100.984001813044 60.6698900878823 5
102.396022547398 60.5148099307787 2
103.235720792009 61.6604882937499 2
104.647769939935 61.5060749206947 2
105.487933135513 62.6512449818614 2
106.899960665125 62.4956168574668 5
107.740395641386 63.6403845483692 1
109.152268878698 63.4843887764116 1
109.992161976113 64.6297432314953 5
111.403757040339 64.4743293116631 2
112.244087446428 65.6196891850245 0
113.655884683269 65.4647147339033 3
114.497341861206 66.6092904462719 3
115.909305698723 66.4543883850428 1
116.750336571442 67.5992620457544 2
118.162138787327 67.4446569652364 1
119.002292438528 68.5899845626208 3
120.41402266412 68.4346017786026 0
121.254544511307 69.579470193825 0
122.666507434244 69.4232804588013 0
123.507063302477 70.5681844270972 4
124.919104646888 70.4129680993977 2
125.758916257703 71.5585573001475 2
127.170960711454 71.4042163415556 2
128.010922528593 72.549565900689 2
129.42294301981 72.3940484281002 2
130.263408110865 73.538754017738 1
131.675331876009 73.3826089546831 1
132.515244883966 74.5278692946556 1
43.9023722881407 74.3722964984624 2
44.742536292737 75.5177000241181 4
46.154303559048 75.3631152283531 3
46.9954358202937 76.5079561977943 3
48.4074167323326 76.3528792824259 1
49.2486096029591 77.4976335213676 1
50.6604005045902 77.3428793730411 1
6.48839607565391 0.524676345982169 2
7.90008068369571 0.369432523036612 3
8.74058569872906 1.51437620432085 0
10.1525080332673 1.35830229113346 0
10.9932757728857 2.50309646714623 0
12.4053329620097 2.34776203865356 2
13.2453184747974 3.4932212831947 2
14.6573570457011 3.33892739398974 2
15.4971733720419 4.48442412294421 2
16.9091821329915 4.32906909485961 2
17.7496202954849 5.47377457164588 5
19.1615825485453 5.31755069446698 1
20.0014897182752 6.46275504144967 5
21.4131748233796 6.30706414803323 2
22.2530804454519 7.45265234000146 4
23.6648553366219 7.29787354019699 4
24.506058170932 8.44259574448406 3
25.9180197115925 8.28761848276512 1
26.759243541375 9.43233688124815 5
28.1710368346609 9.27747217031835 1
29.0113532706595 10.4227351798112 1
30.4230012320971 10.2675998705674 0
31.2634493357553 11.4126437773469 0
32.6753105493264 11.2567161837802 0
33.516231092742 12.4014482960315 0
34.9282929238216 12.2460219594224 4
35.7685043610783 13.3913225909594 2
37.1805377294046 13.2370335564404 2
38.0202920645805 14.3826165534602 2
39.432281693092 14.227439048356 4
40.2726437693501 15.3721982930478 5
41.6846241211123 15.2159136888368 1
42.5245820938982 16.3610291558756 1
43.9363300748621 16.2051698300489 2
44.7760888098896 17.3508129728286 2
46.1878802125376 17.1960849418357 2
47.0288270984773 18.3409729110711 3
48.4407938919511 18.1860111458816 1
49.2820448568219 19.330687328007 1
50.6938626331643 19.1756650128596 1
51.5342787173592 20.3208595421135 1
52.9459015788518 20.1657711610955 3
53.7862725762679 21.310920199925 0
55.1980626217991 21.1551369245835 0
56.0390794765771 22.2998484141544 0
57.4511318911404 22.1443529413672 4
58.291605223949 23.2894819489361 2
59.7036406357097 23.1351523853422 5
60.543414136148 24.2807611963151 2
61.9553795219311 24.1257676403974 4
62.795617962106 25.270635292782 5
64.2076028673 25.1143308617624 3
65.0476427357633 26.2593501251731 1
66.4594555574615 26.1033207103753 1
67.2991233288018 27.2489740124032 2
68.7109430886613 27.0942490384625 2
69.5515762889012 28.2393449600546 3
70.9635494920758 28.0844370631412 1
71.8047991389945 29.2290782708327 1
73.2166575938379 29.0739152123564 1
74.0571754637281 30.2190235505962 1
75.4687834299972 30.0639413766964 3
76.3090613151151 31.2091892281235 0
77.7207787734478 31.0535480977553 0
78.5618427467858 32.198271785945 0
79.9738703304683 32.0427415096487 4
80.8146215375025 33.187699208998 2
82.2266656981519 33.033298696703 2
83.0665291344796 34.1788797222848 2
84.4784671915353 34.0240687157409 4
85.3185700608315 35.1690708386892 4
86.7305471947775 35.0127989670321 3
87.5706933576138 36.157716845048 1
88.9825617807031 36.0015350516693 1
89.8221953661285 37.1471543398318 2
91.234044502125 36.992383295206 2
92.0743579348522 38.1376892352289 5
93.4863378813271 37.9828697548586 1
94.327554125512 39.1274871061333 1
95.7394596176871 38.9722114610986 1
96.5800678125482 40.1172263394352 1
97.9916751609294 39.9621089368823 3
98.831871201373 41.1074272816088 0
100.243523008051 40.9519132143689 0
101.084586792029 42.0966776387179 0
102.496573070706 41.9411465031794 0
103.337584962542 43.0859514877991 2
104.749637700747 42.9314593209743 2
105.589649001124 44.0769674539174 2
107.001563482583 43.9223199376213 4
107.841556900692 45.067452939196 4
109.253514592888 44.9112659749005 0
110.093768858831 46.0560930019447 1
111.505678679906 45.8997883126735 1
112.345332921858 47.0453356866552 2
113.757205412679 46.8904714121763 2
114.597233989869 48.0359599652406 5
116.009222465466 47.881247793545 1
116.850355392937 49.0258735464104 1
28.2378099251091 48.8705162218073 1
29.0784740291697 50.0154501449323 1
30.4901024491877 49.8602522275352 1
31.3302393383893 51.0056067784805 0
32.7418393121535 50.8501908446418 0
33.5828498681624 51.9950263274808 0
34.9947829798034 51.8395328092933 0
35.8360000930551 52.9842248379443 4
37.2480537934397 52.8296339858885 2
38.0882596528017 53.9750314328436 5
39.5001603441202 53.8205200836692 4
40.3400904881524 54.9657628964935 4
41.7520191300343 54.8097185748607 0
42.592351494999 55.9544902656956 3
44.0042917407581 55.7981047802472 3
44.8440195793783 56.9435505483028 1
46.255914042341 56.7885568184881 2
47.0957216060387 57.9341822193546 2
48.5077229488241 57.7795834902334 1
49.3486976296532 58.9242789533332 1
50.7606888096207 58.7688773565392 1
51.6013671040711 59.9137497704168 1
53.013042145599 59.75842411402 5
53.8531381029926 60.9037858239593 3
55.2647030173705 60.748425680567 0
56.1055906931452 61.8933724908175 0
57.5174681702841 61.7379519758859 0
58.3588184126234 62.8825794238707 4
59.7708635762831 62.7278889975088 2
60.6112944053739 63.8731511488095 5
62.0231922686494 63.7187270194677 5
62.8631103293777 64.8640514295043 4
64.275001820529 64.7081941729151 0
65.1153641392521 65.8529616591339 3
66.5273245925311 65.6965258229757 3
67.3671746802384 66.8418481635457 1
68.7790934125266 66.6866839733511 2
69.6187643659204 67.8323855739023 2
71.0307805393593 67.6778736631745 5
71.871520324258 68.8227087637707 1
73.2835403671736 68.6672845630564 5
74.1242108249012 69.8121008582876 1
75.5359531853479 69.6565975397703 5
76.3760333481439 70.8019305066091 3
77.7875809695189 70.6465705566472 4
78.6282890929712 71.7916563901696 0
80.0401145431148 71.6363300371409 0
80.8815482953573 72.7809202761238 0
82.2935778377369 72.6261370977774 5
83.1342583784929 73.7712422874625 2
84.5461591168103 73.6168545192665 1
85.3861183540971 74.762223971112 4
86.7979681113584 74.6065982867219 0
87.6383316778949 75.7513989032923 0
89.0503022384223 75.5949628275828 0
89.8903210266515 76.7401445877253 1
91.3022667838163 76.5848085581461 2
92.1418921563842 77.7305210002377 2
93.553921975857 77.5760828938513 2
49.3821325694595 0.757609473572351 1
50.7941698078941 0.602211685335403 5
51.634828531489 1.74697232011463 1
53.0466467654938 1.59128212310773 5
53.8867197242036 2.73656386988572 5
55.2982661673988 2.58116122043398 4
56.1387527747307 3.72640269813267 0
57.5505284181055 3.5711852662553 0
58.39198701958 4.71577041637205 0
59.8039947431229 4.56090581373139 5
60.64491177317 5.70586011303519 2
62.0568116531131 5.55145285793378 1
62.8968425677359 6.69684096966396 4
64.3086504840384 6.54145570546063 0
65.1489984122079 7.68631863131952 0
66.5609668504016 7.52993018802539 0
67.4011852729218 8.67496803226693 3
68.8131580518588 8.51946845823831 2
69.6528092977143 9.66513947047221 2
71.0648469786039 9.51075049543387 2
71.9050244561274 10.6559894816431 1
73.3170674226794 10.5006622994749 2
74.1577125545883 11.6453717752878 1
75.5695993122645 11.4895112121955 1
76.4096600333393 12.6347324259036 5
77.8212230827133 12.4792468109415 2
78.6614829710638 13.6246332339515 0
80.0732138886458 13.4695268599967 0
80.9146334093247 14.6141428928268 0
82.3266166189504 14.4592182417926 3
83.1677289549878 15.6040458538815 2
84.5796197500549 15.4495730873704 1
85.4197492267854 16.5949487966948 3
86.8315193699283 16.4397881411487 0
87.6718480745396 17.5847289618966 0
89.0837981938908 17.4284467979509 0
89.9242273610435 18.5733503182974 3
91.3362261741831 18.4177197569214 2
92.1759806444066 19.5632939152198 2
93.5880208441653 19.408941723669 2
94.4279714615489 20.554364747887 5
95.840012378361 20.3991586618254 2
96.6806375910536 21.5438318257216 5
98.0925759619063 21.3878415551491 1
98.9326343322352 22.5329891403877 5
100.344236809598 22.3773868491019 2
101.184309389732 23.5228758215181 4
102.596009201873 23.3678638675321 0
103.437333495329 24.512543018647 0
14.8247984714781 24.3575756245664 1
15.6660557130364 25.502304035827 2
17.0779341276252 25.3477108828709 1
17.9181921165136 26.4930358136192 1
19.3299299324098 26.3380353375589 0
20.1702394444446 27.4830598946504 0
21.5821521013775 27.3269110018312 0
22.4227649294008 28.4717145708129 0
23.8347843107671 28.3159729359107 4
24.6747029515329 29.4614130045417 2
26.0867439178478 29.3070582299481 2
26.92653947883 30.452622149144 2
28.338573756084 30.2975604568981 2
29.1791264159637 31.4422570544469 5
30.5910986018774 31.2861715155965 1
31.4311579201865 32.4312506798301 5
32.8428204392362 32.2755023661487 2
33.6827337073583 33.4210632188535 4
35.0944212492337 33.2661110941439 4
35.9355655038796 34.4109113114103 0
37.34751036073 34.2559336603546 1
38.1888472636707 35.4006018094653 5
39.6007196720889 35.2458661109945 1
40.4411191234825 36.3911160997803 1
41.8528302338607 36.2362134759532 3
42.6931154020768 37.3813248952302 0
44.1049731781089 37.2253381303142 0
44.9457223968389 38.3700873999963 0
46.3577535485441 38.2142760516741 4
47.1978918943368 39.3595562923489 2
48.6099353364412 39.2051628855273 2
49.4496656760716 40.3508050150643 2
50.8616903452543 40.1959066428894 2
51.7021106488631 41.3406952471769 5
53.1141020027532 41.1845628814604 1
53.9541862513927 42.3295706349552 1
55.365922923336 42.17366472539 2
56.2057148840586 43.3192602538857 4
57.6174101208427 43.1643226737004 4
58.4582944678054 44.3092978591745 0
59.870225872757 44.1543453480205 1
60.7115974595165 45.2989747790129 5
62.123477093153 45.144093497718 5
62.9640221536034 46.2892508776832 1
64.3757098797494 46.1343807986735 3
65.2159588732406 47.279577084842 0
66.6277492460241 47.1237549134677 0
67.4685792236953 48.2684953465213 0
68.8806080310267 48.1126473873711 4
69.7210016799392 49.2577595684057 2
71.133051192565 49.1032851880609 2
71.9727970868998 50.2489426682791 2
73.3848077175311 50.0942062622923 2
74.2250542117504 51.2391396813183 2
75.6370518942103 51.0830116433102 3
76.4771908512929 52.2279411032349 1
77.8890030586057 52.0718761570561 1
78.7287199932479 53.2174653265394 2
80.1404387207464 53.0624913767063 2
80.9810193259447 54.2076672230194 0
82.3929406353361 54.0527771227729 1
83.2343154714781 55.1973778597761 1
84.6462151412434 55.0423694629136 1
85.4869059639791 56.1874185743185 1
86.8985739396761 56.0325299636999 3
87.7387847762271 57.1777942141 0
89.1505040021916 57.0221291761122 0
89.9913718047131 58.1668916363041 0
91.403380821114 58.0110446736746 0
92.2440477407276 59.1559912854202 2
93.6561083081498 59.0014113000489 2
94.4959414351631 60.1470267621855 2
95.9079342395526 59.9924400569348 2
96.7480053417069 61.1375372914817 2
98.1599978038402 60.9814687595222 3
99.0002138374034 62.1263162706652 1
100.41208968587 61.9701106692517 1
101.251774951686 63.1156582587036 2
102.663525168668 62.960604427329 2
103.503804317288 64.1059713542569 4
104.915721197091 63.9511796061712 1
105.757058625315 65.0957708081055 1
107.168986702182 64.9406690380353 1
108.009798259621 66.0856145188755 1
109.421456737532 65.9306670275919 1
110.261640007749 67.0759724296573 0
111.673293624952 66.9204435926176 0
112.514157990143 68.065256101871 0
113.926127763147 67.9094503771069 0
114.767049365263 69.0542555873691 4
116.179121215826 68.8995627845805 2
117.01910227767 70.0450900229011 2
118.431076325612 69.8906284039596 2
119.271006923785 71.0358767282863 2
120.682982313811 70.879917846388 4
121.523273317651 72.024695906119 1
122.935194268714 71.8683767760282 1
123.774898131252 73.0138482839456 2
125.186681242571 72.8586702692213 2
126.026701546347 74.0041905103634 4
127.438623901181 73.84950879711 1
128.279877458816 74.9941215702102 1
129.691839098675 74.8389514830559 1
130.532753905276 75.9837990230697 1
131.944426930454 75.8287246690792 1
132.784688285742 76.9739886960586 3
134.196337 76.818406 3
