x           y           stackinginfo
0.0 0.0 0
1.2301 0.710199 0
40.5933411652024 2.13031187361356 2
2.46026318771581 2.84064410461823 1
2.46025209086666 4.26109491163612 2
3.69029703933721 4.97174866275477 5
3.69065621417935 6.39203084617389 2
4.92093748304802 7.10191998929697 1
44.2838201318888 8.52243654783401 1
6.1503756700773 9.23262671343665 4
6.15038988216766 10.6531728067213 2
7.3807241060212 11.3630168366595 1
7.3809324165601 12.7835199763781 2
8.61095705999018 13.4937073276172 0
47.9736942156177 14.9142239101869 3
9.8404670431492 15.6244608671405 3
49.2039022084038 17.0446726268473 2
11.0708736063277 17.7551491142822 1
11.0707915226741 19.1755769438772 3
12.3008879714603 19.886164122235 4
51.6639287725989 21.3062483891673 1
13.5308121578981 22.0163320970007 1
52.8937620889643 23.4368067333253 1
14.7605402277738 24.1471037059623 2
14.7608792101646 25.5675683449855 2
15.9912584917688 26.2773190555642 2
15.9909763361712 27.6978616981405 2
17.2209099467817 28.4077997148512 0
56.5838253023767 29.828341314557 1
18.4508757062417 30.5381779118929 1
18.451321240782 31.9585990653642 1
19.6815415136131 32.6690022749472 0
2.46041751103462 8.11678760181628e-05 1
3.69073400015351 0.709890514200431 1
3.69037064372265 2.13044913314716 1
4.92015295966594 2.8405530619325 4
4.92012072053403 4.26108719026492 2
6.15046622776742 4.97091933406944 1
6.15086058864716 6.39141981650603 4
7.38090641704438 7.10179862925769 0
7.38058808478009 8.52228852403237 0
8.61058962891388 9.23261600844158 3
8.61078214767639 10.6527726797642 1
9.84093447572863 11.3632357948704 1
9.84089223594718 12.7836668653846 0
11.0709533286084 13.4943198860818 4
11.0709320934036 14.9144639653656 2
12.3010420146748 15.6244733008341 1
12.3007324521439 17.0449969832872 5
13.5306082908779 17.7552368191229 2
13.530849216521 19.1757316639475 5
14.7612043111126 19.8855126988903 2
14.7609732820305 21.3060619938991 3
15.9909463943857 22.01604146073 0
15.9905740006104 23.4365398372538 4
17.2207418353366 24.1464732510464 1
17.2211015047527 25.5668085805269 2
18.451283177497 26.2772933526473 3
18.4511599981231 27.6977463962514 0
19.6813705794166 28.408095811106 4
19.6812913704802 29.8281796545554 1
20.9114117415986 30.5383600649549 1
20.9113398741368 31.9588449264179 1
22.1414706877068 32.6692508717311 1
4.92056228075467 -0.000646596668408157 4
6.15063487851659 0.70987088232587 0
6.15042832488523 2.13032285792991 0
7.3805102537923 2.84065553782236 3
7.38062406144197 4.26077197611831 1
8.61073459147813 4.97119585539194 1
8.61073780563886 6.39165962451874 3
9.84079265919548 7.10230008697653 5
9.84101199375051 8.52253774814664 2
11.071180359312 9.23247022381717 1
11.070849341448 10.6530335691702 5
12.3006340249852 11.3632538458302 2
12.3008222396494 12.7837556317659 2
13.5311641465628 13.493603551651 2
13.5311311588585 14.9141573353532 3
14.7611213097874 15.6243021833275 0
14.7607408377439 17.0447635531668 0
15.9908255120607 17.7548726822135 1
15.9910933623635 19.1751379545611 2
17.2212738293045 19.8856346233661 3
17.2211478683738 21.3060532985592 0
18.4513726082741 22.0164246373378 4
18.4512013984702 23.4365090182925 5
19.6812704904769 24.1466049403649 1
19.6810797187239 25.5671263893554 1
20.911163950822 26.2774042395165 1
20.9115997682341 27.6978347809683 2
22.1419737750118 28.4075456816322 5
22.1415576818988 29.8281238146715 3
23.3714314314392 30.5381008371805 0
23.3713539825581 31.9585895844071 2
24.6016870744923 32.6684195030307 1
7.38040999608518 -0.00032843790583734 2
8.61048935325963 0.710189944614 2
8.61089020459175 2.13051946179577 2
9.84111238921964 2.84037753878093 1
9.84072585506668 4.26096794736084 5
11.0704673792914 4.97115849256148 4
11.0706210630277 6.39164345468576 2
12.3009599331574 7.10154766010556 2
12.3011749876686 8.52209954535731 4
13.5311678789639 9.23247481766304 0
13.5308605541866 10.6528974429695 0
14.7609010184218 11.3631577387005 3
14.7611205400073 12.7833578109036 2
15.9912801886678 13.4938639573867 1
15.991208904495 14.9142824635477 0
17.2213966857517 15.6247250616499 4
17.2212760861012 17.0448562889326 5
18.4513371975798 17.7548572743847 1
18.4510781030755 19.1754189221528 1
19.681096278257 19.8855870578176 2
19.681470545951 21.3060450650559 2
20.9118309299366 22.015781621615 5
20.9114238443263 23.4363622244999 3
22.1413390392188 24.1463572017238 0
22.1411525346626 25.5667997520697 4
23.371432259894 26.276683422199 1
23.3717920088274 27.6970836121354 2
24.6019289808229 28.4076127479665 0
24.6017612707028 29.8280172733043 0
25.8319630501932 30.5382843652193 4
25.8319544148177 31.9583755249938 1
27.0620176076855 32.6687030328935 1
9.84033279841841 -0.000482318406737645 2
11.0706573982114 0.709458921166171 2
11.0710107346182 2.1299809851658 4
12.301009135346 2.84055468169802 0
12.3007756583218 4.26093391789392 0
13.5308293959332 4.97125323945937 3
13.5309904737587 6.39140246186351 1
14.7611023748352 7.10190791068176 1
14.7611155315004 8.52235535994228 3
15.9912544648351 9.23285899857081 2
15.9913206658892 10.6530732670181 2
17.2214042857868 11.363013529314 1
17.221117993191 12.7836061218965 2
18.4510314782732 13.4937542931951 2
18.4513721952789 14.9142171851509 2
19.6817185814831 15.6240362624645 2
19.6814735885977 17.0446201951618 3
20.9114285722372 17.7547272858724 0
20.9112212326665 19.1751209534394 4
22.1414179533676 19.8851422364956 1
22.1416810634082 21.3054666555403 2
23.371839637415 22.0160025008356 3
23.3716762111972 23.4363800289685 0
24.6019578054256 24.1465990096767 4
24.6017927001049 25.566694017568 1
25.8318258971914 26.2768633782302 5
25.831709398613 27.6973994068915 1
27.0618326173914 28.407707961844 5
27.0622863406935 29.8280981011738 2
28.2925514108431 30.5378819966615 1
28.2920800604919 31.9584779683551 3
29.5218380873769 32.6686110606737 0
12.3007763431661 -0.000590153501257778 2
13.5308161150137 0.709866099212847 1
13.5308517541859 2.13035162197679 3
14.7609657823023 2.84082828516237 2
14.7612247647421 4.2611304770226 2
15.991342710516 4.97103246064504 1
15.9910097581213 6.39164187329582 5
17.2208184542694 7.10181231027875 4
17.2211480765816 8.52225609790924 2
18.4514749489657 9.23219243377023 2
18.4514912286193 10.6527770937344 0
19.6814593615431 11.3631006514197 0
19.6812849539659 12.7834464140545 0
20.9114108060851 13.4936154390853 1
20.9116262690783 14.9138696473707 2
22.1417873637395 15.6244022383514 3
22.1417032803545 17.0447791579364 0
23.3720038876153 17.7550076197382 2
23.371825940455 19.1751430277377 5
24.6018383003972 19.8851770680488 1
24.6016334971268 21.3057523693192 1
25.8317553411429 22.0158866542302 2
25.8321786913923 23.4363096429071 2
27.0624682667044 24.1460656482157 3
27.0619438597267 25.5666566553443 3
28.291760962473 26.2767427230328 0
28.2917691931884 27.697121338432 5
29.5220660122977 28.4070918711706 1
29.522396966626 29.827548986472 4
30.7524243160249 30.5382076281547 0
30.7522186360868 31.9585402302 0
31.9823432227372 32.668823185642 4
14.7608045377433 -0.000379487033511402 4
15.9905521898768 0.709802529827444 4
15.9908284535745 2.13019631258543 5
17.221131674461 2.84023703327486 2
17.2213552805918 4.26079963517375 0
18.4513193897534 4.97136075562835 0
18.4511719532765 6.39165754498054 0
19.6812542733683 7.10192882323615 1
19.6814368234552 8.52212860070988 2
20.9115628665104 9.23267271802084 1
20.9116012595093 10.6530774644405 0
22.1418721334084 11.3633550078423 2
22.1418223689659 12.783565361291 2
23.371842797977 13.4935069942976 1
23.3716058885515 14.9141097655755 2
24.6016759091683 15.6241590241129 2
24.6020994368763 17.044590688709 2
25.8324023752188 17.7544032227792 4
25.8319875731366 19.1749942527173 0
27.0618708886109 19.8851243471843 0
27.0618416905983 21.3054509818947 3
28.2920908504616 22.0154861601041 1
28.2923186321327 23.4358663783998 4
29.5223908544504 24.146512568406 0
29.5221978017854 25.5668166170244 0
30.7524268518762 26.2770053274312 2
30.7522896770455 27.6971215998734 1
31.9822624818192 28.407447739584 5
31.9822250129776 29.8279721505032 1
33.2123512259963 30.5383149723902 5
33.2127078820793 31.9586780482914 2
34.4428530781656 32.6685452737538 3
17.2209840029538 -0.000201946003069562 3
18.451067816143 0.710085056736215 1
18.4511524702527 2.1302501520962 5
19.6812059233367 2.84078183312996 1
19.6813161754458 4.26122809985881 3
20.9115347376134 4.9715340923169 2
20.9116489736665 6.39183036190589 2
22.1416878527788 7.1017402197212 3
22.1414298115187 8.52235719321957 2
23.3714052638059 9.23240602815399 2
23.3718577240137 10.6528268201047 2
24.60216352324 11.3627621187154 4
24.6019959618073 12.7833573186046 0
25.8319358321023 13.4936323620139 0
25.8319268095562 14.9139077756938 3
27.0621249491069 15.6240349216141 1
27.062292808368 17.0443463154893 2
28.2924031849334 17.7549576123681 3
28.2923048653107 19.1752639883001 0
29.5226207400705 19.8853752602379 2
29.5224040015064 21.3055295885032 5
30.7523405353372 22.0156853279422 5
30.7521946983342 23.4362520872935 1
31.9823497972478 24.1464071177014 5
31.9827254391439 25.566802034639 2
33.2128923328539 26.2766455101936 3
33.2123282156229 27.6972388937949 3
34.4420759369074 28.4074166604854 0
34.4422534940576 29.8277459700792 5
35.6725268572302 30.5378559866565 2
35.672794152564 31.9583607291994 0
36.9027567929797 32.6690824559539 0
19.6814415655027 -3.93141330960627e-05 1
20.911496932602 0.709864849529849 3
20.9111445837317 2.13047725550832 2
22.1410141081469 2.84056870143254 4
22.1414503840325 4.2609485540798 2
23.3717349719622 4.97103643247028 2
23.3718104425044 6.39162212237805 0
24.6017795295481 7.10209821185939 0
24.6017878443687 8.5223239798495 3
25.8319392838959 9.23253440754216 1
25.8320924052404 10.6527989414351 5
27.0622109868234 11.3633901787533 1
27.0622809111533 12.7837292093307 0
28.2926369753698 13.4938153029334 2
28.2924884831351 14.9140388029459 5
29.5224302433379 15.6240475671042 5
29.5222241626477 17.0446455741667 1
30.7523964640601 17.7546440167717 2
30.7528079704594 19.1750515717557 5
31.9830038953663 19.8849183794754 4
31.9824652507012 21.3055045678333 0
33.2122634691634 22.0157048757208 0
33.212372945878 23.4359808312283 5
34.4426129692757 24.1461357371373 2
34.4427963927896 25.566566321259 4
35.6727760243528 26.2773337961193 0
35.6725721910591 27.697548126227 0
36.9027133683611 28.4077685498448 5
36.9026222565974 29.8279291655196 5
38.1325828887704 30.5383826091865 1
38.1326506339749 31.9588724956839 1
39.3628324493491 32.6691323685941 2
22.1415642263497 -0.000207172056453177 0
23.3715348476831 0.71045343316432 0
23.3714861673409 2.13062864512936 0
24.6015941106777 2.84088122228482 1
24.601694657811 4.26111991200824 5
25.8317739841799 4.9716871608113 1
25.8319784317731 6.39207902747522 4
27.0623218926927 7.10216589850477 2
27.0623100392661 8.52247641806329 1
28.2922778779526 9.23240845649235 3
28.2920618590696 10.6530240297294 2
29.522211097918 11.3629481080671 2
29.5227005045335 12.7833572863545 5
30.7529365155345 13.4933135702984 4
30.7525969263067 14.9139020243578 0
31.9824803218598 15.624174906138 0
31.9825884913908 17.0444001781629 1
33.2128026634062 17.7545868013114 1
33.2129048530065 19.1749501804257 4
34.4429193033567 19.8856923106265 3
34.4427879395066 21.3059082226454 0
35.6730217384832 22.0160251500631 2
35.6727913273177 23.4362216246973 1
36.9026719240774 24.1465381774382 2
36.9026226461727 25.5670767475574 1
38.1328065296842 26.2772159958354 2
38.1330434059131 27.6976085082556 1
39.3631131298815 28.4075144573056 3
39.3625996857501 29.8281092543202 4
40.5923977592533 30.5382540258841 4
40.5927324942313 31.9585684054669 5
41.8229811586278 32.6687835754979 2
24.6015851472897 0.000311834046223508 2
25.8318800536294 0.710384235056325 1
25.8319476275396 2.13076766110603 1
27.061936094139 2.84067857590989 3
27.0616767113175 4.26129463246299 2
28.2917509106105 4.97122009361689 5
28.2922858546845 6.39161121386713 2
29.5225419778698 7.1017157340275 4
29.5224584129296 8.52230675278139 0
30.7524291226135 9.23269390297784 0
30.752557304979 10.6528713589992 3
31.9827533726144 11.3630809910359 1
31.9828441885386 12.7834063614325 4
33.2129011120506 13.4940984757294 3
33.2129631464985 14.9143519625475 0
34.4432893079661 15.6243741362087 2
34.4430519720304 17.0446322921676 5
35.6729010333836 17.7547928371753 5
35.6727495507664 19.175370479129 1
36.9029637633827 19.8853621855569 2
36.9032582623412 21.3057689954033 1
38.1333481857585 22.0157052783186 0
38.1327556670785 23.4362877083082 0
39.3625436358857 24.1464980102209 0
39.3627659729228 25.566755429366 1
40.5929825325821 26.2770453942045 2
40.5931198838102 27.6975176782063 0
41.8230817481936 28.4082874868926 0
41.822928091899 29.82842416027 0
43.0530220610779 30.538656540992 5
43.0529760376003 31.958890445689 5
44.282969630059 32.6693987036066 1
27.0617872891054 -0.000197495479093061 2
28.2920225583029 0.710064080062902 4
28.2920973366295 2.13062810902455 0
29.522120834544 2.84114544723864 0
29.5222105106268 4.26128001076463 3
30.7523746029724 4.97150254593142 1
30.7524552352461 6.3918206070429 5
31.9825343649546 7.1024434555009 1
31.9828022167882 8.52276589311157 4
33.2131900471075 9.23271672804423 2
33.2130444378299 10.6530572113144 1
34.442918859379 11.363088660122 4
34.4427348971582 12.7836896953036 2
35.6729826037268 13.4935650841647 5
35.6733980063047 14.9139772748902 5
36.9035267597556 15.6239905004007 0
36.903039406156 17.0445664820123 0
38.132878359431 17.754851591868 0
38.133053272587 19.1750590013676 1
39.3632506809282 19.8853718807242 2
39.3633017201991 21.3057811709513 0
40.5932656211451 22.0165857383819 0
40.5930994486415 23.4367187001765 0
41.8232349149636 24.1468794082906 2
41.8230227817117 25.5671453787908 1
43.0529140709592 26.2775565190833 2
43.0530204495005 27.6980529249032 5
44.2832769289101 28.4080740203334 5
44.2833395671956 29.8284968176221 1
45.513342082637 30.5384112073785 0
45.5129376096368 31.9590078464024 4
46.7429093488332 32.6689939867707 3
29.5219397584466 0.000156360155698656 3
30.751984959737 0.710689101185784 1
30.752349603641 2.13108310173975 4
31.9827421857142 2.84098400693501 1
31.9826750162509 4.26140553952992 1
33.2125969223763 4.97135373057708 3
33.2123995668374 6.39196321840253 2
34.4426473748185 7.1017727725968 5
34.4431777325013 8.52218728411515 2
35.6733596042675 9.23232649930826 0
35.6731023125927 10.6529047511597 0
36.903041163353 11.3632541903792 0
36.9032191099733 12.7834119152795 1
38.1334086413085 13.4937109617039 5
38.1334319871336 14.9140844303485 3
39.3634185329043 15.6248724968182 3
39.3634105865884 17.0450405459394 4
40.5936302880909 17.7550986536007 2
40.5933426665706 19.1754216220403 1
41.8231533674955 19.8857201670412 2
41.823133199882 21.3062641972018 1
43.0533886090607 22.0162125124031 2
43.0534819115982 23.4366527028008 1
44.2835045353051 24.1466046806062 0
44.2829506512223 25.5671820328543 4
45.5128476811675 26.2772726279062 3
45.5131860358096 27.697550051736 2
46.7433873960219 28.4079203324467 2
46.7434558816494 29.8284240428016 0
47.9734850939929 30.5390535595855 0
47.9734355327721 31.959148957919 3
49.2035464043736 32.6693638023569 5
31.9819041443275 0.000175197039460872 2
33.2120888110929 0.710000159657388 5
33.2126480775975 2.13038857723031 2
34.4428633491864 2.84066630230781 4
34.4428037612382 4.2612320201776 0
35.6728598028731 4.97162006418287 0
35.6730119070252 6.39174093327671 1
36.9031951687502 7.10200339718219 1
36.9032300128042 8.52238430158049 3
38.1332622527584 9.23310009116318 1
38.1335025647902 10.6533455523369 4
39.3638167133113 11.3632944747626 1
39.3635552411117 12.7836854518828 1
40.5933414800118 13.4938668545789 2
40.5932448710755 14.9144387036864 2
41.8235297526872 15.624313171442 5
41.8237631316691 17.044757775033 5
43.0538123982684 17.7548016796951 0
43.0532498823793 19.1753653379986 0
44.2831272215409 19.8855867612207 3
44.2833664827396 21.305811716496 1
45.5135470097099 22.0162311995362 5
45.5135487332897 23.4366750764113 0
46.7435598258729 24.1473840028296 0
46.743400083765 25.5674655409462 3
47.9734905352141 26.2776312892273 5
47.9733126255662 27.6979815122964 1
49.2032751097106 28.4084033049934 1
49.2035634562926 29.8288560766267 5
50.4339145011115 30.5387220505174 5
50.4338200461002 31.9591931376785 1
51.6637653264006 32.6691134910905 0
34.4425524826348 7.1874596022854e-05 2
35.6727102535749 0.710289698666923 5
35.6727229206322 2.13069010949556 1
36.9028071730724 2.84124750175562 1
36.9032208008158 4.2615877332463 4
38.1336120273233 4.97142369044963 1
38.1333866528679 6.39189317893686 1
39.3632096561821 7.10196386283237 4
39.3630858134485 8.52255016171791 2
40.5934022979034 9.23236260464669 5
40.5938189720985 10.6528131693762 5
41.8239046001455 11.3630007949458 0
41.8234988703737 12.7835536958192 0
43.0534205466022 13.4938755828383 0
43.0536207941705 14.9140472897116 1
44.2837943661389 15.6244581417756 5
44.2837645721901 17.0448676265137 0
45.5137590510802 17.7556269967081 4
45.5136563452979 19.1757360874219 4
46.7437782576934 19.8858285725421 1
46.7434892072879 21.3062324881778 5
47.9733506129023 22.016565863838 2
47.9735141593089 23.4370688411111 5
49.2038350988535 24.1469133152171 5
49.2037215248151 25.5674049855924 1
50.4337028004612 26.277327502792 0
50.4332630220484 27.6978911931483 4
51.6633509717816 28.407803181107 1
51.6637813315152 29.828134715406 2
52.8939792209904 30.5385346289399 4
52.8939476194604 31.9590522249925 0
54.1240494110844 32.6695153918871 0
36.9029340699959 0.000124656035161503 1
38.1328670719539 0.710053968599364 0
38.1326772894549 2.13063532807135 2
39.3630121110217 2.840382696794 1
39.363510163166 4.26083344542422 2
40.5936393798319 4.97117572040046 0
40.5934232923326 6.39171669958801 0
41.8234409954251 7.10207709038101 0
41.8236127183337 8.52220545484087 1
43.0537726517268 9.23258019310932 5
43.05376918873 10.6529969088862 3
44.2837739924825 11.3637489409368 3
44.2838971418845 12.7839297897515 4
45.5140959510853 13.4939234444038 1
45.5137776607506 14.9143838124265 5
46.7435592680802 15.6246485056686 2
46.7436219064022 17.0451831881223 5
47.9739370700747 17.7550296567523 2
47.9739269828724 19.1755286239742 1
49.2039325792062 19.8855461678863 0
49.2034125674183 21.3060862804873 0
50.4334198164758 22.0161573744512 3
50.4337305180975 23.4364282024463 2
51.6639154508806 24.1468859074388 4
51.6638542028883 25.567346494182 0
52.8939825890429 26.2778550298692 0
52.8938643782289 27.6979224079961 3
54.1239669738172 28.4080777472536 1
54.12382339805 29.8285042139617 1
55.3538685322347 30.5389283737852 1
55.3542529262198 31.9593327191266 2
56.5846 32.669134 1
