x           y           stackinginfo
0.0 0.0 0
1.355386 0.424803 0
1.66496047960497 1.81081793105077 3
3.02041455698603 2.23554852818634 1
3.33027262145771 3.62159175490539 1
4.68559214107314 4.04700272089026 1
4.99559508603512 5.43322425505995 3
6.35102162302567 5.85836364123725 2
6.66122620236938 7.24435707443053 2
8.01680369769098 7.66851483044946 1
8.32594919981941 9.05493525351133 1
9.68106001721658 9.47961691315677 3
9.99031397659843 10.8661296479344 2
11.3456456489729 11.2905791266505 2
11.6560964471718 12.676642933176 2
13.0117022440281 13.101029514825 2
13.321761631734 14.4873341351933 4
14.6770433565871 14.9125867618142 0
14.9863715999527 16.2989650233216 0
16.3417150253439 16.7238779677813 0
16.651585253372 18.1098030427016 1
18.007067898732 18.5346003548412 1
18.3170568749224 19.9206832942338 5
19.6723846239765 20.3462565303946 1
19.9823929631928 21.7324054879693 0
21.3379148377056 22.1573642930068 2
21.6477602160604 23.5433478883839 2
23.0032487529599 23.9676081502252 1
23.3124470966748 25.3540381586215 1
24.6675234031546 25.7788836567064 4
24.9771143003087 27.1653053614037 2
26.3325939761471 27.5896402290729 2
26.6431393945295 28.9757103594354 2
27.9986901773705 29.4000719906484 2
28.3082716711275 30.7865161547661 0
29.6634837911379 31.2116132787126 0
29.9727556990433 32.5979883066973 0
31.3281071948861 33.022701637648 3
31.6382656292611 34.4086202565125 1
32.9937642215536 34.8335804307614 5
33.3038854002786 36.2197079798905 3
34.6591992133934 36.6453997465889 3
34.9691231339534 38.0314905809717 0
36.324697022587 38.4562705355598 2
36.6342631438361 39.842257603029 5
37.9896355872214 40.2667066931421 1
38.2989660236854 41.6531202355175 5
39.6540695061115 42.0781676589206 2
39.9640515538426 43.4644767825855 5
41.31963058024 43.8887190807825 2
41.6301039567559 45.2748105776895 5
42.985583938596 45.6991210015551 4
43.2947572965332 47.0856625689319 0
44.6498895597037 47.5106151131954 0
44.9592505662919 48.8969501635626 4
46.3146536499671 49.3214768060939 1
46.6250258566127 50.7074263796155 2
47.9805058754896 51.1325388341885 5
48.2906358779321 52.5187252347478 0
49.6459515431657 52.9444181123016 0
49.9557348612292 54.3304616087926 0
51.3113047781557 54.7551003554811 2
51.6208572111438 56.1410734254136 1
52.9761659425889 56.5657784745725 1
53.2856504666727 57.9521596725723 1
54.6408263286722 58.3773981216841 2
54.9510763151613 59.7635942311546 5
56.3067113456213 60.1877662516085 2
56.6168348375927 61.5739232199575 1
57.9722494134198 61.998209544878 3
58.2812462182747 63.384791391235 3
59.6363297146331 63.8096287471144 0
59.945923677544 65.1958897589729 4
61.3014213305186 65.6202680689845 1
61.6118939724762 67.0062812742595 1
62.9673285427777 67.431499451961 1
24.2034159329794 1.1399191522898 0
25.5587483882203 1.56547705025849 0
25.868372876867 2.95149569128738 0
27.2238943321613 3.37607491865853 5
27.5336156359667 4.76202287255522 1
28.8889272507385 5.18701386119398 1
29.1986308468504 6.57333691024337 1
30.5538863964214 6.99871009373885 1
30.8642342835031 8.38479904665861 2
32.2198804676984 8.80894241721389 5
32.5295138840529 10.1951883565552 1
33.8848333057736 10.6195431000818 3
34.1938400370051 12.0061268524766 4
35.5489380946673 12.4308678097116 4
35.8588743917113 13.8170467301125 2
37.2144657226317 14.2413458502827 1
37.5249513262596 15.6274371833643 2
38.880330557164 16.0526780093985 0
39.1899318391031 17.4390574912349 0
40.5452668689515 17.8643727938058 0
40.8548485017591 19.2503763560338 3
42.2103317523125 19.6749700578541 1
42.5202410740643 21.0609166671734 5
43.8755860144831 21.4861634747692 1
44.1855143958076 22.8724085152406 3
45.5408453850564 23.2978050378323 5
45.8511489086648 24.6838004375673 2
47.2067821530665 25.1079572545437 1
47.5160774369642 26.4942702095106 1
48.8712788111732 26.918776211629 3
49.1804050965469 28.3053326825635 2
50.5355921498675 28.7299845421698 2
50.8458600025487 30.1161067444614 2
52.2014915944038 30.5403845130612 2
52.5118082645876 31.9265839887549 4
53.8671310703675 32.3517507118439 0
54.1764819399863 33.7381894312654 0
55.5317846238573 34.1632566736769 0
55.8414926991911 35.5492383957011 3
57.1969801012275 35.9738963441488 1
57.5070143550406 37.3598923267603 5
58.8623707627051 37.7853447965065 1
59.172375198096 39.1715312227805 3
60.527794296595 39.5968160401752 2
60.8378473194301 40.9827654697225 2
62.1934267530719 41.4069818916812 1
62.5026517000449 42.7933241647727 1
63.8577784208184 43.2180077608148 5
64.1671263241907 44.6045052506882 2
65.522459478542 45.0290591530441 2
65.8329213788601 46.4151570680671 2
67.18853573221 46.8394097452 2
67.4984346146248 48.2257507874804 4
68.8536951714537 48.6507839307889 0
69.1628977701225 50.0372441656891 0
70.5181872386225 50.4620835513309 0
70.8281726635893 51.8480365391996 1
72.1836919100847 52.2727916214837 1
72.4938420219262 53.6588590909462 5
73.8491806870888 54.0844722421431 3
74.1591112087178 55.4706282898236 0
75.514608240461 55.8957294026391 4
75.8243350966602 57.2816742954488 2
77.1798097296862 57.7060333405368 1
77.4891394930387 59.0923735026751 1
78.8442575469109 59.517286041701 2
79.1539635328616 60.9036857459188 1
80.5094300981827 61.3281456076697 2
80.819957147178 62.7142265300463 2
82.1755149086751 63.1384367933621 2
82.4849154290122 64.5249068122842 3
83.8400905451138 64.9498266774029 0
84.1492918000833 66.3362693798085 0
85.5046112380362 66.7608834620172 3
46.7410511365719 0.468966415145209 1
48.0965854136945 0.893834932851596 2
48.4068160884148 2.2799729060761 4
49.7621316094836 2.70566693270887 3
50.0719291698059 4.09179468501078 0
51.4274588832625 4.5167035284413 4
51.7370278405218 5.90264759210361 5
53.0924049234321 6.32723153612807 1
53.4018701533668 7.71355589473155 1
54.757030429302 8.13873473108376 2
55.0670856643756 9.52501495839488 5
56.4226483157082 9.94938983688334 2
56.7330341227788 11.3354764118916 5
58.0885324693094 11.7596530433304 3
58.397610525727 13.1461998706332 3
59.7527061479655 13.571046076357 0
60.0620426110249 14.9574352340531 4
61.4174484693615 15.3818410794568 1
61.7278993855651 16.7678145797334 2
63.0834084564544 17.1927833874237 2
63.3935277960046 18.5790164323228 0
64.7488415079865 19.0046524007765 0
65.0584761303937 20.3907557177588 0
66.4139913722447 20.815496507885 4
66.7236474712126 22.2014214041486 1
68.0789945884703 22.6262636713857 1
68.3886092410817 24.0125625600189 1
69.7438328620968 24.4379639053235 1
70.0540659537262 25.8241253474501 5
71.4096900253688 26.2484198300404 2
71.7196748188655 27.6345578872448 1
73.0751032127621 28.0587692865874 3
73.3841026709705 29.4453426697873 3
74.7391604696232 29.8701584459212 0
75.0487753865809 31.2564649059074 2
76.4042987759592 31.6807325889397 5
76.7148181686888 33.0667641179095 2
78.0702728050077 33.4917910835427 4
78.3800672126202 34.878147063396 0
79.7353781812074 35.3036000316977 0
80.0449004302193 36.6896878027715 0
81.4003814403318 37.1143326103865 3
81.7102471963565 38.5002372015314 1
83.0656119784038 38.9253353432477 1
83.3754435212015 40.3115846776947 1
84.7307209918786 40.7371139689806 1
85.0409924111372 42.1231609594441 2
86.3966406842841 42.5474095347507 2
86.7061893023479 43.9336073184178 1
88.0615034339538 44.357947641238 3
88.3705813795014 45.7445119322708 5
89.7256632668452 46.1693195378985 4
90.0356593707075 47.5555375978275 2
91.3912714083298 47.9797527960016 5
91.7017569056902 49.3658597001352 2
93.0571407339913 49.7908783808471 0
93.3665834179485 51.1773363649876 0
94.7218601145559 51.6025523013828 0
95.0314195544226 52.9886197483682 3
96.3868908424507 53.4132422312167 1
96.6969528187287 54.7991662355261 5
98.0523337922584 55.2244870693954 1
98.3623253616084 56.6106857916025 3
99.7176591960533 57.0362136380376 5
100.02782451553 58.4221728708612 4
101.383459694699 58.8464143773249 2
101.692778199523 60.2326503556355 1
103.047980948333 60.657170006537 1
103.357198223674 62.0437017921415 2
104.712383002922 62.4684735038311 2
105.022688102787 63.8546282779631 2
106.378326122337 64.2788212359739 2
106.688537434389 65.6650453080837 4
108.043852191103 66.0899743627627 0
108.353053143785 67.4764837580185 3
70.6344536380386 0.223613765829546 0
70.9442383323954 1.60963849033613 3
72.2997432121864 2.03427372827675 1
72.609950129379 3.42026349155681 2
73.9653233627513 3.84575406793995 1
74.2753120281499 5.23193228277952 0
75.6307261317441 5.65731146965395 4
75.9406243950895 7.04323476609992 4
77.2961997572869 7.46751324688943 2
77.6055375813975 8.85376025312243 1
78.9606979456692 9.27849819442476 5
79.270159003718 10.6649670386952 2
80.625484847242 11.0896779576813 2
80.9359420108722 12.4757931596705 2
82.2915602108386 12.899941094928 2
82.6012754881623 14.28630731692 3
83.9565203445612 14.7111239428398 0
84.2656166646773 16.0976459484828 0
85.6208567072493 16.5223903064027 0
85.9309242522591 17.9083808357988 1
87.2864755654284 18.3330534172734 2
87.5967630468951 19.7191337608882 4
88.9521023563652 20.1447557928359 3
89.2619407864978 21.5309440583649 0
90.6174058408286 21.9561478273046 4
90.9270598467569 23.3420721242301 1
14.1348610115875 23.7665394583064 5
92.5920062065702 25.1527732293319 1
15.7995197031217 25.5778046457591 2
16.1093409394012 26.9641660840694 1
17.4647863615423 27.3888165544785 2
17.775270931059 28.7748917588957 2
19.1308372590478 29.1990075701062 5
19.4400904780741 30.5854850887822 3
20.7952396688292 31.0102614791525 0
21.1043938002945 32.396751817616 4
22.459695780913 32.821255646285 3
22.7700353756899 34.2072299657704 5
24.1256025224241 34.6319574441068 2
24.4358849423879 36.0181284435329 4
25.7912010663438 36.4437626314315 0
26.1008640289996 37.8299479888306 0
27.4563425743529 38.2549380892967 4
27.7659564994628 39.6408578522633 1
29.1213553442179 40.0655502321803 1
29.4309593104308 41.4517799876086 1
30.7861837965442 41.8771033157527 1
31.0962673840734 43.2633447743749 5
32.4518093811728 43.6879118195973 2
32.7620770190264 45.0739831148481 2
34.1175902524179 45.4981136909967 1
34.426632798414 46.8846494125884 3
35.7817062245411 47.3094436617423 0
36.0910419541269 48.6958724936968 2
37.4464618570095 49.1201861794986 5
37.7569535476368 50.5061857992317 2
39.1124881157751 50.9309709652495 2
39.42252922631 52.3172645321983 0
40.7778330472947 52.7427812101162 0
41.0873339852532 54.1289629286889 0
42.4427940447929 54.5537566409943 3
42.752563508315 55.9396586219074 1
44.107961084069 56.3645734178255 1
44.4177163797273 57.7507921468203 1
45.7729880939047 58.1763110485638 1
46.0831690361093 59.5624339918007 4
47.4387839851829 59.9868859626439 2
47.7486455207081 61.3729845334857 2
49.1040751193224 61.7971966354869 1
49.4131456213004 63.1837402258971 5
50.7681894516395 63.6085899596241 4
51.0778786676299 64.9949227140469 2
52.4334247153402 65.4191327305088 5
52.743974835853 66.8051795441317 5
54.0994423238807 67.2299919593725 3
15.3352517399603 0.93855546995014 0
16.690519467065 1.36387940606583 0
16.9999675548755 2.75004914765862 0
18.3554107278571 3.17473104622609 3
18.6654257993653 4.56062446095836 1
20.0208356526234 4.98577890763012 1
20.3307827773566 6.37197107932472 3
21.6860785811729 6.79760046856331 1
21.9962327487971 8.18361966847212 4
23.3518767527885 8.60799411449183 2
23.6613707832405 9.99412788969655 2
25.016675153895 10.4185026936036 1
25.3258507253041 11.8050317972764 5
26.6809335391582 12.2299333364749 2
26.9910021015698 13.6161737763836 2
28.3466280408401 14.0403329312242 2
28.6570784836474 15.4264553143846 2
30.0124686581234 15.8512239635883 0
30.3217470338081 17.2377426210541 0
31.6769573236278 17.6628500539268 0
31.986508183206 19.0489882093787 3
33.3419701923425 19.4736027726811 1
33.6521827973836 20.8595375553114 2
35.0075857248319 21.2848929481578 1
35.3176184802961 22.6710727833864 3
36.6729550553355 23.0966775208394 4
36.9829609873038 24.4826252129777 4
38.3385831300929 24.9069654956349 2
38.6479731669831 26.2931100875508 5
40.0031927389255 26.7176944243763 1
40.3125260057789 28.1041854374399 2
41.6677189753727 28.5291020555202 2
41.9780541435767 29.9152700672958 2
43.3337003594861 30.3393864841239 2
43.6437722347397 31.7256292771471 5
44.9990960503674 32.1503020867505 0
45.3081625576414 33.5368624964804 0
46.6633396503348 33.9617459676521 0
46.9731399304045 35.3478301890364 3
48.3286622614562 35.7723951883432 1
48.6389869176031 37.1584127736069 2
49.9943622816836 37.5839137777036 3
50.3042931145562 38.9701208363489 0
51.6596858385166 39.3955806793493 4
51.969454196385 40.7815047748438 4
53.3250006605233 41.2059048525924 2
53.634502233754 42.5920376104768 1
54.9897108649729 43.016898836176 5
55.2993188645791 44.4033151302844 1
56.6546355051618 44.828228962883 2
56.9650891549328 46.2143330901422 2
58.3207106134233 46.6384152402051 2
58.6302590021803 48.0247864957662 1
59.9854975932722 48.4494172929725 0
60.294534328517 49.835974250884 0
61.6497376781389 50.2606239800473 0
61.9598523762666 51.6466538813953 5
63.3154331170063 52.0712015253816 2
63.6258146398726 53.4573069717409 4
64.9811543057883 53.8828710759192 0
65.290879177638 55.2691135019266 0
66.6463083047155 55.6943569393212 0
66.9559361356688 57.0802791755982 3
68.3113988382928 57.5048368841957 5
68.6210447175464 58.8909639484519 1
69.9762878470577 59.3161416931678 2
70.2862017205262 60.7024504465684 1
71.6416253092068 61.1273351971159 2
71.9520413026937 62.5133862866713 2
73.3076190326311 62.9374782277022 5
73.6167911417049 64.3239411090496 1
74.9719257971909 64.7486284551867 0
75.2810705117073 66.1351463454235 4
76.6363653929525 66.5595886564594 4
37.8729112627051 0.267736595988601 5
39.2285047084974 0.692304381015777 2
39.5387733079634 2.07851787849793 4
40.8940856605227 2.50402829521958 0
41.2036164381954 3.89028891653323 0
42.5590372598766 4.31530023193364 0
42.8687255682553 5.70121338642352 1
44.2241574659209 6.12596335506583 1
44.5339144861062 7.51210678612364 1
45.8891969515376 7.93754896405835 1
46.1992732715721 9.32374829223859 3
47.5547955023115 9.74852391732954 2
47.8649252810897 11.1345623903689 2
49.2204460916763 11.5587111914895 1
49.5295182955683 12.9452140797242 1
50.884583939476 13.3699956186025 4
51.1939699798048 14.7564434617797 2
52.5494068549809 15.1807324664171 5
52.8599280203699 16.5667606285176 2
54.2154819963999 16.9913525613118 2
54.5253996097215 18.3777036596901 0
55.8806779707022 18.8030640379201 0
56.1900740911327 20.1893325010787 0
57.5454802634592 20.6141410146655 3
57.85538998438 22.0000377781828 1
59.2108334045297 22.4249867182554 1
59.5207398329629 23.8111422115099 1
60.876039369521 24.2367519628217 1
61.1861259070071 25.6228533673865 4
62.541724197375 26.0474807328092 2
62.8514539188636 27.4335327688937 2
64.2068713209063 27.8577996468833 1
64.5160246270901 29.2443020278201 5
65.8710750460374 29.6692008331889 4
66.1808425229689 31.0555475494816 2
67.5364064336558 31.4797439898614 2
67.8469603155737 32.8658104913257 2
69.2024412056137 33.2903920038137 4
69.5119088108642 34.6768727256874 0
70.8671241804609 35.1020491974384 0
71.1765123063333 36.4883039694444 0
72.5319240569026 36.9129738643634 3
72.8420921615584 38.2988805004031 1
74.1975391191814 38.7240380875233 5
74.5075924338175 40.1101987171891 3
75.86289998644 40.53588418335 3
76.1729133464665 41.9219009875357 4
77.528537873642 42.3464067061286 2
77.8380162861753 43.7324690473798 5
79.1933167012581 44.1569313195274 1
79.5026021488396 45.5434097384518 5
80.8577065664674 45.9684250807062 2
81.1678454692768 47.3546701660591 5
82.5234762431034 47.7788041974491 2
82.8338500742689 49.1649401046679 5
84.1892549593108 49.5894610304739 0
84.498385571213 50.9760188137542 0
85.8535335988657 51.4010084838646 0
86.1630736954074 52.7872154653589 4
87.5185327264291 53.2117693613909 1
87.8288749336854 54.5977316490167 2
89.1842951913481 55.0230656784085 5
89.4943377633513 56.4092597072426 0
90.8496719075428 56.8349005744002 0
91.1595145257049 58.220866298287 0
92.5151048852764 58.6453211145721 2
92.8246074544864 60.0313719591146 1
94.1798577303978 60.4560917455663 1
94.4893237562281 61.8425257649799 1
95.8445301034206 62.2676270425699 2
96.154881081878 63.6537850179707 2
97.51052923995 64.0778738333821 2
97.8204497161111 65.4641209348115 1
99.1757853990188 65.8885904314413 0
99.4847782067908 67.2751752559052 1
61.7660746598222 0.0221114954170415 0
62.0758927449077 1.40824738654301 5
63.4314340536992 1.83270594679077 1
63.7418616247184 3.21874923439549 2
65.0972431964281 3.64418407494948 3
65.4070920746823 5.03044307631869 0
66.7624669111774 5.45590535403236 0
67.0721372598536 6.84185155659938 0
68.4276578931308 7.26634550947829 5
68.7373281931696 8.65237516491886 1
70.0925963027929 9.07739157354093 5
70.4023431467912 10.4637416853281 1
71.7576552815404 10.8888851149764 5
72.0680799545644 12.2749571068451 2
73.4237084087558 12.6990328474589 5
73.7331328238562 14.0853889120351 1
75.0883692765276 14.5099012072937 0
75.397395166683 15.8964737786528 4
76.7525729884592 16.3210846142164 4
77.0627158472392 17.7071604675573 5
78.4183214143875 18.1315770899403 2
78.728734747671 19.5177130924489 4
80.0840746851913 19.9431503014235 0
80.3936607565779 21.3294707114236 0
81.749045686555 21.7546889807528 0
82.0586744835107 23.1406303982885 3
83.4141434128993 23.5652451308418 1
83.723951214041 24.9512863489106 1
85.0792560343514 25.376591839038 1
85.3892276313883 26.7628444074585 3
86.7446344000564 27.1879547049188 2
87.0549446360742 28.5739659799763 2
88.4105352014392 28.9980873551347 1
88.7196933901023 30.3845120385691 1
90.0748233509436 30.8091575833809 3
90.3840022058402 32.1956863620821 2
91.7392961512487 32.6201480058505 2
92.0496989693865 34.0062008059707 2
93.4053100551649 34.4306210222558 2
93.7155000031063 35.8168790092774 4
95.0707997043153 36.2422172448868 0
95.3801977072935 37.6285679483238 0
96.7355589093232 38.0535482760048 0
97.0453372686595 39.4394731076063 1
98.4008056262395 39.8642347931863 1
98.7107210864054 41.2503160847382 5
100.066043925739 41.6758335598203 1
100.376077293385 43.0620025025114 3
101.731582743925 43.4869652833257 2
102.041558444362 44.8729600175014 2
103.397076364004 45.2971675732174 1
103.70622230561 46.6836162107612 1
105.061296292276 47.1084099298317 1
105.370765249197 48.4948600163755 2
28.5785477784464 48.9191999377835 2
107.036743052201 50.3052612943179 2
30.2446450566251 50.7296747889794 2
30.5543941382486 52.1160766342923 2
31.9096350679426 52.5412612960669 0
32.2189294954161 53.9276203342857 0
33.5742866125366 54.352399422095 3
33.8843388362761 55.7383119577237 1
35.2398254557374 56.1632452365418 5
35.5498777458904 57.5493674043946 3
36.9051917435699 57.9750340435935 3
37.2151632152045 59.3611379720289 0
38.5707358293682 59.7859306718732 2
38.8803533177062 61.1719360844138 2
40.235755096652 61.596304881413 1
40.5449904141771 62.9827598549485 5
41.9001019364196 63.4076395715116 2
42.2099851401382 64.7939649939675 2
43.5655606572064 65.2181911292555 2
43.8761683278551 66.6042502883445 2
45.2316443664828 67.0286466106974 2
6.46710607020497 0.737300283807227 0
7.82226099408445 1.16233928349363 0
8.13159280788419 2.5486708993008 0
9.48697706299427 2.97327906702977 3
9.79727725210689 4.35921059603199 1
11.1527537952403 4.78432039449694 5
11.46288616051 6.17048341626049 0
12.8181959824654 6.59619694649242 3
13.1280558688727 7.98224040918239 0
14.4836413726713 8.4068822999291 2
14.7931534088772 9.79287696057931 5
16.1484634092219 10.2174801118117 1
16.4578701669189 11.6038916072316 5
17.813012740886 12.0290498321141 2
18.1232028543369 13.4152809413332 5
19.4788298625598 13.8394483599757 2
19.7890913277102 15.2255875733294 5
21.1445177452343 15.6499109155951 3
21.4535498280586 17.0364864685334 0
22.8086499187897 17.4613707916591 0
23.1181748043914 18.8476390288421 4
24.4736426724397 19.2720807623652 1
24.784079709534 20.6580707206215 2
26.1395212298466 21.0833062329816 4
26.4495280399738 22.4695464662396 0
27.8048577455963 22.8951671961157 0
28.1145496959582 24.2811766849184 0
29.4700967828325 24.7057397100778 5
29.7797337265221 26.0917100153508 1
31.1350276939624 26.5165927493364 1
31.4446333880902 27.9029539336228 1
32.7998632825215 28.3282534388129 1
33.1102053741746 29.7143795908399 2
34.4658527559999 30.1385045335642 5
34.7756339749948 31.524736517212 1
36.1309807400721 31.9490804805372 3
36.4399624269973 33.3356694198444 4
37.7950577050347 33.7604289819582 0
38.1048924127215 35.1466159565552 2
39.4604584403513 35.5709527445548 1
39.7709409394543 36.9570191538834 2
41.1263329078287 37.3823073183604 4
41.4360472161495 38.7686446344736 0
42.7913956654424 39.1940452838641 0
43.1009849280045 40.5800388749986 0
44.4564803569988 41.0046067162221 5
44.7663068688135 42.3905629605483 1
46.1216319137856 42.8157203741911 1
46.4314881967256 44.2020013442262 1
47.7867995107976 44.6273584702151 5
48.0971552293956 46.0133856883608 2
49.4527925673409 46.4375146813641 5
49.7621544424038 47.8238287112153 1
51.1173859569706 48.2482946641039 3
51.426457774882 49.634863341012 4
52.7816190059741 50.0595152689833 4
53.0918038182962 51.4456366504391 2
54.447428423487 51.8699410805188 2
54.7578264413931 53.2561027192314 4
56.1131643692132 53.6813516428946 0
56.4226091653321 55.0677579052891 0
57.7779365822193 55.4929049311145 0
58.0875909807465 56.8788811455441 3
59.4430704106197 57.3035191998502 1
59.7530400282471 58.6895055587316 5
61.1083883343284 59.1148968452481 1
61.418390323023 60.5011022385943 3
62.773787386559 60.9263913843048 2
63.08395965889 62.3123568449957 2
64.4395568365671 62.7365372274072 1
64.7487594235958 64.1228958553667 1
66.1038938490634 64.5475324108809 3
66.4131493829672 65.9340531060263 2
67.7684433912662 66.3586045302241 2
29.0050356515887 0.06683671789503 2
30.3606559222281 0.491129393338988 2
30.6707152690579 1.87742589813448 4
32.0259965971699 2.30255223761784 0
32.3352575348415 3.68899098752788 0
33.6905601529692 4.11390812981219 0
34.0004431629197 5.49985908950243 1
35.3559453993083 5.92459937405891 1
35.666025667765 7.31065113457189 5
37.0213681826112 7.73621960804583 1
37.3313425524088 9.12238013470131 0
38.6868288455662 9.5474971402593 2
38.9966621049227 10.9334495513565 2
40.3521690275666 11.3577405947275 1
40.6614316025242 12.7441076596409 1
42.0165353568078 13.1689398804281 5
42.3261140801428 14.5553737422455 2
43.6815550280636 14.9798196769538 2
43.9920823570481 16.3659019782195 2
45.3476553938283 16.7901560862443 2
45.6572198757259 18.1765916787209 3
47.0124260962639 18.6015813222963 0
47.3216334903055 19.988015962153 0
48.6769498966211 20.4127108071594 3
48.9871312085726 21.7986474284811 1
50.3426572921912 22.2235103296097 5
50.6528510745129 23.6096261764377 4
52.0081714858777 24.0353095305679 3
52.3180351425978 25.4214349025711 0
53.6735733633413 25.8463578963936 4
53.9831586210743 27.2323125069249 5
55.3385551274659 27.6568001014165 1
55.6479510936207 29.0431530010131 5
57.0030833146589 29.4682308205369 2
57.313042778063 30.8545498897821 5
58.6685897105804 31.2789040462429 2
58.9790576720854 32.6649863386296 5
60.3345664858016 33.0891948768944 4
60.643724561023 34.4757274000974 3
61.9988453070683 34.9006150694651 0
62.308141870844 36.28700810797 4
63.6635211957519 36.7114917753998 3
63.9739209322374 38.0974485059312 1
65.3294316352602 38.5224341128997 2
65.63960140273 39.9086289462408 0
66.9949136942094 40.334311566972 0
67.3046249939332 41.720404681989 0
68.660160665079 42.1451612048138 4
68.9697527223651 43.5311024623536 1
70.3250914136543 43.9558494634973 1
70.6346286837596 45.3421785279845 1
71.9898223758797 45.7674942435352 2
72.3000288736588 47.1536943763258 5
73.6556447418406 47.5779705851543 2
73.9657785155763 48.9640981884653 1
75.3212242863728 49.3883071881348 3
75.6302236297135 50.7748806440341 3
76.9852912406351 51.1997067398867 0
77.2948164810824 52.5860253581094 2
78.6503040054285 53.0103459880479 1
78.9608027540335 54.3963569168224 2
80.3162670746667 54.8214248904556 4
80.626184201536 56.207731718382 0
81.9815023929152 56.6332693683227 0
82.2910683034168 58.0193420800583 0
83.6465677818432 58.4439884031937 5
83.9563433947186 59.8299044922399 1
85.3116879002837 60.2549186395607 1
85.6214306341049 61.6412004644206 1
86.9766882778403 62.0666747429758 1
87.2869816392546 63.4527589505022 2
88.6426265369802 63.8769852464504 2
88.9522968588408 65.2631809499883 1
90.3076436803158 65.6874834686042 3
90.6166757859351 67.0740580760819 1
91.9717478024163 67.4988527700957 3
53.2078013065732 1.20722035336435 2
54.5633908825552 1.6314624799208 5
54.8739012990197 3.01754357860114 2
56.2293013398994 3.44263012781175 4
56.5388667825823 4.82904778281444 0
57.8941692044426 5.25435086561326 0
58.2037152706543 6.64040612157047 0
59.5591900594645 7.06502184699165 1
59.8691752709757 8.45093810752341 5
61.2245466572882 8.87618886158568 1
61.5344963328087 10.2624089081671 3
62.8898132833807 10.6879197272731 5
63.200059594681 12.0739035521949 2
64.5557042430079 12.4981154273566 2
64.8650535921348 13.8843633867624 1
66.2202812724297 14.3088259725467 3
66.5294352968077 15.6953751980249 2
67.884589855699 16.1201245337359 2
68.1948215873955 17.5062847889456 2
69.5504587423002 17.9304981338158 2
69.8607885541092 19.3166835765533 4
71.2161233440072 19.7416963098461 0
71.5254090629582 21.1281815247241 0
72.8806706236446 21.5532431751202 0
73.1903579805217 22.9392706860844 3
74.5458481338732 23.3639043254247 1
74.8559720182004 24.7498771273991 5
76.211343336396 25.1753255558009 1
76.5213450665592 26.5615096392988 3
77.8767357978304 26.9869246227512 4
78.1867486795887 28.3728581644358 4
79.5423416921364 28.7971137961263 2
79.8516343379395 30.1833829099053 1
81.2067897147697 30.6080462004504 5
81.5161502009842 31.9945417472454 2
82.8714428955344 32.4192270670537 2
83.1818754568381 33.8053475457722 2
84.5375022358682 34.2295292843918 2
84.8473959773703 35.6158549215682 3
86.2026640624812 36.0407488675441 0
86.5117970361152 37.4272579325291 0
87.8670443909894 37.8520868833487 0
88.177017740729 39.2380753959177 1
89.5325515369417 39.6627572605783 1
89.8427840414789 41.0488122935057 2
91.1981313666237 41.4744105717389 3
91.5080323152052 42.8605892028167 0
92.8634935756607 43.2858229262705 4
93.1732154265536 44.6717494757599 4
94.5287083974705 45.0961406924003 2
94.83811614353 46.4824043097729 1
96.1932694071587 46.9073280662386 5
96.5029715188584 48.2937290767408 1
97.8583946837596 48.7183435639117 2
98.1688992910517 50.1044289815648 2
99.5244773161966 50.5285689503382 2
99.8338651333013 51.9150218079695 3
101.189043573188 52.3398382389641 0
101.498182794175 53.726329074361 0
102.853468619082 54.1509167810486 3
103.163733698928 55.5368835431296 1
104.519293490103 55.9616314326222 2
104.829581225321 57.3477692490951 4
106.184900950344 57.7734304755086 0
106.49463914943 59.1596027971167 0
107.850130217729 59.5846317620211 4
108.159720917442 60.9705589325971 5
109.515123561621 61.395172491628 5
109.824657797103 62.7814279078528 1
111.179849925528 63.2066536197474 2
111.489868362917 64.5929362426375 5
112.845386883902 65.0174894536355 2
113.155751195534 66.4035624239516 2
114.511251698643 66.827724001162 2
75.7466110601855 0.536363133726818 3
77.1017266054157 0.961139069969082 0
77.4109973735136 2.34756334780367 4
78.7664180219411 2.77181830703767 2
79.0768361537836 4.15782177651805 2
80.4323713544872 4.58265517016578 2
80.7424996951687 5.96890662635743 0
3.95014286190284 6.39450730813591 3
82.40737245968 7.78067175871724 3
5.61518583144307 8.20550977097708 4
5.92487756669101 9.59142113407335 1
7.28025571873424 10.0162778434018 1
7.58993060819731 11.4025221019222 5
8.94517597367298 11.8279864107997 1
9.25535618307019 13.2141493564611 5
10.6109561195735 13.6385939982787 2
10.9209530900782 15.0246960282198 2
12.2764065192847 15.4488814164142 1
12.5854323820725 16.8354366171817 3
13.9404805570282 17.2602645763042 4
14.250045687866 18.6466190215478 2
15.6055583822075 19.0708570273005 5
15.9160942145322 20.4568864594664 2
17.2715779116595 20.8817493048749 4
17.581361619432 22.2681270809656 0
18.9366523311857 22.693537452499 0
19.2461210344339 24.0796898518908 0
20.6015768489716 24.5043857363178 3
20.9114944099223 25.89027874956 1
22.2668898753946 26.3153669892445 1
22.5767625437333 27.7015803617371 1
23.9320460345397 28.1271741835216 1
24.2422452419208 29.5132238620271 4
25.5978874551351 29.9375820278162 2
25.907470465166 31.3237245065493 2
27.2628088212989 31.7480424560561 1
27.5719278751298 33.1345877586609 5
28.9269923307459 33.5594571780157 4
29.2369495361966 34.9457155380794 2
30.5925588787697 35.3698946221315 5
30.9030637089246 36.7559904873111 2
32.2584709405415 37.1808386486402 4
32.5678691346161 38.5673255052697 0
33.9231105833936 38.9925157211684 0
34.2326248732228 40.3786457479571 0
35.5880822088219 40.8032771241847 1
35.8982155506458 42.1891928845316 2
37.2536175118673 42.6144951774916 1
37.5636313562522 44.0006795856078 3
38.9189549208491 44.4262851828561 3
39.2290504883454 45.8122476571549 4
40.5846886502842 46.2365603938319 2
40.8940617915359 47.6227277107192 5
42.2492928933026 48.0472322681965 1
42.5585466734065 49.4337475380276 2
43.9137065620381 49.8586237866613 2
44.2239795882868 51.244806447926 2
45.5796254680125 51.6689439310059 2
45.8898465172432 53.0551497870109 5
47.2451860711759 53.4799031556687 0
47.5543221865992 54.8664458483762 0
48.9095196358715 55.2914072328017 0
49.219244195815 56.6774905910701 3
50.5747472316105 57.1020800465735 1
50.8850222442896 58.4880670579875 2
52.2404041376908 58.9135396475833 3
52.5503912685785 60.2997288964351 0
53.905772347699 60.7252239574424 4
54.2156397167808 62.1111468189618 4
55.5712137766264 62.5354991850152 2
55.8806451964188 63.9216614794106 1
57.2358373039612 64.3464182261381 5
57.5453321743137 65.7328701279195 1
58.9006186945721 66.1577372933608 2
59.2110550979236 67.5438605163966 2
21.4928526164928 0.290102150193213 2
21.8025710989951 1.6764425993724 3
23.157833471995 2.10112301530626 0
23.4668761083954 3.48767757835271 0
24.822075584476 3.91240952849404 0
25.1321027148089 5.29844024103978 5
26.4876642528822 5.72302121608755 1
26.7980166999711 7.1090979749261 2
28.1533640000906 7.53467487327934 3
28.4631704321458 8.920895706721 0
29.8186019351627 9.34619257538983 4
30.1282572058261 10.7321135012143 3
31.4837389836781 11.1566050202855 5
31.7933100373026 12.5427578427959 1
33.1485256640297 12.9678205309249 5
33.4583459560258 14.3541720976996 1
34.8137485212012 14.7790099807095 5
35.1242102027796 16.1650785849763 2
36.4797962003585 16.5891661241883 5
36.7890571349754 17.975615451117 1
38.1442189274221 18.4003050565732 0
38.453327351038 19.7868298270954 4
39.808596244953 20.2113304349973 4
40.1189099625356 21.5973313857167 5
41.4744998933636 22.0219288207142 2
41.7848217083043 23.4081022008175 4
43.140141604482 23.8336685301735 0
43.4497492788652 25.2199064583535 0
44.805189828718 25.6449730697225 0
45.1148286185483 27.0308897640378 3
46.4702562002863 27.4555771599134 1
46.7799446047662 28.8417372177218 1
48.1352052733541 29.2670912606638 1
48.4452564117362 30.6533284072115 5
49.8007608354748 31.0780820876212 2
50.111016188942 32.4641291413735 2
51.4665535665638 32.8882494191473 1
51.7756208161504 34.2747559950351 1
53.1307012978017 34.6995136103006 0
53.4399975443111 36.0859788524244 2
54.7953947678209 36.5102985728572 5
55.1058834868611 37.8963111854461 2
56.4614472045871 38.3209428426441 2
56.7715004662467 39.7072444119718 0
58.1267961738518 40.1326878893874 0
58.4362450726114 41.5189331162582 0
59.791667342581 41.9437862504977 3
60.1014795914665 43.3296856601918 1
61.4569067731161 43.7545803771093 1
61.7667324071031 45.1407494508704 1
63.1220213118652 45.5663081815448 1
63.4321357232958 46.9524385692933 4
64.7877222431317 47.3770597348906 2
65.09758110955 48.7631198510289 2
66.4530308570368 49.1873362390571 1
66.7621309135149 50.573853985636 1
68.1171763516491 50.9987125899172 4
68.4268198828393 52.3850841484122 2
69.7823536910024 52.809297077765 5
70.0929099435016 54.1953469624544 2
71.4484078237899 54.61999147851 4
71.7580287057515 56.006430635951 0
73.1132740954118 56.4316941191943 0
73.4226674654733 57.8179335936303 0
74.7780834785513 58.2426411837103 3
75.0881536670298 59.628537330614 1
76.4435927635435 60.0536475954985 1
76.7535891322612 61.4398132863732 3
78.1088903289379 61.8654785592911 3
78.4189648231705 63.2515136039905 4
79.7745939202862 63.6760109384827 2
80.0841187042336 65.062088865472 2
81.4394457123982 65.4864724639048 1
81.7486700335685 66.8729719137039 1
83.103747279766 67.2979352025813 1
44.3399541446483 1.00634221772499 2
45.6955722807655 1.43049300614271 2
46.0060381722665 2.81660331248129 2
47.3614559367061 3.241203296458 4
47.6706918261107 4.62773799692021 0
49.0258688077758 5.05280678803046 0
49.3353640069321 6.43901052270944 0
50.6908080764719 6.8636102314233 1
51.0010876382957 8.24954709342822 2
52.3565111692556 8.67485225238856 5
52.6665724799662 10.0610295264596 0
54.0218981949844 10.4866873986216 3
54.3318335186088 11.8726553903357 4
55.6874468418168 12.2970834586277 2
55.9968980289467 13.6831605727956 5
57.3521471643967 14.107772082267 1
57.6615272620328 15.4942351184605 2
59.0167020782894 15.9192708508284 2
59.3270114799377 17.3054531554872 2
60.6826606464229 17.7295501065553 2
60.9927474171255 19.115766787785 5
62.3480995149014 19.5402885189815 0
62.6571259145158 20.9268657699406 0
64.012266237649 21.3517301403662 0
64.322003252967 22.7378712414531 5
65.6775205866346 23.1623738991624 1
65.9879060986678 24.5483903443326 2
67.3432965127959 24.9738262611415 3
67.6532223644749 26.3600551027708 0
69.0085918329324 26.7855739879118 0
69.3183209337343 28.1715163368007 0
70.6738673111127 28.5959685040023 5
70.9834497108426 29.982027281038 1
72.3386941159536 30.4069298582481 5
72.6483298812131 31.7933224772969 1
74.0036149096084 32.2184073758907 5
74.3140398724606 33.6045094665141 2
75.6696724003488 34.0285849718516 5
75.9792377450919 35.4149214522168 1
77.3345008141949 35.8394429348386 0
77.6435067202058 37.2260192128654 4
78.9986720065443 37.6506823268308 0
79.3087286588217 39.0367580789911 5
80.6643164346602 39.4612116494728 2
80.9747396547725 40.847315492184 2
82.3300888622116 41.2727973037032 0
82.6397703487358 42.6590851336201 0
83.9951677271663 43.0843768108493 0
84.3047915216242 44.4703129552611 3
85.6602683138717 44.8948796733785 5
85.9700059679707 46.2809345451334 1
87.3252866008096 46.7061431530147 1
87.6351976168034 48.092434782464 1
88.9905828321921 48.5175117806614 5
89.3009703374154 49.9035449617646 2
90.6565683243248 50.327643199211 5
90.9657706329724 51.7140657733369 1
92.3209242467698 52.1386867295647 0
92.6300442486894 53.5252275333888 4
93.9853042200415 53.9497150415545 4
94.2956475042495 55.3357581065891 5
95.6512587619589 55.7602103083391 2
95.9615472922744 57.1464241660895 4
97.3168603608518 57.5718407874426 0
97.6263339874104 58.9581627287275 0
98.9817151555494 59.3832128631297 0
99.2914201847539 60.7691379111718 3
100.646876777737 61.1938600548415 1
100.956722490663 62.5799446423467 1
102.312033496603 63.005398795998 1
102.622074395945 64.3915942102069 3
103.977559123278 64.8165560948023 2
104.287669897396 66.2025623982454 2
105.643209587556 66.6267305640086 2
66.8784938483737 0.335329085035676 1
68.2335714403822 0.760085885473447 4
68.5429434091663 2.14655675507999 2
69.8983508454777 2.57090706134267 2
70.2088705793893 3.95695213141323 2
71.5644506972766 4.38140599646356 2
71.8743713913305 5.76775730804503 0
73.2296421406193 6.19301806483391 0
73.5389810366352 7.57935311172091 0
74.8943547263426 8.00417396788494 3
75.2042987040432 9.39008210752991 1
76.5597762180245 9.81496099521095 5
76.8697502302529 11.2010826514614 5
78.225066221342 11.6266990172553 1
78.5350835360587 13.0128179955781 0
79.8906518554662 13.4376068890021 2
80.2003806684219 14.8236183620055 2
81.5558170944952 15.2479111950971 1
81.8650189415488 16.6343728130773 1
83.2200824106599 17.0592831744695 2
83.5298210534098 18.4456560663072 2
84.8853603596922 18.8699050346188 2
85.1959135170954 20.2559756955699 2
86.5514218004909 20.6804105002502 4
86.8608630836991 22.0668953752999 0
88.2160571166047 22.4920010615205 0
88.5253848429145 23.8783239674299 0
89.8807670544129 24.3029892078307 3
90.1909848497501 25.6889054691461 1
91.5464604053394 26.1139864720826 5
91.8565677350007 27.5001353242831 3
93.2118766962691 27.9258413229871 3
93.5218104934438 29.3118896507316 0
94.8774093549694 29.7365271540068 1
95.1869200203685 31.1225400392323 5
18.394581261049 31.547041554224 5
96.8515838830633 32.9334792305721 1
20.0590323350297 33.3585593147998 2
20.3691435152588 34.7448216633261 5
21.7247599210104 35.1689903236683 2
22.0351429835045 36.5551097971849 2
23.3905798030433 36.9794878507974 4
23.6996812163731 38.3660500645398 0
25.0548036732166 38.7909956425898 0
25.3642749316922 40.1772672007218 4
26.7197171500051 40.6017758725272 1
27.030108187624 41.9877420074412 2
28.3855540492623 42.4129808547668 5
28.6956194693549 43.7991867510741 0
30.0509435297556 44.2248520726659 0
30.3607153378619 45.6108556563831 0
31.7162875863637 46.0354029320071 2
32.0258479799437 47.4213984532234 1
33.3811297947037 47.8461691793234 1
33.6906411587444 49.2325661824174 1
35.0458412628349 49.6577892656003 2
35.3561587018367 51.0439510116567 2
36.7118062669373 51.4680671056828 2
37.0217458747139 52.8542805418126 1
38.3771133800063 53.278637528574 3
38.6860884832201 54.66522850862 0
40.0411872594719 55.090024659048 0
40.3509244547346 56.4762219655454 2
41.7064636177159 56.9006018854195 1
42.016919065938 58.2866468935481 2
43.3723280587075 58.7119490576002 4
43.6821512125006 60.098242569649 0
45.0375102922885 60.5237064241135 0
45.3471422715499 61.9096857097373 0
46.7026599491777 62.3342185190575 5
47.0124188129393 63.7201861002786 1
48.3677200909193 64.1452473041305 5
48.6775067650003 65.5315625551129 1
50.0327915710597 65.9568766056975 5
50.3431804814778 67.3429365442438 2
12.6249842359534 0.0891908029359372 5
12.9344482333013 1.47549799061328 1
14.2897077387301 1.89994283218524 3
14.5987349317703 3.28652100446166 4
15.9538746822243 3.71119119464541 4
16.2639649188706 5.0973142760383 2
17.6195740580831 5.52165232637868 2
17.9300149532124 6.90778142819726 2
19.28536470338 7.33310291103286 0
19.5949024512427 8.7194750535623 0
20.9502519187366 9.14470658673884 0
21.2598703655097 10.5306773351793 3
22.615347809375 10.9552895993077 1
22.9252471102355 12.3412755992705 5
24.2805814232483 12.7665945130533 1
24.5905515301403 14.1528288000966 3
25.9459267378459 14.5781065906283 5
26.2561993374335 15.9640939241566 2
27.6118090451276 16.3882415149556 1
27.9210161294233 17.7746105712115 1
29.2761681929603 18.1992057296859 3
29.5853457856695 19.5857452750493 2
30.9406024640837 20.0102972135119 2
31.250974023353 21.3963851635975 2
32.6065981747207 21.8207111245969 2
32.9167949096701 23.2069630591204 4
34.2720951794795 23.6321802801466 0
34.5814286944093 25.0185927746099 0
35.9367496654794 25.4435835235789 0
36.2465388233096 26.8295330351592 1
37.6020264259066 27.2542500234548 1
37.9120352315096 28.6402903900752 5
39.2673778539029 29.0658049708437 1
39.5773819799735 30.4519768599626 3
40.932852762715 30.8771039293333 2
41.2428083787259 32.2630665825335 2
42.5983454173891 32.6873001892822 1
42.9075489150675 34.073690563193 1
44.2626472924269 34.4984570635263 5
44.5721034949332 35.8849216750594 2
45.9275132289591 36.3093603008989 2
46.2380255256935 37.6954405328184 2
47.5936130292804 38.1197393486538 2
47.9033489311392 39.5061350942823 0
49.2585844460939 39.9312051176631 0
49.5678137821284 41.3176265699456 0
50.9231349087334 41.7423963394948 3
51.2332146240555 43.1283269374784 1
52.5887292142752 43.5531733572015 5
52.8988632569406 44.9392733687837 4
54.2541888396371 45.3649292618536 3
54.5641101254792 46.7510569266144 0
55.9196500866808 47.175992381122 2
56.2292906457244 48.5619562692129 5
57.5847146945456 48.986355729814 1
57.8940436482792 50.3727360664454 1
59.2491508747663 50.7977230966904 2
59.5589969219682 52.1840783981364 1
60.9145255673353 52.6084195522594 2
61.2250479029043 53.9944979211653 5
62.5805682475696 54.4187534034869 4
62.889844275335 55.8052632954848 3
64.2449935437587 56.2302102197959 0
64.5542684883175 57.616601830736 0
65.9096290161428 58.0411678084804 3
66.2199654013989 59.4271088816658 1
67.5754746011978 59.8521000611685 5
67.8856610491732 61.2382637864091 0
69.2409719043631 61.6639714016281 0
69.5507612890042 63.0500583509541 0
70.9063141927709 63.4748265684459 4
71.2158651542453 64.8607841493986 5
72.5712038962269 65.2854313500505 1
72.8806702513675 66.6717896742059 1
74.2358321717122 67.0970148146467 1
35.4721580529179 0.805390909918774 5
36.8277637602492 1.22965184560764 2
37.1380342801195 2.6157671882302 5
38.4934924517985 3.03999310574283 3
38.8025184579463 4.42656184492155 3
40.1576017821717 4.85141493096856 0
40.4670566370169 6.23774266676616 4
41.8225101594675 6.66212750626119 1
42.1329790450388 8.04811763268699 2
43.4884504943774 8.47321541768384 4
43.7984703659084 9.85947576996486 0
45.1537898968077 10.2850856839351 0
45.4634178712086 11.6711454375705 0
46.8189402810812 12.0957918786359 5
47.1286309953839 13.481724607449 1
48.4839578552495 13.9066432180984 1
48.7936086791102 15.2929594907569 1
50.148843207071 15.7183626948032 1
50.4591401287347 17.1044854694656 2
51.814782768938 17.5286880202593 2
52.1245954512934 18.9148758476675 1
53.4799720625626 19.3391513343509 3
53.7889700578319 20.7257330597525 3
55.1440408548327 21.1505229439953 4
55.4538160257708 22.5367639410283 2
56.8093788311276 22.9610377397661 1
57.1198893507608 24.347096159123 2
58.4753049439505 24.7722353989768 4
58.7849927558398 26.1586091065417 0
60.1403149084286 26.5839988115722 0
60.4498631274649 27.970041961179 0
61.8053483251529 28.3946451556867 1
62.1152453481906 29.7805646820846 1
63.4706005890414 30.2057371198914 1
63.7804810720229 31.5919876546489 1
65.1357796970173 32.0174671576841 5
65.4460796171761 33.4034832512288 2
66.8017266671577 33.8276709207626 2
67.1111370986276 35.2139256265402 1
68.4663936023943 35.6383444981006 3
68.7754888929791 37.0249087045717 2
70.1306161210001 37.449649272126 4
70.4407571786254 38.8358154175458 2
71.7963844071417 39.260056966039 2
72.1067988719272 40.6462070009428 2
73.4621486491714 41.0713091142252 0
73.7715339878502 42.4577636279917 0
75.1268215247431 42.8829081885515 0
75.4364524576393 44.2689295971377 3
76.7919335200273 44.6935573580151 1
77.1019890770173 46.0795130043554 5
78.4573572713351 46.5049034975323 1
78.7673594262703 47.8910983902138 3
80.1227308705512 48.3165212974163 5
80.4328562199539 49.7024690408574 2
81.7884687103682 50.1266868969541 2
82.0977312552458 51.5129767477745 1
83.4528924219469 51.9375779054948 3
83.762160959481 53.3240979274902 2
85.1174170697969 53.7487667393706 2
85.427809819472 55.1348897871759 2
86.7834412936978 55.5591077116109 2
87.0935007559718 56.9453908157993 4
88.4487883338218 57.370375197355 0
88.7579788046845 58.7568657730197 0
90.1132391601823 59.1817782095675 0
90.4231157615408 60.5677650630246 1
91.7786310165059 60.9924484887145 1
92.0888006341841 62.378480164329 5
93.4441541358066 62.8040405999776 1
93.7541059953052 64.1902145081417 0
95.1095570884677 64.6154733486682 4
95.4193753756434 66.0014037350412 4
96.7748988998737 66.4257280862417 2
58.010404952302 0.134159015352336 1
59.3655402677714 0.558988051454234 5
59.6751191280424 1.94542476359044 2
61.0305164095783 2.37001148505487 2
61.3410232646962 3.75610416058251 2
62.6966145398766 4.18027802884458 2
63.0061688605216 5.56669773105281 3
64.3613772404851 5.99157132410724 0
64.6705238653353 7.378056148878 0
66.0258039393526 7.80272791129574 3
66.3359888042902 9.18868747407732 1
67.6915395039185 9.6134431185916 2
68.0018059248134 10.9995518306548 4
69.3571336524224 11.4252101371602 3
69.6669466746118 12.8113720334893 0
71.0224486338841 13.2364229350251 4
71.3320513513799 14.6223559016976 5
72.6874731496761 15.0468730428484 1
72.9969419899684 16.4331557977661 1
74.3521098643579 16.8582620851685 2
74.6620469741418 18.2445856216217 1
76.0175558100582 18.6690909068228 2
76.3280086634519 20.0551659898597 5
77.68354298747 20.4793063204045 5
77.9926916165997 21.8658242567873 3
79.3478089652383 22.2906457649646 0
79.6570436487524 23.6770902671759 4
81.0123979643 24.1015370802976 3
81.3228062391235 25.4875050886369 1
82.678347855548 25.9123498509308 2
82.9885548531431 27.2985533079162 0
84.3438665013918 27.7241993882619 0
84.6535119785768 29.1103459393125 0
86.0090107447706 29.5352078388692 4
86.3186392774649 30.9211292311187 1
87.6740095462939 31.3458982536572 1
87.9836097216603 32.7321680128998 1
89.3388297598263 33.1575436903731 1
89.6489921343232 34.5437453599404 5
91.0045813383321 34.9681658053444 2
91.3147223320556 36.3542642090165 1
92.670195742641 36.7784292074922 3
92.9792102867997 38.1649871092695 3
94.3342691584303 38.5898046966033 0
94.6437361758955 39.9761748139524 2
95.9992113385729 40.4004555915073 5
96.3097267737809 41.7864663818673 2
97.665221832859 42.2113736682974 4
97.9751391276817 43.5977011584258 0
99.3304436552787 44.0231973668027 0
99.6399513504044 45.4093317423604 0
100.995423490891 45.8340429878486 3
101.305245973631 47.2199421396173 1
102.660623260801 47.6449583995645 1
102.970410822277 49.031197891483 1
104.32567844839 49.4567433084157 1
104.635906162908 50.8428279876267 4
105.991542680784 51.2671683208902 2
106.301242026672 52.65331450488 1
107.656614290037 53.0775866709167 1
107.96568006679 54.4641455436548 5
109.320734160877 54.8889907257117 1
109.63057261732 56.2752668121359 5
32.8384944938103 56.6994710910998 5
111.296684684559 58.0855446484553 2
34.5044447677426 58.5104680978171 3
34.8139690216999 59.8969180687692 0
36.1692373795162 60.3222028641732 0
36.4787268790947 61.7083240279429 0
37.834181487161 62.13298152423 1
38.1442056364558 63.5188939137714 1
39.4995907665165 63.9441698846756 1
39.8094834457153 65.3304115606135 3
41.1648896507798 65.7557840957622 5
41.4752491194615 67.1416957302006 4
42.8308500932344 67.5660521196445 2
4.06639124663086 1.27437480833221 1
5.42163128188739 1.69884252109743 1
5.73080894972404 3.08537817132501 2
7.08593119987755 3.51023921214976 2
7.39612342125716 4.89643435329208 2
8.75175957183283 5.32060905172716 2
9.0621018430238 6.70677894213313 2
10.4174519611612 7.13163424751599 0
10.7266757360542 8.51815498583414 0
12.081894443267 8.94320800318553 0
12.3915460951771 10.3292901825171 3
13.747030335603 10.753905141985 1
14.0572377107339 12.1398670685525 2
15.4126218985949 12.5653025038706 1
15.722631151248 13.9514861434869 0
17.0779980099925 14.3770043671135 4
17.3879632242783 15.7629342204526 4
18.7435636011461 16.1872420265266 2
19.0529285063503 17.5734345092036 1
20.408114963499 17.9980952348838 5
20.7175020998813 19.3845790489638 2
22.0727577160938 19.809403565307 2
22.3831632181208 21.1955416561674 2
23.738799930097 21.6196702810899 2
24.0486948736235 23.0059747952312 3
25.4039789762432 23.4307220092962 0
25.7130499746853 24.8172682971912 0
27.0682552231004 25.2420841439495 0
27.3781936999977 26.6281159828506 5
28.733735824047 27.0527227308979 1
29.0440432271982 28.4387717654389 2
30.3993993548748 28.8643393307877 3
30.709278945198 30.2505419795832 0
32.0647073810869 30.6758817779301 4
32.3744203134109 32.0618017116751 4
33.7299285040427 32.4862247971294 5
34.039421951633 33.8724071702309 1
35.3946129070539 34.2973537416603 5
35.7043210693525 35.6837470279631 1
37.0597012643267 36.1085361115532 2
37.3701817596146 37.4946223871208 2
38.7257777531062 37.9187180278835 5
39.0351639881888 39.3051464563187 3
40.3903548322992 39.7298564225514 0
40.6994409977024 41.1163850737982 4
42.0546921589331 41.5409575484119 3
42.3649303533731 42.9269533069651 5
43.7205119438861 43.3515780447996 2
44.0308507738592 44.7377165516096 4
45.3861773002388 45.1633199739749 0
45.6958634154724 46.5495385276679 0
47.0513195939949 46.9746544029259 4
47.3609324677444 48.3605743411219 3
48.716364329015 48.7851898132159 5
49.0259857971063 50.1713704591793 1
50.3812206309439 50.5966199220306 1
50.6912211204676 51.9828972216692 1
52.0467079889831 52.4076184821964 2
52.3570699398356 53.7936733466093 2
53.7126189760321 54.2177768000428 5
54.021714655178 55.6042798054942 1
55.3768143406334 56.0290276221988 0
55.6860474866846 57.4155041887133 4
57.041406769523 57.8398711995557 5
57.3518595339799 59.2258678570513 5
58.7074281326055 59.6505376462422 2
59.0175947658769 61.0367904659617 0
60.372900295015 61.4623137115886 0
60.6824163574193 62.8485355653759 0
62.0378562514021 63.273438355486 0
62.3475860454211 64.6593429839906 1
63.7029977386298 65.0841801659443 1
64.0127457395711 66.4703663550767 1
65.3680177741126 66.8958636980376 1
26.6043126345413 0.604165990921414 5
27.9598843553807 1.02877686250602 2
28.2698835532282 2.41484270453215 2
29.6253602116566 2.83902017649429 1
29.9344195333542 4.22554907304059 1
31.289467617314 4.65037623260121 4
31.5989923999332 6.0367705625143 2
32.9544900879489 6.46100593397838 5
33.2650339865386 7.84703894176598 2
34.6205470140179 8.27173774923708 4
34.9303207576803 9.65813006523157 0
36.285592240248 10.0834804196279 0
36.5950063642533 11.4697013159918 0
37.9504325071641 11.8944392960886 3
38.2603997584253 13.2803312613446 1
39.615826392394 13.7053859885525 1
39.9257498863684 15.0915643741857 3
41.281043487198 15.5171966756136 1
41.5911658307044 16.9032566708245 4
42.9467935342702 17.3277443348189 2
43.2564014022398 18.7138340015118 2
44.6117622761333 19.1381494734559 1
44.9209274955345 20.5246677354787 5
46.2759854374458 20.9495844928663 2
46.5859086477037 22.3358764854734 2
47.9415103569864 22.7600424829312 5
48.2520315221088 24.1461298821156 2
49.6074659800319 24.5708057364461 4
49.9168254273945 25.9573109935728 0
51.2720352036816 26.382459780256 0
51.5814967595515 27.7686565008744 0
52.9369345623339 28.193289939344 1
53.2471344810838 29.5792061718642 2
54.6025590766703 30.004467710561 1
54.9126061326516 31.3906399544869 3
56.2679233845504 31.8162986731627 3
56.5779436092552 33.2022763544462 4
57.9335744372645 33.6266813049345 2
58.2430010456805 35.0127821695518 5
59.5982587911251 35.4372996195042 1
59.9075608302392 36.8237882319531 2
61.2627025163585 37.2487696987844 2
61.5729499983488 38.6349732390312 2
62.9285952692615 39.059088092196 2
63.2388316521434 40.4452726941579 5
64.5941954854936 40.8698693951532 0
64.9032822396409 42.2564331689552 0
66.2584396262428 42.6813763800185 0
66.5681051847859 44.0675199349318 3
67.9235983832857 44.4920695186327 1
68.2339371086892 45.8780571229013 2
69.5893330623518 46.3034823371496 3
69.8993208365602 47.68968563864 0
71.2546805212573 48.1152491131072 0
71.5644941696008 49.5011882062479 4
72.9200680820443 49.9255996431985 2
73.2295728620147 51.3116879205924 1
74.5848003295749 51.7364751888834 5
74.8943265632435 53.1229053781281 1
76.2495832866779 53.5479277079044 2
76.5599924553702 54.9340561563396 2
77.915631598043 55.358136849008 2
78.2253611405558 56.7444469096851 1
79.580648616058 57.1689967410993 0
79.8896517942978 58.5555731442603 0
81.244812877642 58.9803015353235 0
81.5547819686101 60.3663797738307 5
82.9103486281724 60.7908726138328 1
83.2207549884153 62.1769473156938 2
84.5761129957197 62.6024555999231 3
84.8858888408407 63.9887127059932 0
86.2412903169441 64.4140722067381 0
86.5509364032502 65.8000032150155 3
87.9064295047874 66.2245177793389 5
88.2160918102307 67.610593537649 1
50.4975141307899 0.35783079202497 5
50.8073420065723 1.74416424234082 1
52.1627054265099 2.16919399864474 5
52.4731416706112 3.55525078771305 2
53.8287457101419 3.97933430261323 5
54.1380302030625 5.36574686702906 1
55.4932111342283 5.79035441040507 0
55.8022906233233 7.17690328692732 4
57.1575236739411 7.60143020622349 4
57.4678005838993 8.98746531032487 5
58.8234072177212 9.41194756873997 2
59.1337622896384 10.7981204574922 4
60.4890864047277 11.2236010859367 0
60.7986420592363 12.6098942642285 0
62.1540452445041 13.0350102818521 0
62.4637019461792 14.4209345911248 3
63.8191542099415 14.8456060904428 1
64.1289356888837 16.2316988765073 1
65.4842310338669 16.6570715622887 1
65.7942567576934 18.0433001955057 3
67.1497231412384 18.4682438351913 2
67.4599582326208 19.8542638071801 2
68.8155179092634 20.2783914704672 1
69.1246195384859 21.6648599556001 1
70.4797134796871 22.089577475485 0
70.7889815794692 23.4760710409359 2
72.1443494430553 23.9004362725319 2
72.4548225196992 25.2864714565501 2
73.8104103534353 25.7109684069094 2
74.1204680304523 27.0972745735975 0
75.4757557753569 27.5226306442946 0
75.7851461217436 28.9089431033607 0
77.1405295916014 29.3338351363563 0
77.4503741367187 30.7197432982345 1
78.80583149875 31.1445931146565 1
79.1157336905498 32.5307162771097 1
80.4710432083474 32.9562875625361 1
80.781098370577 34.3424266225989 4
82.1366543166426 34.7672174299185 2
82.4465086767602 36.1532380321025 2
83.8019782581751 36.577471408823 1
84.1111229648434 37.9639512390724 1
85.4661792211482 38.3888079937779 4
85.7757921535396 39.7752086652732 2
87.1313033062874 40.1994647157925 2
87.441858678102 41.5855231029625 2
88.7973841108543 42.0100163631608 4
89.1069845736002 43.3964618711357 0
90.4622102560525 43.8216512871285 0
90.7715441797363 45.207960256 0
92.126929056809 45.6326790355468 3
92.4370481374049 47.0185841211582 1
93.7925171386111 47.4436283205525 5
94.1025712942863 48.829772301139 3
95.4578786641961 49.2554577525256 3
95.7678739587959 50.641517535673 0
97.1234790094797 51.0661526410941 2
97.433026137346 52.4521812282438 5
98.7883754363366 52.8765925600238 1
99.0976500812572 54.2630541880345 5
100.452734222226 54.6880658184569 2
100.762743337064 56.0743576980934 5
102.118345827253 56.4985344361759 2
102.428818782953 57.884634907323 5
103.784266715151 58.3090800081378 4
104.093465967636 59.695622169391 0
105.44861550259 60.1206403866111 0
105.758043992857 61.5069111079412 0
107.113466120562 61.9314854463666 1
107.423796517071 63.3174284473579 2
108.779242688352 63.7426592974298 5
109.089333270177 65.1288394446388 0
110.444646916621 65.554537470483 0
110.754505428616 66.9405380170384 0
112.110090706958 67.3650845597719 2
73.3458077115012 1.07323066351265 5
74.7010914469513 1.497884717007 1
75.0105367788391 2.88430451050337 1
76.3657149090047 3.3094241717743 2
76.6759944004997 4.69561116621087 2
78.0316566261033 5.11967422667154 2
78.3417397827027 6.50587210560248 5
79.6971229690097 6.9302632889081 0
80.0061143153914 8.31685228559696 0
81.3612217034403 8.74170573821384 0
81.6708811463092 10.1279096413865 4
83.0263884190849 10.5523539887945 2
83.3368199678509 11.9383711419629 2
84.6922290005621 12.3637168990457 4
85.0021495086772 13.7499723143149 0
8.20983497996458 14.1755266212857 3
86.6671778815351 15.5615016850862 1
9.87505174877182 15.9860164438026 5
10.1847082735274 17.3720127073474 1
11.5399865224213 17.7969647586043 5
11.8496548646082 19.1833259395996 2
13.2049189130981 19.608568935289 5
13.5153101700611 20.9946651449404 2
14.870951423027 21.4187602373836 5
15.1805475707647 22.8050542606262 1
16.5358382926739 23.2294833934638 3
16.8448351470763 24.6160681944822 4
18.1999647397471 25.0407634298179 4
18.5099600112656 26.4268898929321 2
19.8655508223683 26.8512606525067 1
20.1760084149693 28.237359960408 2
21.5313705008993 28.6627346453832 0
21.8410110050226 30.0490694120156 0
23.1963774567829 30.4743833450182 0
23.5059863463829 31.8603466631255 3
24.8614700965926 32.2849249519922 1
25.171297385671 33.6709183158622 5
26.5266121296049 34.0961510921028 1
26.8365282855829 35.4824206131678 1
28.1918820311461 35.9076712887064 5
28.5022328838266 37.2936844729065 2
29.8578497283038 37.7178047851587 1
30.1670943516438 39.1041771267226 1
31.5222706720477 39.528737197388 3
31.8313846045343 40.9152911132335 2
33.1866078250498 41.3398520522665 4
33.4969131755412 42.7259341030846 2
34.852536632512 43.1502911251899 2
35.1628398953572 44.5365009110578 4
36.5181558889755 44.9618040886855 0
36.8275691123028 46.3481876608468 0
38.1829115402372 46.7732532183072 0
38.4926228642316 48.1592016146378 3
39.8480990586277 48.5838899342453 1
40.1580365705422 49.969925022392 5
41.5133737348014 50.3953783978581 1
41.8233874732931 51.781570397764 3
43.1788396879985 52.2066987200977 2
43.4889208017649 53.5926754386263 2
44.8444845875906 54.0168561421428 1
45.1536461193149 55.4032642925016 1
46.5087501230632 55.8279723389755 4
46.818098709531 57.2144621180729 2
48.1734738384481 57.6388944778209 2
48.4839662093859 59.0249659978902 2
49.839566434152 59.4493055658325 2
50.1494788426984 60.8356543305457 0
51.504740005041 61.2608136645016 0
51.8140187138289 62.6472135343555 0
53.1693481114199 63.0720584269952 0
53.4793284889472 64.4579832261481 1
54.8348258620832 64.8828119930814 1
55.1448919726541 66.26890032513 5
56.5002186152198 66.6945229713915 1
17.7363576613531 0.402796271872878 0
19.0918902177208 0.827747925975286 2
19.4016203498219 2.21372122897723 2
20.7570752223704 2.63804744574132 1
21.0663366025258 4.02445421570525 1
22.4214233555892 4.44936567352264 2
22.7311415943375 5.83575578953519 2
24.0866478158074 6.26009212884407 2
24.3971915701631 7.64616757500578 2
25.7527259049521 8.07047643409319 4
26.0621445494991 9.45695718431303 0
27.4173249549881 9.88197494615751 0
27.7265897222652 11.2683610704911 0
29.0819412196321 11.6930044353368 3
29.3921953163539 13.0789330100514 1
30.747700889078 13.5039148373925 5
31.0578684553757 14.8900564015544 4
32.4131802734085 15.3157650902401 3
32.7230411575578 16.7018512164618 0
34.0786075965944 17.1266257591453 2
34.3881476143163 18.5125987261697 5
35.7434979441267 18.9371439025036 1
36.0528959483232 20.3235303318053 5
37.4080273810563 20.7486634026192 2
37.7181101194886 22.13493748996 5
39.0737036632168 22.5591861167583 2
39.3840903594398 23.9452888608889 5
40.7395591737082 24.3695496529467 4
41.0486430119202 25.756107931758 3
42.4037480680772 26.1810038764654 0
42.7131493075985 27.5673371418299 4
44.0685738470002 27.9917928397235 1
44.3790012000678 29.3777623063744 2
45.7344776118846 29.8028759002334 5
46.0445691124088 31.1890956623595 0
47.3998868154923 31.6147588560546 0
47.709588159384 33.000809056035 0
49.0651349651767 33.4254533983486 4
49.3747466875169 34.8114064292132 1
50.7300609871053 35.2362201862324 1
51.0396221600358 36.6225708889135 1
52.3948292083993 37.0478926760677 1
52.7051091841888 38.4340539173957 2
54.0607493863753 38.858236392426 2
54.3707146908562 40.244411410379 1
55.7261142683024 40.6686792154929 3
56.0350974432757 42.0552638518174 3
57.3901725088055 42.4800663012249 0
57.6998482119016 43.8663183656753 2
59.055379737763 44.2906367868693 1
59.3658763577129 45.6766729232776 2
60.7213034588195 46.1018560433173 4
61.0311126982898 47.4881830766058 0
62.3864444348983 47.9136600119953 0
62.6960202333244 49.2996901215751 0
64.0515210388167 49.7242814671688 5
64.3613307267296 51.1102116299038 1
65.7166644858334 51.5352987357794 1
66.0264632649808 52.921583746432 1
67.3817417190729 53.347017860387 5
67.6920769567724 54.7330691745554 2
69.0477233905555 55.1572343933697 5
69.3572316539722 56.543487842679 1
70.7125198365396 56.9678698362554 3
71.0215666927866 58.3544450371927 4
72.3766749464495 58.7791817844705 4
72.6867161899071 60.1653536830877 2
74.0423280694927 60.5896228886089 2
74.3527933732022 61.9757416460644 2
75.7081580688109 62.4009209428867 0
76.0176488605071 63.78734010888 0
77.3729621982656 64.2125693738558 0
77.6825576433597 65.5985826179008 3
79.0380359766707 66.0231971220889 1
79.3480208683936 67.4091436408247 1
41.6295485051954 0.156606188438635 1
41.9395262981153 1.54282186824942 3
43.2948772180491 1.96824024195311 5
43.6051026083173 3.35420870210199 2
44.9607280677242 3.77839502162051 1
45.2699911125267 5.16469961491999 1
46.6251679035847 5.5892504854655 3
46.9343600914032 6.97579059272965 2
48.2895795832044 7.40044886484663 2
48.5999191372462 8.78657164282869 2
49.9555524424238 9.21082182575267 2
50.2657567212238 10.5970618093352 4
51.621062509066 11.0221391886167 0
51.9303289744023 12.4086057112378 0
53.2856083738686 12.8335966197106 0
53.5953949299496 14.2195811390747 3
54.9508944232813 14.6442555043552 1
55.2609983901213 16.0302665587239 5
56.6163560455913 16.4557761619392 1
56.9263444253216 17.8419518874511 0
58.2817819583554 18.2672261602447 4
58.5917142452919 19.6531638050777 2
59.9472686927949 20.0774274963223 1
60.2565417618854 21.4637472607433 1
61.611669236062 21.8884931712844 5
61.9211258125662 23.2749627023208 2
63.2764944382194 23.6995267071654 2
63.5869824354773 25.0856247417519 2
64.9425875109669 25.5098350402474 2
65.2523122596031 26.8962183004288 3
66.6075487914725 27.3211641261181 0
66.9167108053225 28.7076403884262 0
68.2719923627593 29.1323971812322 0
68.5820782492079 30.5183537188877 1
69.9376140928345 30.9431142805757 2
70.2478275799717 32.3292011776657 4
71.6031605049474 32.7548461209664 3
71.9130357736044 34.1410033511595 0
73.2685378757228 34.5660830882926 4
73.5781848807788 35.9520221697807 5
74.9336295122279 36.3764583376465 1
75.2430289304852 37.7627698499742 1
76.5981690739066 38.187775456432 2
76.9079985580699 39.5741380381541 1
78.2634872345598 39.998618290006 2
78.5739919338596 41.3846960155093 5
79.9295367204413 41.8088664083181 5
80.2387955069886 43.1953639557738 3
81.5939405193933 43.6202264588639 0
81.9031510477612 45.00667220651 4
83.2584834517114 45.43120105788 3
83.5688306616502 46.8171561466649 1
84.9243704663676 47.2420174661119 2
85.2346064399603 48.6281847323483 4
86.5899194857941 49.0538660175762 0
86.8996420560671 50.4400010766937 0
88.2551584985474 50.864889236796 4
88.5647426012356 52.2508223503323 1
89.9201112881436 52.6755012090096 1
90.2296415755083 54.0617981336354 1
91.5848319791517 54.487077824042 2
91.8949522739013 55.8733191600295 5
93.2505289039923 56.297716832435 2
93.5608016395923 57.6838097958209 1
94.9162887862988 58.1079723027632 3
95.2253182273694 59.4945278259272 3
96.5803925087519 59.9193520179935 0
96.8897825287006 61.3057340598844 4
98.2452201637805 61.7300730503556 5
98.5557071242569 63.1160651515662 2
99.9112096453669 63.5410102015421 2
100.221242311579 64.9272882400348 0
101.576552550102 65.3528642364153 0
101.886118193254 66.7389812895497 0
103.241609221577 67.1637109867561 4
64.4775153903263 0.871758511828666 1
65.832873865467 1.29669618338085 1
66.1425804806578 2.68296262747784 1
67.497827949001 3.10844510637858 1
67.8080765292254 4.49456486594903 2
69.1637077433764 4.91888115193717 2
69.4735522414758 6.30502299922562 1
70.8289578519828 6.7292521692308 3
71.1379868063958 8.11581833633996 3
72.4930427944112 8.54063370337939 4
72.8027666297796 9.92692434153697 2
74.1583270317167 10.3511436949678 5
74.4688559004935 11.7371956255012 2
75.8243000509529 12.1621648721243 4
76.1339586447657 13.5485702077696 0
77.4892547883433 13.9739309054283 0
77.7987517716708 15.3600353583063 0
79.1542196023167 15.7846777086754 1
79.4641759420871 17.1705784902872 1
80.8195588842899 17.5957517787895 1
81.1294671683261 18.9819733452527 3
82.4847613224587 19.4075433907688 5
82.7949918502562 20.7935568876014 4
84.1506416049326 21.2178276959534 2
84.4600969241427 22.6040216819377 1
85.8153778131324 23.0284095212232 1
86.1245092849695 24.4149605638337 5
87.4796093253664 24.8397875544286 2
87.7897118313795 26.2259939959083 2
89.1453398782425 26.6501865418985 2
89.455772459206 28.0363227607039 2
90.8111395588901 28.4612625880847 0
91.1204688230439 29.8477547047892 0
92.4757166082348 30.2728872990922 0
92.7853135754433 31.658963602854 3
94.1407883625064 32.0835858637322 1
94.4509261473318 33.4695253355551 2
95.8063114085402 33.8949071633761 1
96.1163246658762 35.2810931212214 3
97.4716760564771 35.7066212474184 4
97.7817463994067 37.0925622555581 4
99.1373677839516 37.5168330203723 1
99.4466941880862 38.9030500636641 1
100.801884040566 39.3276321519847 1
101.111179421534 40.71414223863 1
24.3187371578058 41.1389353258727 2
24.6291000904173 42.5250834327849 2
25.984740004551 42.9492428711956 2
26.2948031403636 44.3355079597771 2
27.6501047513328 44.760339377485 0
27.9592280001132 46.1468709940378 0
29.3144456637034 46.5717724835524 0
29.6242940215643 47.9578047763847 3
30.9798157737928 48.3824310410121 1
31.2900675385879 49.7684528975304 2
32.6454308179874 50.1939952774322 3
32.95536836912 51.5801850940032 0
34.3107876541031 52.0055609930208 4
34.6205833507478 53.3914824153662 4
35.9761207255878 53.8158438445034 2
36.2855358041675 55.2020582608895 1
37.6407064024063 55.6268986110974 5
37.9502881984336 57.0133326028579 1
39.3056427922921 57.4380798926644 2
39.6161116380074 58.8241855928595 2
40.9717205507856 59.2482982258221 2
41.281248072817 60.6347052237644 3
42.6364811303749 61.0594162498921 0
42.9455656157891 62.4459394541255 0
44.3008169574884 62.8705712472381 0
44.6109965477138 64.2565548380322 5
45.966567519637 64.6812043268935 2
46.276929018786 66.0673019764389 4
47.6322537352733 66.4929382609983 3
8.86819115966039 0.2012763712922 0
10.2236500208285 0.626449570235672 4
10.533266237171 2.01237156513973 3
11.8887069128198 2.43692092125092 5
12.1982586386864 3.82312645741856 1
13.5534617209576 4.24827251436577 2
13.8633827006695 5.63459233688011 1
15.2188477640329 6.05928286375701 2
15.5292834400118 7.44534787950591 2
16.8848395233959 7.8694533276418 5
17.1939924792622 9.25594790641103 3
18.549114135213 9.6807036373834 0
18.8582974464818 11.0671894568601 4
20.2136237615311 11.4916193410487 3
20.5240241082633 12.8776039528876 5
21.8795937915035 13.3023058414029 2
22.1898343277691 14.6885156669141 4
23.5451462257466 15.1141031785805 0
23.8547323488777 16.5003053611058 0
25.2101926043576 16.9252532803793 4
25.5198537452509 18.3111654223423 1
26.8752559140176 18.7359336818999 1
27.1849292826947 20.1221403456807 1
28.5401802512433 20.5475578737406 1
28.8502978026641 21.9337594177508 5
30.2058551695402 22.3583508326822 2
30.5159947156793 23.7444200779293 2
31.8714929688281 24.1685671559524 1
32.1805316855079 25.5551019884191 1
33.5355899986117 25.9799056191299 0
33.8450104433233 27.366319072574 2
35.2004695115638 27.790586183508 5
35.5109922147392 29.1766019872381 2
36.8665177722044 29.6013468695319 2
37.176435609037 30.9876892795953 0
38.5317268205931 31.4131251827418 0
38.8411781318939 32.7993257773679 0
40.1966189298752 33.2240923847851 3
40.5064851305469 34.6099861913932 1
41.8618956970899 35.0349793572487 1
42.1717370258338 36.4211761752589 1
43.5270199398726 36.8467635131688 1
43.8371763652942 38.2328541039103 4
45.1927977220894 38.6573291479097 2
45.5025167554717 40.0434271148904 2
46.8579131578893 40.4676853209754 1
47.1670201584395 41.854220094856 5
48.5220678357929 42.2790967434457 4
48.8318680363 43.6654114561177 2
50.1874472475287 44.0895926631338 5
50.4979915592696 45.4756596821974 2
51.8534446422649 45.900403847041 4
52.1629409248271 47.2868725204006 0
53.5181830303931 47.7121037610421 0
53.8276291504339 49.0982886989107 0
55.18306779522 49.522947057643 1
55.4931797465239 50.9088479806904 1
56.8486006743915 51.3340576913923 1
57.1586101577389 52.7202347974929 3
58.5139178904665 53.1458835807201 3
58.8240148556713 54.5318776490148 4
60.1796559421657 54.9562657230029 2
60.4890989818084 56.3423849301361 5
61.84437541019 56.7668251685884 1
62.1536129182755 58.1533349119997 5
63.5087224526378 58.5782737108131 2
63.8188913007208 59.964495591891 2
65.1745284867103 60.3886338419034 2
65.4848902368784 61.7747859017407 5
66.8402655676738 62.1994692656145 0
67.1494389504259 63.5860132861507 0
68.5046197301832 64.0110395038453 0
68.8142226586585 65.3971820974632 3
70.1696963275028 65.8217705864019 1
70.4799779447061 67.2077301913809 1
71.8353779628852 67.6331286134307 1
33.0715702393708 1.3414533548726 0
34.4269185252844 1.76704548501406 4
34.7368270511885 3.15298598533105 4
36.0924269302333 3.57735989139451 2
36.4018637374661 4.96347772808433 5
37.7570823463075 5.3881571842218 1
38.0665063108975 6.77462020922365 2
39.4217321025742 7.19958542598224 2
39.7321114789946 8.58573591543427 2
41.0877557329185 9.0098312070091 2
41.3976596002365 10.3961093857701 5
42.7529672365647 10.8207109304246 0
43.0619902564602 12.207282239489 0
44.4171554458255 12.6320857853712 0
44.7270395076122 14.0181672269436 5
46.0825840157165 14.442698239043 1
46.3929556968342 15.8287445134199 2
47.7483229243678 16.2542584765478 3
48.0581848228418 17.6404879300906 0
49.4135845413071 18.065903618954 0
49.723279989231 19.4518301988834 4
51.078797706724 19.8762874518597 5
51.388379654685 21.2623900284295 1
52.7436091406302 21.6873695192761 5
53.053333036933 23.0737454558227 1
54.4086744630692 23.4987169773524 5
54.7191300061792 24.8847983171204 2
56.0747421702132 25.3088746166511 5
56.3841419584521 26.6952703271391 1
57.7393525777611 27.1198778680591 0
58.0484013171786 28.5064329378838 4
59.4036158418865 28.9310128672669 4
59.7138126881621 30.3170444832574 5
61.0694092140696 30.7415576201631 2
61.3797914065745 32.1276953234441 4
62.7351239026341 32.5532256990286 0
63.0447611194241 33.9394930629872 0
64.4001811065818 34.3646743444879 0
64.7098083080607 35.7505983820096 3
66.0652615154869 36.1752157601828 1
66.3749752894564 37.5613231248975 1
67.7302463436743 37.9866053488025 1
68.0402284131855 39.3728727792094 1
69.3956732442394 39.7977935533653 2
69.7060126092573 41.1838284661385 2
71.0615827773071 41.6079337434524 1
71.3707028192266 42.9944028686155 1
72.7258147372146 43.4191000290838 0
73.0350115300435 44.8056077838242 2
74.3903403355803 45.2300049195239 5
74.7007705382303 46.6160263960577 5
76.0563633803118 47.0405606927343 2
76.3665429686886 48.4268188450271 4
77.7218453138 48.8522573913494 0
78.0313027632728 50.2385433705593 0
79.3867037529133 50.6634952054011 0
79.6964610180362 52.0494052289713 1
81.0519037217159 52.4742084044949 1
81.3617311881374 53.8603395563242 1
82.7170300411879 54.2858528684788 1
83.0271050116224 55.6720193463946 3
84.3826448387156 56.0968066070641 2
84.6926358541108 57.4828365592749 2
86.0481338674436 57.9070231369905 1
86.3572325613375 59.2935171998221 1
87.7122894669384 59.7183323248603 4
88.0217820697396 61.1047585349629 2
89.3772577902647 61.5290280183245 2
89.6878007656919 62.9150720850534 2
91.0433413331792 63.3396191038711 2
91.353104147892 64.7260192686163 0
92.7083580817437 65.1512954174759 0
93.017715506529 66.5375857348712 0
94.3731081934824 66.962352513345 3
55.6092917094456 0.670389050398047 1
56.9647491241269 1.09539011625574 5
57.2747352333275 2.48153647112728 3
58.6300394664464 2.90719077372089 1
58.9400882923229 4.29326774408624 4
60.295692578938 4.71790107353078 2
60.6053188050434 6.10394164285458 2
61.960700638089 6.52827484618664 1
62.2699178811768 7.91475702736356 5
63.6249812689686 8.33970739288428 2
63.9348772626798 9.72602620687476 2
65.2904640117566 10.150210224605 2
65.6009965433524 11.5362921140555 2
66.9564610509342 11.9608033142551 4
67.2657879331852 13.3473175256126 0
68.6209717491058 13.7724080863409 0
68.9303741081876 15.1586727289001 0
70.2857890362067 15.5832943351538 1
70.5960464504047 16.9692167381309 1
71.9514972517289 17.3944108245812 5
72.2615840761755 18.7805761076464 3
73.6168978948388 19.2062679026117 3
73.9268366276438 20.5922740711232 0
75.2824500241106 21.0167892477552 2
75.5919211202724 22.4028325363729 5
76.9472050858428 22.8273858803653 1
77.2565569635937 24.2138409009679 5
78.6116928091111 24.6389166732241 2
78.9219119875448 26.0251369549438 5
80.2775520095094 26.4492572995927 2
80.5878013140238 27.8354201722208 5
81.9431954774055 28.2598690311254 0
82.2522469571279 29.6464435352503 0
83.6073718658676 30.0713589711343 0
83.9169686211911 31.4575650457839 4
85.2724498668165 31.8820640745704 1
85.5828432698047 33.2680532482969 2
86.9382590790144 33.6933997583985 5
87.2482549475387 35.0796200996953 0
88.6035976739522 35.5052255381877 0
88.913353054124 36.8911938766887 0
90.268917661705 37.3156770737921 2
90.5784926017801 38.7016998508036 1
91.9337536059617 39.1265344998172 1
92.2433178019524 40.5129342514955 1
93.5985548170847 40.9381049850127 2
93.908933515959 42.3242339457298 2
95.2645791393126 42.7483200549343 2
95.5743307468465 44.1345936212181 1
96.9296470560326 44.5590299720718 0
97.2386296722872 45.945617480025 0
98.5937554150826 46.3703555196486 0
98.9036572125191 47.7564868991189 5
100.259224759796 48.1808980779236 1
100.569673470979 49.5669699156102 2
101.925045995087 49.9923829412374 0
102.234790297699 51.3786799330357 0
103.590164428669 51.8040733015127 0
103.899787438437 53.1900288958315 3
105.255284953639 53.6145690402126 5
105.565032848652 55.0005781169563 1
106.920323201818 55.4257126500838 1
107.230161769032 56.8120222755197 1
108.585493324833 57.2372320956633 5
108.895892892265 58.6232747160331 2
110.25151297087 59.0473769180569 5
110.560828085585 60.4337456571086 1
111.916030704215 60.8582850617311 3
112.225090915993 62.244850815769 4
113.580283106297 62.6694442319354 2
113.890502252572 64.05552456304 2
115.246109910456 64.4799448603339 2
115.556442736072 65.8661248570768 4
38.764029 66.291662 3
