x           y           stackinginfo
0.0 0.0 0
1.251103 0.672509 0
1.29412093493144 2.09199043177693 1
2.54523491384173 2.76461841821953 1
2.58830568260702 4.18432871937179 3
3.83927030633164 4.85742781851928 1
3.88269253755338 6.2771363933408 4
5.13409544021433 6.94935470002238 2
5.17706901399304 8.36902432702338 2
6.42810652297498 9.04115440188562 3
6.47073505525811 10.4611276406398 2
7.7216646919444 11.1334994491891 2
7.76528939996619 12.5532611347617 2
9.01666607331491 13.2254223231211 2
9.05992255369186 14.6453360671832 0
10.3108574844356 15.3181214229408 0
10.35358671786 16.7379142305617 0
11.6046344331872 17.4104593184934 3
11.6481145014777 18.8299653670331 1
12.899233029145 19.5028239350541 5
12.942538585425 20.9225854447381 3
14.193503133744 21.595782938356 3
14.2368250187025 23.0152974834209 4
15.4881673253229 23.6874588819141 2
15.5309953921554 25.1071501471242 1
16.7818675897784 25.7795611199442 5
16.8248624793974 27.1994926009137 1
18.0761145561085 27.8716699713297 2
18.1198451997342 29.2914196957884 2
19.3711364767385 29.9634641324948 4
19.4136705264157 31.3834298851531 0
20.6645045660105 32.0559436763884 0
20.7074572828092 33.4756590622607 4
21.9586913253724 34.147944460055 1
22.0022341031518 35.5676231037454 2
23.2532801099312 36.2406795047442 3
23.2963147991147 37.660457830439 0
24.5474271228962 38.3333548547352 4
24.5904006855094 39.752772549448 3
25.8415202172057 40.4251659762781 5
25.8844208020059 41.8449259873716 1
27.1353229381643 42.5177586386418 2
27.1787949148585 43.9375820179857 5
28.430194017929 44.6096629302723 5
28.473459712102 46.0294126710396 1
29.7245772561691 46.701485864268 3
29.7671051692439 48.1214557886028 4
31.01797014434 48.7938067956444 4
31.0615074163992 50.2134866757114 5
32.3128683482407 50.8857726280186 2
32.3564330567765 52.3056202943844 4
33.6073981220495 52.9787003194593 0
33.6502620844475 54.3984154619869 0
34.9013704956532 55.0710542000275 3
34.9445616131328 56.4904916889695 1
36.1955985327248 57.1632966852127 1
36.2386350885931 58.5831217755013 1
37.4897096305801 59.2560560903618 1
37.5334277448589 60.6756664982365 2
3.7107406003122 0.597787476178124 1
3.75340927122582 2.01757792531562 1
5.00426704157331 2.68989118760539 3
5.04696001070303 4.10984446744971 2
6.29814628706547 4.78196961276633 5
6.34187321454733 6.20169762054133 2
7.59316208739644 6.87399795295133 4
7.63608183579038 8.29394655691073 0
8.8869991034326 8.96673668325847 0
8.92991977624511 10.3863704520249 0
10.1810837963252 11.0588042752404 1
10.224520446949 12.4783577809318 2
11.4755815111191 13.1513730107057 1
11.5188020731279 14.5711364992208 0
12.7698953447981 15.2440940247927 4
12.8130697198092 16.663583390345 2
14.0642556490998 17.3357963204709 1
14.1070150697445 18.7556426424926 5
15.3578082398327 19.4282485603937 2
15.4011152507657 20.8481388202659 5
16.6525035816641 21.520154567541 2
16.6960896333752 22.9399389774279 5
17.9472307340116 23.6121412641623 0
17.9897539165964 25.0320992917611 0
19.2406315774068 25.7045646094398 0
19.2839942713551 27.1241587931673 1
20.5353027100743 27.7965204002653 2
20.5788172845039 29.2162563369802 4
21.8298179007534 29.8893945376009 0
21.8728365905318 31.3090666742938 0
23.1240841628604 31.9816233521428 4
23.1670337565914 33.401065095432 1
24.4180454605889 34.0735689827055 1
24.460903509817 35.4934451727852 1
25.7118360760847 36.1662819751566 1
25.7554218161094 37.5860524896747 2
27.006822129884 38.2580446179079 5
27.0495910318413 39.6778974877314 1
28.3005223672466 40.3501632411797 0
28.3430919298115 41.7701089174121 4
29.5941669130481 42.4422898520234 3
29.6378705385553 43.8619466775273 2
30.889141417582 44.5344733573518 2
30.9324610603205 45.9543499962887 0
32.1834302402411 46.6274106043335 0
32.2264124962907 48.0469604145091 0
33.4776018982545 48.719384453038 5
33.5208803543046 50.1388678494075 5
34.7719023530014 50.8117431222135 1
34.8151516413233 52.2315627315147 3
36.0662181767133 52.9044564445552 5
36.1097301619869 54.3240816703282 2
37.3610040470172 54.9961764034732 1
37.4035575902031 56.4160989640654 1
38.6543456067593 57.0885152551491 4
38.6973746641236 58.5083948879262 2
39.9487316106261 59.180435295619 5
39.9925296936077 60.6001958751904 3
6.16960239394249 0.522767439911534 0
6.21233101009045 1.94270476836809 0
7.46326617194743 2.61544386587552 0
7.50641831767885 4.0349566087798 3
8.75764051473077 4.70741050361579 1
8.80095221239496 6.12704876135028 5
10.0519777923148 6.80013963597452 1
10.0951922144982 8.21983395027188 0
11.346499783577 8.89234453108564 2
11.3894592183042 10.3118700143406 5
12.6405145289921 10.9840921739166 1
12.6832228635418 12.4040304690114 2
13.9340821229909 13.0766304555191 2
13.9776192526829 14.4964580724308 2
15.2290169620816 15.1684814632375 2
15.2721718803938 16.5883561498476 3
16.5231508804095 17.2607776584076 0
16.5657183840248 18.680693302289 0
17.8167084410589 19.3530908198103 3
17.8603034605627 20.7726584889215 1
19.1115402946551 21.4452851573288 5
19.1549827842199 22.8650597589557 0
20.4059568529346 23.5382334835887 0
20.4490831999876 24.9577612362152 0
21.7003905682505 25.6300460857162 2
21.7434115951148 27.0495608377393 1
22.9943678993803 27.7221149184455 5
23.0374207270009 29.1420146714563 1
24.2885115234184 29.8146089886669 5
24.3321938426074 31.2343398321961 2
25.5835232404314 31.9063257928295 5
25.6260123563238 33.3262679056775 3
26.8768048475809 33.9986999276063 0
26.9195838737284 35.4185589606006 4
28.1708194831984 36.0907066503678 1
28.2144871260499 37.5104159371566 2
29.4655965842528 38.1832635955231 4
29.5085958460905 39.6031354055448 0
30.7596191891238 40.2760844945796 0
30.8026511109763 41.695528469843 3
32.0538356705888 42.367947620008 1
32.0969770678348 43.7875581734851 1
33.3479745476717 44.4605129492288 1
33.3913509912085 45.8802907517606 3
34.6426519377397 46.5527204093202 2
34.6859325295758 47.9723647911406 2
35.9370876951858 48.6444395966981 1
35.9796856504262 50.0644066252353 5
37.2304579173446 50.7369098632725 4
37.2738697898488 52.1567102054829 2
38.5252526865786 52.8288411731396 2
38.568791916536 54.2486993441674 4
39.8197996549035 54.9214529412046 0
39.8625074153035 56.3413147269246 0
41.1135150585138 57.0139516388868 0
41.1568921486091 58.4334236350138 1
42.4080640812501 59.1060975639809 5
42.4513749246889 60.5258213047947 3
8.62830086978026 0.449016417955612 2
8.67164431419488 1.86860687256762 4
9.92304623151132 2.54080567982227 2
9.96587397720986 3.96042635142697 5
11.2168194736898 4.63268856976956 5
11.2595870663315 6.05264273424715 2
12.5106743638185 6.72498235683091 2
12.5543495861881 8.14475103585808 5
13.8057063135032 8.8167941937409 2
13.8484472239775 10.2367426764445 3
15.0993236383071 10.9092922402821 0
15.1420481842693 12.3290948113057 0
16.3931711588353 13.0014407514871 1
16.436750923104 14.4210499200282 2
17.6878540648438 15.0939862050255 5
17.7310752870052 16.513774393939 0
18.9820974571195 17.1868591707122 0
19.0251856729165 18.6062956130252 4
20.2764098695205 19.2785643688082 5
20.3193787678773 20.6982279496931 1
21.5702851678781 21.37090093307 2
21.6136070623894 22.7907765731803 1
22.8649148155635 23.4630054904621 2
22.9085058603912 24.8827313966224 1
24.1597359405824 25.5547337273033 3
24.2022151483705 26.9747020907837 3
25.452996348116 27.6471417281252 0
25.4962196561172 29.066866286289 5
26.7475541330733 29.7390773277069 1
26.7911847525389 31.1588629628936 4
28.0421884887833 31.8319165028484 0
28.0850563308115 33.2517098027868 0
29.3361460765958 33.9244885770426 0
29.3792174391615 35.3439098998044 1
30.6303124219618 36.016517239324 1
30.6733272459407 37.4362734215504 1
31.924275454383 38.1093399018088 1
31.9677653651323 39.5290505222155 4
33.2191890461328 40.2011595764816 2
33.2620887283458 41.620885278106 1
34.5130902814639 42.2930360848186 3
34.5556985571085 43.7130086150415 2
35.8066967436524 44.3852785815045 2
35.8503682356805 45.8050079217918 5
37.1017280467548 46.4772405518 2
37.1449691411702 47.897161145781 0
38.3959033635775 48.5700343854969 0
38.4387060422548 49.9897570222717 0
39.6897979917502 50.662284556925 3
39.7332331869152 52.081780911827 1
40.9843278921496 52.7546808385396 1
41.0275975861729 54.174453626839 3
42.2785876689315 54.8475969707769 4
42.3219618039281 56.2671192669736 4
43.5732803868111 56.9392641782029 1
43.616057618513 58.3590311125701 1
44.866884307946 59.031473157659 2
44.9099234175702 60.4513987279246 1
11.0871971190975 0.373479260430569 2
11.1309373424215 1.79323191688751 5
12.3821815814206 2.46536981944768 4
12.4247464828706 3.88533430015276 0
13.675601715135 4.55788631958596 0
13.7186633957842 5.9775359038269 3
14.9699140780033 6.64985983012018 1
15.0134068648993 8.06953142961651 2
16.2644424640197 8.74261769306186 3
16.3074877846529 10.1623628127988 0
17.5586552493535 10.8351582498796 4
17.6016008046736 12.2545886872477 5
18.8526828185407 12.9269746588097 1
18.8955129338479 14.3468018705358 1
20.1463908151384 15.0196015403303 2
20.1898923496462 16.4394286602543 5
21.4413069314842 17.1114398834888 5
21.4844803630145 18.5312307173145 1
22.7355509931134 19.2033663620223 0
22.7780757994185 20.6233293926221 4
24.0289986300933 21.2956344639102 0
24.0726003404401 22.7152767952893 5
25.3239426651437 23.3876423775669 2
25.3674781924923 24.8074802047054 0
26.6184480882765 25.4805923666755 0
26.6613852812281 26.9002367418078 0
27.9125577107216 27.5727651221992 4
27.9557482081979 28.9922030829244 1
29.2067706893897 29.6649704528745 1
29.2498788023224 31.0848003920733 1
30.500846373494 31.7578309547417 5
30.5444407753109 33.1774931431685 2
31.7958066987106 33.8495515112858 1
31.8384180683735 35.2694056065772 1
33.0892453605018 35.9417607308736 0
33.1319711803473 37.3616989908628 2
34.383205689377 38.033776155216 5
34.4269400918287 39.4534972132442 2
35.6781762083023 40.1259412768358 4
35.7211017657601 41.5458824517484 0
36.9720434500803 42.2187192628536 0
37.0150359618114 43.6382856729279 3
38.2662261892051 44.3107113676794 1
38.309591451263 45.7302689205132 5
39.5606443337051 46.4032840353257 1
39.6038797963157 47.8230415476358 0
40.855042560356 48.4958523371236 2
40.898215091721 49.9153754454131 2
42.1493803984863 50.5875527620474 1
42.1920869119962 52.0074534872724 5
43.4428638043702 52.6800512848547 2
43.4862171210075 54.0999241836518 5
44.7376181857443 54.7719353341889 2
44.7811640292586 56.1917452132535 5
46.0322486468317 56.8640878222302 0
46.0748169461326 58.2840314566836 0
47.32573143038 58.9565299974472 0
47.3691631709439 60.3760852183934 1
13.5464133126188 0.298532301043244 2
13.5898827319533 1.71825979412986 4
14.8408744037363 2.3914164597777 3
14.8839708518779 3.81104206192305 0
16.1352781304145 4.4834656315924 2
16.1782064856677 5.90293924705405 1
17.4291947578253 6.57538382808715 1
17.4720415338744 7.9952925325574 1
18.7230091534877 8.6680035067706 2
18.7666263983888 10.0877774607298 2
20.0180074964781 10.7597628728445 5
20.0606947956869 12.1796574599545 1
21.3115850305602 12.8520015147227 0
21.3541808894214 14.2719202249165 4
22.6052908502916 14.9441097823529 3
22.648979223053 16.3637587180574 2
23.9001920678675 17.036425559543 4
23.9434623183201 18.456282551098 0
25.194449686657 19.1293524638699 0
25.2374752920779 20.5488446743873 0
26.4886904435434 21.2212078910878 5
26.5319023021125 22.6407245970918 5
27.7829045460537 23.3135601897043 1
27.8261941545583 24.7333892339399 3
29.077339271929 25.4060855641726 2
29.1208780825243 26.8257371729065 2
30.3721320304044 27.4977952497971 1
30.4146817294749 28.9177393704223 1
31.6654113466731 29.5902501006438 4
31.7085007968442 31.0101038549453 2
32.9598472372965 31.6821958635798 1
33.0035481243845 33.1019799649644 2
34.2546143651808 33.7747115204421 0
34.29737193639 35.1946240546336 0
35.5483477246823 35.8673834374546 0
35.5915259513839 37.2868586770821 1
36.8427275680317 37.9593696560123 1
36.8859652914879 39.379031858023 5
38.1369730857381 40.0521368698277 1
38.180265086979 41.4718146427359 0
39.4316332982811 42.1441759782999 2
39.4745732821159 43.5637522623372 2
40.7256126676389 44.2359275266024 1
40.7682938395613 45.6558862581758 2
42.0191998891045 46.3283831966418 2
42.062778803057 47.7481881039278 2
43.314171393824 48.420239747179 2
43.3572803119876 49.8401433462983 3
44.6082278941529 50.5126848899425 0
44.6508477317543 51.9325588237504 0
45.9018723137893 52.6049921763434 3
45.9454538327759 54.0245451493282 1
47.1966381589575 54.697290962142 5
47.2400273374391 56.1170570501626 0
48.4910012602241 56.7902368906215 0
48.5341929906697 58.2097334373519 0
49.7855129568096 58.8819572906757 2
49.8284859451582 60.3015348013227 1
16.005379880359 0.224039801225268 5
16.0484624972983 1.64395028072824 1
17.2996330056258 2.31635768529721 5
17.3433364436506 3.7360940670123 2
18.5946456473407 4.40807518022202 3
18.6371171651988 5.8280336805288 3
19.8879065020022 6.50048962489166 0
19.9307829661831 7.92029170204652 4
21.1820327000093 8.59248394656147 1
21.225659706103 10.0121995211669 2
22.476724582652 10.6851671813637 0
22.5196991843636 12.1050037279029 0
23.7707578691607 12.7779307483275 0
23.8137734562915 14.1973521290943 3
25.0649300581871 14.8697897624957 1
25.1079730343355 16.2894595298218 1
26.358938643426 16.9624021230831 1
26.4023700104163 18.382182705802 5
27.653732027882 19.0544394691581 2
27.6969673958798 20.4741234894575 1
28.9480980033148 21.1461849546898 3
28.9906792169984 22.5661572389274 4
30.2414988878702 23.2385844422525 4
30.2850045987643 24.6583377692042 2
31.5363828681152 25.3305255703352 2
31.5799120757146 26.7503952697486 4
32.8308783798254 27.423306492046 0
32.8736407143436 28.8431136674597 0
34.1246748922151 29.5157703392992 3
34.1680108963476 30.9352305571706 1
35.4191305839652 31.6079948972094 1
35.4623611329633 33.0277473066009 3
36.7133134495491 33.7009456427586 3
36.756734934376 35.1205336922099 4
38.0081410057973 35.7926703235843 2
38.0509182365917 37.2123623371126 1
39.301828577026 37.8846333181387 5
39.3445997800262 39.3045889471671 2
40.5957618456309 39.9768010269392 2
40.6394705367617 41.3965553487013 2
41.8908052703934 42.068655083024 4
41.9335525299759 43.4886127279823 0
43.1844343264657 44.1612278470442 0
43.2272519001661 45.5809623028164 0
44.4784060918325 46.2533321079176 1
44.5219327701656 47.6729337099675 2
45.7730108938006 48.3459309828858 3
45.8161930805157 49.765704709259 0
47.0672521246908 50.438730064025 4
47.1103352681433 51.8581682156008 4
48.3615296839984 52.5304322442398 2
48.4044178136866 53.9501744076634 5
49.6552858397592 54.6228374345058 2
49.6986467278077 56.0427155479284 5
50.9500102041462 56.7148118795993 2
50.9935613347058 58.1345612275587 1
52.2447523863567 58.8066068034378 3
52.2872431610248 60.2265737780185 1
18.4640325352242 0.148983708374766 0
18.5073690713861 1.56865200576171 5
19.7587068895585 2.24091718668216 2
19.8023068759337 3.66070061196959 4
21.0532994545086 4.33380816186506 0
21.0962075957637 5.75354424974007 0
22.347351225942 6.42624242603703 4
22.3903980689497 7.84566281991146 1
23.6414496414981 8.51828976859587 1
23.6844139691148 9.93809561114621 1
24.935348819318 10.6111206910707 1
24.9788933041902 12.0308409836918 2
26.2303124019806 12.7028872289226 1
26.2731205207888 14.1226701979266 1
27.5240766849999 14.7948704577655 3
27.5666742205258 16.214835703102 2
28.8177364466449 16.8870252103574 5
28.8614431583881 18.3067265954583 2
30.1127704931072 18.9790610444766 2
30.1560029412519 20.3989780952339 0
31.4069455090771 21.0719180016435 0
31.4498337808292 22.4915644418418 0
32.7009656958328 23.1640603893568 1
32.7443667066394 24.5835495138907 2
33.9954281178506 25.2564911062588 1
34.0386870549579 26.6762767482472 3
35.289703944545 27.3493501698251 5
35.3331018786045 28.768896645534 2
36.5843811091948 29.4410435863081 1
36.6270788162514 30.8608829046378 1
37.8778609496026 31.5333690579881 4
37.9209207522517 32.9532848572859 2
39.172267847546 33.6253192094785 5
39.2159961057254 35.0450818864317 5
40.4671877868644 35.7173469152221 0
40.5097897179365 37.1373065906426 0
41.7606761752174 37.8098971525738 0
41.8038308233741 39.2294879314351 3
43.0550920353079 39.9018523181919 1
43.0985310613063 41.3215178609475 2
44.3495635591358 41.9946132079811 3
44.3926457069414 43.4143250384589 0
45.6438805616285 44.0869851524744 4
45.6868044519271 45.5064397153402 5
46.9378596876026 46.1787885508377 1
46.9806392846777 47.5986706501229 1
48.2315146332782 48.271409443504 2
48.275043916533 49.6912357678349 2
49.5264582585995 50.3632203482195 2
49.5695412123523 51.7830524502461 1
50.8205619439286 52.4552767060465 0
50.8630969290761 53.8752263132999 4
52.1140703253486 54.5475162141694 3
52.1577121397574 55.9671312799924 1
53.4090158701228 56.6396055768018 2
53.4525123842968 58.0594283290812 0
54.7034847793715 58.7325644335622 0
54.746493444451 60.152143522423 0
20.9236857072612 0.0745624849087583 1
20.9668460195202 1.49401845976867 1
22.2178434835349 2.16674694082962 5
22.2609627399927 3.58660100041026 1
23.5119748529748 4.25948965917295 5
23.5556079327157 5.67917233731099 2
24.8069451248353 6.3512105861959 1
24.8494909603475 7.77111218061772 1
26.1002807720893 8.44352264800607 0
26.1430503948882 9.8634341711031 2
27.3943106970511 10.5355117618187 5
27.4380337898049 11.9552347185696 2
28.6892074588492 12.6278452014776 4
28.7321311015606 14.0477707335814 0
29.9831009852881 14.7206410036691 0
30.0261430382239 16.1401488736451 3
31.2773427402922 16.8125785151572 1
31.3206299534276 18.2321539368146 5
32.5716681701245 18.9051687790117 1
32.6149505867082 20.3249183803808 0
33.86618471823 20.9975655467705 2
33.9093613877088 22.4171274918416 2
35.160501197069 23.0892769537173 1
35.2031726212124 24.5092152592954 5
36.453942724298 25.1817991818847 2
36.4973477476025 26.6016478564053 2
37.7487416081176 27.2737000450242 2
37.7922312377316 28.693539807842 5
39.0432595521638 29.3660441665661 0
39.0858573772937 30.785966210225 0
40.3368067001219 31.458505810684 0
40.3802553150536 32.8780328661635 1
41.6315009551239 33.5505850220555 5
41.6749110552131 34.9703115658018 4
42.925893869125 35.6434850086781 3
42.9690748016646 37.0630731945098 0
44.2204324087072 37.7353752961767 2
44.263334800162 39.1548969157231 5
45.5143049635932 39.8272744659002 5
45.55715136699 41.2472041989119 1
46.8081796058781 41.9197601721864 2
46.8518277679182 43.3395321872524 2
48.1031954354539 44.0115147602803 5
48.1458282632059 45.431441948546 3
49.3966932744335 46.1038543465425 0
49.4393411847392 47.5237326553074 4
50.6904784169164 48.1959536475042 1
50.7341335441449 49.6156007769302 2
51.985289672408 50.2884028921008 4
52.0285056943328 51.7082371007057 0
53.2795147505409 52.3813001796621 0
53.322561953607 53.8007509427039 0
54.5737813568256 54.4730794278996 5
54.6169100042001 55.8926483688055 1
55.8678844513137 56.5654490920675 1
55.9112184756395 57.985286926296 1
57.1624451716263 58.6577788368223 2
57.2059809715611 60.0774572416329 2
23.3831836225522 -0.000520801242285075 3
23.4257113453196 1.41944068187481 3
24.6764489642719 2.09193445018331 4
24.7196357267112 3.51173964239381 2
25.9709851096388 4.18387945607731 1
26.0146587339618 5.60368123123035 4
27.2656814137761 6.27656361584004 0
27.3084680462047 7.69643510627631 0
28.5594783014213 8.36920757335679 0
28.6026549109357 9.78865609961119 1
29.853817269053 10.4612389474756 1
29.8969829272693 11.8809361151756 1
31.1479650546304 12.5540595228035 1
31.1913421146431 13.9737275607576 4
32.4427496866385 14.6459651966932 2
32.4856575057076 16.0655978473099 2
33.7366713485405 16.7377562994707 1
33.7793361476465 18.1577241146017 2
35.030301233768 18.8301130460246 2
35.0739324196169 20.2498907093513 2
36.3253114397096 20.9219937528893 2
36.3683989593157 22.3419179091682 0
37.6193220028188 23.0145811188729 0
37.6620101525523 24.4343993542268 0
38.9130626363733 25.1068722669262 3
38.9566058654868 26.5264140519857 1
40.2077386083483 27.1992700857155 5
40.251062672182 28.6190359193595 0
41.5020401468199 29.2922121970403 0
41.5452679595899 30.7116957978549 4
42.7965795895465 31.3838868871306 2
42.8394808429114 32.8035400232557 1
44.0903712663552 33.4760293903745 5
44.1334775520385 34.8959457218474 1
45.3847286733252 35.5681821521121 2
45.4284396824939 36.987924199722 5
46.6797255698182 37.6599230557949 3
46.7222013551923 39.0798889319902 3
47.9730060959425 39.7523561962707 0
48.015995456357 41.172094713995 4
49.2672635928359 41.8443266183999 1
49.3108479463189 43.2640438904952 2
50.5618875007225 43.9370886217072 0
50.6048531517829 45.3568857203573 0
51.855956041405 46.0297587311921 0
51.8989425051614 47.4491725368521 3
53.1500614992421 48.1216293729085 5
53.1930149091527 49.5413647902254 1
54.4439495365089 50.2142873413628 1
54.4874301634121 51.6340730584185 5
55.7388326176011 52.3061939750086 2
55.7819941876855 53.7259208382539 1
57.0330898228613 54.3979991079257 3
57.0756536348431 55.8179710801653 4
58.3265325420364 56.4903177216991 4
58.3701159652464 57.9100268959875 5
59.6214867356955 58.5822776751322 2
59.6649960464823 60.0021526666467 4
60.9159541352608 60.6751526936784 0
25.8847495669567 1.34488621378369 0
27.1358301285342 2.01750712604787 3
27.1791435687591 3.43695682424675 1
28.4302206897344 4.10977982018274 1
28.4734197766424 5.52956028104756 3
29.7243695792579 6.20273553407965 5
29.7678608041985 7.6223323038652 4
31.019245869552 8.29444059632148 1
31.0619611401145 9.71420440014669 1
32.3128251870645 10.3865199365674 4
32.3556106171009 11.8064699891307 2
33.6068341822271 12.4785903512684 2
33.6505701320484 13.8983331170801 2
34.9018651503389 14.5705327455405 4
34.9446354182983 15.9904914889402 0
36.1955292190538 16.6631721954924 0
36.2384471914191 18.0828351472891 0
37.4896276416019 18.7552261576163 1
37.5330993744391 20.1748198372053 2
38.7841599264772 20.8478549961389 1
38.8273274197502 22.2676150653347 0
40.0784330061627 22.9405540598169 4
40.1215038517423 24.3600092415009 4
41.3726612727042 25.0322712259571 1
41.4154699256163 26.4520886244683 5
42.6662998740618 27.1247531268104 2
42.709685299838 28.5446302319173 5
43.9610804578328 29.2166516774973 2
44.0045668504945 30.6364304538732 1
45.2557092931638 31.3085565103503 0
45.2982104427031 32.7285188139709 0
46.5490786345649 33.400920697858 0
46.5925044703467 34.8205420150082 5
47.8438377898582 35.4928716843503 2
47.8873999428609 36.9126467193899 4
49.1383906572173 37.5857803658602 0
49.1813548536726 39.0054591120968 0
50.4325620025551 39.6780403605244 4
50.4755851118171 41.0974701226964 1
51.7266040042397 41.7700763441877 1
51.7695397509182 43.1899254508428 1
53.0204827640737 43.8628655293863 1
53.0640710802653 45.2825980540213 2
54.315472897713 45.9546091352787 5
54.3581840322971 47.3744465811982 1
55.6090939796208 48.0467093502122 0
55.6516945501639 49.4666602592478 2
56.9028100980616 50.1388016678266 5
56.9465308984736 51.5584847696956 2
58.1978107736166 52.230948561846 2
58.2410223207512 53.6508552809199 0
59.4919811814816 54.3238392622135 0
59.5349394564183 55.7434130368726 0
60.786109329099 56.4158604971594 1
60.8294578168136 57.8353556114016 5
62.0805018249242 58.5082927709734 1
62.123773520865 59.9280867625545 3
63.37484649169 60.6010252296772 2
28.3442359266959 1.27059642839163 2
29.5954842041514 1.94272763489791 1
29.6381306003071 3.36262248271392 1
30.8888772889696 4.03514891473022 4
30.9319900797808 5.45504427971665 2
32.1833536377362 6.12708041577658 5
32.2270641472467 7.54685768512156 5
33.4781927577804 8.21928782457552 0
33.520837147826 9.63923580805455 0
34.7717533864 10.3118734528099 0
34.814977832993 11.731413818068 3
36.0662304477399 12.403838695607 1
36.1096133714722 13.8235038148149 4
37.3606358423408 14.4966137534031 3
37.4037833320444 15.9162935003323 0
38.65508374107 16.5888115203254 2
38.6979942397279 18.0083020395432 5
39.9490261553201 18.6806020480956 1
39.9917727102412 20.1005237237556 2
41.2426647651614 20.7731807378975 2
41.2862223637775 22.1930000406869 2
42.5376237376114 22.8649947299983 2
42.5806243233157 24.2848662856578 3
43.8315945918525 24.9572026886129 0
43.874147265073 26.3771305909228 0
45.125159274424 27.0494384125166 3
45.1688032037163 28.4690367282078 1
46.4200550346984 29.1416366208663 2
46.4634928930422 30.5614431424506 0
47.7144700807706 31.2345899790452 0
47.7575364380331 32.6541146329973 0
49.0088012337984 33.3264427241605 5
49.0519123314656 34.7459352085584 1
50.3028890608298 35.4186051779621 5
50.3460306409085 36.838478276164 1
51.5971121874861 37.5111822382477 5
51.6407707777002 38.9308836145203 2
52.8920873323183 39.6028931514441 1
52.9345838654406 41.0228284021567 3
54.1853529916381 41.6952709297812 0
54.2281902054927 43.1151434255215 2
55.4794665608687 43.7872482169808 1
55.5231644295207 45.2069805647877 2
56.7742790180686 45.8797536532202 4
56.8171928705337 47.2996540845587 0
58.0681959302133 47.9725385706296 0
58.1112579255334 49.3920017085475 3
59.3624497885366 50.0644484965747 1
59.4056472322894 51.4840588260415 5
60.656664003605 52.1570732925788 1
60.7000049454098 53.5768175988673 3
61.9513106884869 54.2492877531473 2
61.9944748219508 55.6688928272061 2
63.2455967809488 56.3410050313314 1
63.288242026638 57.7609650771378 5
64.5390360529033 58.4334933886016 2
64.5825093088485 59.8533085093803 2
65.8338973897127 60.5254077828563 1
30.803316472139 1.19526870479515 4
32.0543016632592 1.86792885814545 0
32.0969509664206 3.28781354478235 0
33.3479317820081 3.96039491916421 0
33.3913814417772 5.37989961473976 1
34.6425765587336 6.05256540642143 5
34.6859323033176 7.47229822984271 3
35.9369001144372 8.14549488835273 3
35.980169947168 9.56505698486538 0
37.2315529320223 10.2372733931909 2
37.274423471356 11.6568559498904 5
38.5253666971553 12.3291921774533 5
38.5682228918685 13.7491328739785 1
39.8193230301964 14.4215320432728 2
39.8630059167853 15.8412969965695 2
41.1143567383043 16.5132963247613 5
41.1569667634924 17.9332453792589 3
42.4078176931503 18.6057234044093 0
42.4505428090165 20.0255477460152 4
43.7017002527853 20.6978155869033 1
43.7453083107505 22.117462361398 2
44.9964140182821 22.7903837830306 4
45.0395737752403 24.2101951601902 0
46.290607279879 24.8832374544359 0
46.3336481108573 26.3026656064611 3
47.5848508117542 26.974984646153 5
47.6278802521676 28.3946214532133 1
48.8788214484579 29.0673935826673 2
48.9221932183588 30.4872392546171 1
50.1734973597598 31.1595372532977 2
50.2170005290754 32.5792419487674 1
51.4682134363311 33.2512522194621 3
51.5107238528074 34.6712211488957 3
52.7614923952703 35.343670893329 4
52.8047831739777 36.763421509255 2
54.0561389642152 37.4356069955701 2
54.099782599538 38.8554211675256 4
55.3507803116136 39.5284137560592 0
55.3935990305102 40.9482315436267 0
56.6446515623018 41.6209860038769 0
56.6878109055832 43.0404187667883 1
57.9389275633019 43.7130676298668 1
57.9820298634143 45.1328072022426 1
59.2329890721146 45.8059341954862 1
59.2764449144618 47.2256015709702 4
60.52787067937 47.8977427333987 2
60.5707225217488 49.3174368072435 1
61.8217019864117 49.9896088100837 3
61.8643524169507 51.4095786232431 2
63.1153859863802 52.0818572585025 2
63.1590637708009 53.5016072208397 2
64.4104257833401 54.1737738174664 2
64.4535071793178 55.5937084915527 0
65.7044247191165 56.2664673993005 0
65.747197280408 57.6862173070838 0
66.9982847733412 58.358703643817 3
67.0417879768175 59.7782335707501 2
68.2928829677595 60.4511668823158 1
33.2621318189734 1.12093054803403 0
34.5131246533978 1.79407859334798 4
34.5563858957673 3.21356459906869 4
35.8076698210565 3.88574872204056 2
35.8505024566149 5.30548140061542 1
37.1013483294921 5.97798235671884 2
37.1444854649337 7.39789815365398 1
38.3957993620723 8.07001063970774 2
38.4395092657348 9.48976129254239 5
39.690756159765 10.1618223948052 0
39.7332572190225 11.5817887698345 0
40.9840862061413 12.2542734679693 0
41.0271946915539 13.6739480672561 5
42.2784765968857 14.346225422247 1
42.3220205438004 15.7659384946526 2
43.5730454263911 16.4390302372412 3
43.6160251628533 17.8587859990291 0
44.8671788313264 18.5315751906917 4
44.9101328500769 19.9509940914852 1
46.161209774141 20.6234598195917 1
46.2040879668121 22.0432605422395 1
47.4549975350882 22.7161496307727 1
47.498513085027 24.1359425082739 5
48.7499318729252 24.807976213957 5
48.7929936732177 26.2277496414149 1
50.044045809126 26.8998730308443 0
50.0865913060076 28.3198404660849 4
51.3375333038826 28.9921175215353 4
51.3811711576174 30.411789884094 5
52.6325235690905 31.0841206282013 2
52.6760045147802 32.5039915383091 0
53.926965617131 33.1770475602494 0
53.9698583540106 34.5967136486934 0
55.2209922510969 35.2692626907757 3
55.2642771398411 36.6887093727142 1
56.5153240280433 37.3615475491404 1
56.5585076415452 38.7813538705237 3
57.8094761236912 39.4544560384213 5
57.8530192914738 40.8740712789594 2
59.1043745916462 41.5461624510695 1
59.1470205794039 42.9659931682171 1
60.3978391519356 43.6383658587195 4
60.4406498546988 45.0583034830148 2
61.6919202080649 45.7303689903489 5
61.7356663767339 47.1501064039057 2
62.9869087834223 47.8224428214863 4
63.0297026855496 49.2423971010472 0
64.2806181764966 49.9151328137352 0
64.3236237879322 51.3347279792075 3
65.5748269671367 52.0071319388125 1
65.6182360580683 53.4267222385429 2
66.8692885887807 54.0997682313363 1
66.9124712839596 55.5195130934812 0
68.1636396201381 56.1923256127721 4
68.2067054572786 57.6118084474665 2
69.4578321376791 58.2840507193021 1
69.5005838560373 59.7039295550816 1
70.7513886812304 60.3765865685255 1
35.7207769876249 1.04644983999487 5
36.9721810284451 1.71845363944859 2
37.0156054692718 3.13826371941699 1
38.2666908242728 3.81050816712402 0
38.3092167498231 5.2304596213301 0
39.5601266101813 5.90287531286957 0
39.6036195023372 7.32245954580022 1
40.8549285811514 7.99487984675018 2
40.8984502333648 9.41464306394532 4
42.1494365540112 10.0877970840131 0
42.1924750860507 11.5074208265855 0
43.4437424104191 12.1798760000891 4
43.4867441888293 13.5993280060391 1
44.7377359959304 14.2718864754247 1
44.7806656806475 15.6917698890749 1
46.031638266973 16.3645880557035 1
46.0752633893856 17.7843317147573 2
47.3266414795593 18.456327197322 5
47.3692644466454 19.8762119752689 1
48.6201315685206 20.5485435001461 0
48.6627523718383 21.968471291805 4
49.9139054674565 22.6406042800478 5
49.9576135623152 24.0602802909461 2
51.2088357758942 24.7328904711422 4
51.252008398871 26.1527810429712 0
52.5029896003641 26.8257871992408 0
52.5459923884537 28.2452983027809 0
53.7971887867477 28.9177001263872 1
53.8404633300887 30.337218822694 5
55.0914906684856 31.0101338958985 1
55.1347905919009 32.4299344162858 3
56.3859372504821 33.1026944437811 2
56.4293674517112 34.5223047256172 2
57.6805942604159 35.1944023988437 1
57.723199710827 36.6143359684819 5
58.9739307214269 37.2868753936739 4
59.0171106078476 38.7067402832125 2
60.2684800001932 39.3788061510772 5
60.3121609731127 40.798603482476 2
61.5632318773537 41.471206697028 0
61.6059148368771 42.8911336791806 0
62.8568636299115 43.5638116766106 0
62.9001243455487 44.9833121223716 1
64.1513527246338 45.6558110786808 1
64.1946711387857 47.075486675006 5
65.4456782994662 47.7486154204637 3
65.488907295138 49.1682682954489 0
66.7402672295336 49.8406460025623 2
66.783162201424 51.260183908857 5
68.0341761522208 51.9324287534701 1
68.0769020484529 53.352374928982 2
69.327836143338 54.0249225314233 2
69.3714305648942 55.4447272297467 2
70.6228191062376 56.1167456800561 2
70.6657645384658 57.5366504078953 3
71.9166950222043 58.2091018375287 0
71.9592911735675 59.6289940607876 0
73.2103323362604 60.3013425659651 3
38.1799285242619 0.970924822055494 1
39.4311220655834 1.64365674172547 5
39.4745009314469 3.06344792146312 0
40.7254817496225 3.73660133599243 0
40.7685983933095 5.15608593498468 0
42.019880018903 5.82835149443672 5
42.0629327807642 7.24789882263648 1
43.3138818396698 7.92051895590107 5
43.3570579676132 9.34040539422573 1
44.6082197125135 10.0129115125222 5
44.6518951905649 11.4326268976428 2
45.90319160405 12.1046157113153 3
45.9456619357702 13.5245712022694 3
47.1964250693324 14.1970286038902 0
47.2393564381149 15.6168495388053 2
48.4906431985032 16.2889980517491 1
48.5343075854162 17.7087417884967 2
49.7853724036846 18.3816568813511 0
49.8282744227366 19.8015217781473 0
51.0793130532374 20.4744020713846 0
51.1223666439564 21.8938361331802 3
52.3735326521967 22.5663141661317 1
52.4166335408911 23.9859738385186 1
53.6676221910946 24.6589879292161 1
53.7110227653462 26.0787310311429 4
54.9623886246143 26.7510339459023 2
55.0055130963317 28.1706852534628 2
56.2566137929112 28.8427750328194 3
56.2992321800815 30.2627459600989 2
57.5500736600939 30.9351908867556 4
57.5936161063739 32.3549680514725 2
58.845000470442 33.0271161224733 2
58.8884205537569 34.4470024982734 4
60.1393803010703 35.1197952235395 0
60.1820881975261 36.5396269087864 0
61.433105651347 37.2122278838007 3
61.47653515484 38.6317155733584 1
62.7276803134456 39.3044839706558 5
62.770983178879 40.7242312188508 3
64.021940725767 41.3974393172357 3
64.0652884924292 42.8169895049848 4
65.3166747375427 43.4891499996972 2
65.3594973724775 44.9088034578257 1
66.6104055833713 45.5811298994763 5
66.6532734562095 47.001074471672 2
67.9044502298065 47.67332710765 2
67.9481644342999 49.0930832790752 5
69.1994935377096 49.7651210045273 4
69.2421072569209 51.1850813391823 0
70.4929589834027 51.857615681339 0
70.5357826384679 53.2773751336998 4
71.7869622087176 53.9496843253046 1
71.8305215283224 55.3693274081467 2
73.0815928090832 56.0423330198198 3
73.1247144781339 57.462121343914 0
74.3757802991255 58.1351196652365 0
74.4188052593427 59.5545418507676 3
75.6699751640869 60.2268668188486 5
40.6388820532584 0.896574111229975 1
41.8897842520353 1.56933061938675 2
41.9331959023746 2.98918180628693 5
43.1845578645535 3.66132802564389 2
43.228009616932 5.08106133368651 1
44.4791884262836 5.75309110183685 3
44.5216950343696 7.17306062247359 4
45.772507188582 7.84546323010188 0
45.8159051899489 9.26515953898286 5
47.0672626279787 9.93739918946879 2
47.1108795423056 11.3572168238536 4
48.3618636135932 12.0302861405896 0
48.404725987458 13.4500426244491 0
49.6558284066213 14.1227425923943 0
49.6989669002522 15.5421681980746 1
50.9500377965877 16.2148618803552 1
50.9930915219811 17.6346452958905 1
52.2440360623667 18.3077492817073 1
52.2875574901837 19.7274247375767 4
53.5389793518004 20.3995021482103 1
53.5817524721732 21.8192596621905 1
54.8326890921585 22.4914732619338 3
54.8753283341159 23.9114390631875 2
56.1264286195719 24.5836226885819 2
56.1701372239794 26.003348142764 2
57.4214700188188 26.6756062611444 2
57.4645472902481 28.0955430282258 0
58.7154731711751 28.7683753238007 0
58.7583298118083 30.188051840907 0
60.0094564363488 30.8605266981024 1
60.0529101016115 32.2800476892144 2
61.3039826198757 32.9530190476757 1
61.34723776919 34.3727919906065 0
62.5982665487939 35.0458673314892 4
62.6415483090758 36.4653704205495 4
63.8927992412006 37.1375503446241 1
63.9355621674375 38.5573591821336 1
65.1863644518204 39.2298875684186 2
65.2295343341369 40.6497971046528 1
66.4808921826504 41.3218362751642 2
66.5245838263869 42.7416010599415 5
67.7757798783334 43.4137646318907 0
67.8183132666943 44.8337270331563 0
69.0691742024041 45.5062359156898 0
69.1123882409992 46.9258523938141 3
70.363677157835 47.5981802382181 1
70.4071777264968 49.0178853406816 4
71.6581959727201 49.6909993964382 3
71.701214589044 51.1107128738202 0
72.9524285855852 51.7833849284653 4
72.9953573364887 53.2028193921581 5
74.2463986260671 53.8752658036641 1
74.2892264532492 55.2951231137371 1
75.5401269515826 55.9679540028398 2
75.5836741419596 57.3877525915417 2
76.8350883966375 58.0597472557325 5
76.8780496209204 59.4795674934529 1
78.1290511411125 60.1517644797684 0
43.0975631262458 0.821715950812681 4
44.3485592701575 1.4939559268033 3
44.3922337626925 2.91360074056801 5
45.6435478571382 3.58604138896993 2
45.6869961980074 5.00589988396301 0
46.9379628118612 5.67899311196922 0
46.9809261833957 7.09858786231652 0
48.2321095559302 7.77105094008162 5
48.2753625537836 9.19050633318996 1
49.5263846335759 9.86332735639651 1
49.5695755937549 11.2831549291943 1
50.8205848803942 11.9561327472542 5
50.8641678553209 13.3757718403914 2
52.1154919865803 14.0478460951181 1
52.1580751702408 15.4677318965655 1
53.4088536201207 16.1401609904658 4
53.4517063395376 17.5600772551442 2
54.7030051346847 18.232129804391 5
54.7467437988298 19.6518701882214 2
55.9979251605024 20.3243706953627 4
56.0407355425062 21.7443142486136 0
57.2916792117559 22.4170931768698 0
57.3347460024689 23.836628865483 3
58.5859597992142 24.5090511664891 1
58.6292928858699 25.92864921116 5
59.8803370699208 26.6016974102365 1
59.9235579742376 28.0214270635991 0
61.1747982906527 28.6940847358948 2
61.217857119483 30.1136051296694 2
62.4689627955147 30.7858071808558 1
62.5116701162204 32.2057304487983 5
63.7624736296685 32.8783514393316 2
63.8059326300341 34.2982026525409 5
65.057334675086 34.9702230927165 2
65.1006965306789 36.3900656474161 3
66.3517274443835 37.0624492097853 0
66.3942835420898 38.4823818853919 0
67.6452313058557 39.1548288580075 0
67.6887568687103 40.5743855981096 1
68.9400266668545 41.2469134449083 2
68.983496123445 42.666667002559 0
70.2344760462091 43.339838337888 0
70.2775935169095 44.7594144630709 0
71.5289114267895 45.4317510901789 2
71.5718859006936 46.8512416948348 1
72.8228554264584 47.5237366241275 5
72.8657931734239 48.9436442374828 1
74.1168194036023 49.6163066880251 5
74.1604772988593 51.0360572573446 2
75.4118347126134 51.7080423929885 5
75.4543945815667 53.1279638683822 3
76.7052303076058 53.8003572602026 0
76.7478993013774 55.2202494441377 4
77.9990757214922 55.8924091331852 1
78.0427555739817 57.3120858236665 2
79.2939157440427 57.9848477494314 4
79.3370456894466 59.4047156082714 0
80.5880506036048 60.0777291072163 0
45.5570465221713 0.747186381142768 3
46.8082481695823 1.41956425322448 5
46.8514371900737 2.83912474354345 5
48.1024395869945 3.51201778659882 1
48.1457859862113 4.93182376476578 3
49.39701111957 5.60438769432725 2
49.4404406775191 7.02403152986536 2
50.6916485326391 7.69609422456096 1
50.7342285037344 9.11605094090253 5
51.9849650235038 9.78857286607645 4
52.0282316203061 11.2083969705619 2
53.279601783697 11.8805084063981 2
53.3232523121489 13.300327280256 4
54.5742764395066 13.9730939440251 0
54.616998673619 15.392986324558 0
55.8679813478367 16.0656928015101 0
55.9112490373582 17.4851638712756 1
57.1624392717883 18.1577472530975 5
57.2056900077387 19.5774451024673 3
58.4566771044313 20.250595082781 3
58.499992955991 21.6702299583648 4
59.7513956442794 22.3424870281298 2
59.7942617328321 23.7620820846153 5
61.0452547471524 24.4342890649536 1
61.0879635968473 25.8542484982362 2
62.3389598082124 26.5266701265279 2
62.3825923389611 27.9464555919538 2
63.6339706284778 28.6185047443293 2
63.6768829603302 30.0384343428545 3
64.9277910616631 30.7109880519074 0
64.9704492199184 32.130829637657 0
66.2215191953748 32.8032186599589 3
66.2651104180381 34.222797517782 2
67.5162523363242 34.8956453798907 5
67.55956764196 36.315425738646 0
68.8105578470735 36.9885719349485 0
68.8537045587616 38.40803371197 0
70.104981728866 39.0802650654404 2
70.1479616218789 40.4998827683964 1
71.3988765231451 41.1724703721939 2
71.4420852850274 42.5923657189416 1
72.6933283827721 43.2646829115849 2
72.7370041704183 44.6844101482098 1
73.9882777658107 45.3563963519693 3
74.0307409005977 46.7763614081093 3
75.2815157184773 47.4488176713822 0
75.3245589209029 48.868578639994 2
76.5758565889213 49.5407734204128 1
76.6194855038957 50.9605244956581 2
77.8705158852485 51.6335448113975 0
77.9134184784367 53.053365429861 0
79.1644956598486 53.7262184504245 0
79.2075266620674 55.145637553144 3
80.4586514621549 55.8181558105356 1
80.5016655356186 57.2378728585685 1
81.752621946758 57.9108830473087 1
81.796084433479 59.3306288670029 4
83.0474882005061 60.0027971428905 2
48.0165189080629 0.672492029212688 1
49.2675864629965 1.3445909773776 3
49.3101849088288 2.76456442703437 2
50.5610858643479 3.43691911347571 4
50.604698674599 4.85665652990756 2
51.8560743424796 5.52886540686317 2
51.8994784358266 6.94876242180684 0
53.1504266650723 7.62166146222828 0
53.1932063358224 9.0414269492474 0
54.444265693218 9.71401886563098 3
54.4876699040113 11.1334930354618 1
55.7387719459139 11.8063385777971 1
55.7820348336667 13.2261053169088 3
57.0329922885647 13.8993007665456 3
57.0764055267857 15.3188535846835 4
58.3277751205292 15.9909848631299 2
58.3705371205448 17.4107138467832 1
59.6214028825521 18.0830631358956 5
59.6642860290464 19.5030056875488 2
60.9155318388895 20.175141629513 2
60.9592667594207 21.5948917362337 5
62.2105625842445 22.2670021553257 4
62.2531955858856 23.6869660782544 0
63.5040613880687 24.3595503804232 0
63.5469880926884 25.7792409116476 3
64.7981930597338 26.4515792312387 1
64.8416972305139 27.8712158889873 2
66.0927521116351 28.544265109081 3
66.135854976258 29.964030532298 0
67.386968286113 30.6369473903207 4
67.4299691724994 32.0563785011636 5
68.6811032592915 32.7287020509938 1
68.7239579720713 34.1484899323208 1
69.9748252351126 34.8212317096742 2
70.0182667408378 36.2410861359436 5
71.2696648665064 36.913130673205 2
71.3130428940089 38.3328975546854 1
72.564177680305 39.0049817938587 0
72.6066842732332 40.4249479202654 0
73.8575475162632 41.0973126241063 0
73.9010346796453 42.5169621433104 5
75.1523852969317 43.1892680121642 2
75.1959702455722 44.6090806158718 4
76.4469492241081 45.2821966850916 0
76.4898667476323 46.7018892948155 0
77.7410259726682 47.3744983691853 4
77.784142845552 48.7939253481475 1
79.0351743833929 49.4666281442022 1
79.078200773508 50.8864512439626 1
80.3291455679629 51.5594944128194 1
80.3727223341894 52.9791837979061 2
81.6241216958721 53.6512289428897 1
81.6668084037381 55.0710471934178 1
82.9176959580307 55.7433239267788 0
82.9603398980255 57.1632782843481 2
84.2114936357659 57.8354018620194 5
84.2552214583923 59.2551092951003 2
85.5065068829372 59.92749691874 4
50.4755501342537 0.597422950499189 0
51.7264906640059 1.27031505812417 0
51.7694295299439 2.68991799843008 0
53.0205910189454 3.36236945178926 1
53.0639917791943 4.78188865389583 2
54.3150493250293 5.45487024095031 1
54.3583098486275 6.87464512762794 3
55.6093933490162 7.54760222985347 2
55.6526932249659 8.96713276156057 2
56.9039131636874 9.63929969583281 1
56.946619756395 11.0591719966899 1
58.1973862636616 11.7317286909361 2
58.2405991914145 13.1516240051267 2
59.4919803985807 13.8236413442592 5
59.5356422490571 15.2434249208159 5
60.7867802568527 15.9157269867061 0
60.8293502744887 17.3356806434639 0
62.0802463748771 18.0082232806468 0
62.1235391139884 19.427790816811 1
63.3748216564584 20.1001820519221 1
63.4182705629329 21.5198805531926 4
64.6692838659229 22.1930062783293 3
64.7123617170813 23.6126788538042 0
65.9636423400486 24.2852109181636 2
66.0065486353893 25.7046731704777 5
67.2575655360208 26.3770695039605 1
67.3003596407086 27.7969704788776 1
68.5512764917997 28.4697077129875 2
68.5948501190358 29.8895077728642 2
69.8462516108497 30.5614917965647 5
69.889118694486 31.9813558688124 1
71.1400722057524 32.6536416227242 0
71.182626288525 34.0735794441393 4
72.4336667112156 34.7458143547651 3
72.4773466957964 36.1654423517184 1
73.7286092337595 36.8380111020547 2
73.7720078785782 38.2578526791163 0
75.0229835866063 38.9309643200689 0
75.0660042408121 40.3504963150012 0
76.3172275220762 41.0228744952633 5
76.3604300453624 42.4423559455208 1
77.6114296689572 43.1151369761396 1
77.6546424092199 44.5349819674326 1
78.9057141275641 45.2077901978497 5
78.9493228347485 46.6274547630776 2
80.2006200278285 47.2995050399658 1
80.2431537911083 48.7194308772562 1
81.4939033744913 49.3919011134592 4
81.5368206619967 50.811784733668 2
82.7881312158795 51.4838624607914 5
82.8318517103549 52.9036136888528 2
84.0829687971199 53.5762917777194 0
84.1257926800105 54.9962151651204 0
85.376765382961 55.669028635337 0
85.419868977957 57.0885157266871 3
86.6710731817975 57.7609749139054 1
86.7143270766545 59.1805947470297 5
87.9653522892351 59.8536539372719 1
52.9346059570834 0.523364846678069 0
54.185914918436 1.19586093736119 2
54.2289686259177 2.61542533062427 2
55.4800564215979 3.2875844038186 1
55.5227377224386 4.70753497333253 5
56.7735641118952 5.38009162390364 2
56.8170781741649 6.79991672834168 5
58.0684739282858 7.47197344867718 2
58.1117882104112 8.89184590093961 3
59.3627744087708 9.56437357977263 0
59.4053752953871 10.984274440361 0
60.6563578079087 11.6567606850295 3
60.6998865578132 13.0762965434638 1
61.9511078105155 13.7489393276869 5
61.9945185177452 15.1686886154365 0
63.2454916506362 15.8418741022858 3
63.2886847721177 17.2614149553375 0
64.540035119652 17.9336585526929 2
64.5829705204488 19.3532048066562 1
65.8339170233685 20.0256406998868 5
65.8768680769737 21.445563506663 1
67.1279678349448 22.1180496673266 2
67.1716529949433 23.5378020401328 2
68.4229944316507 24.2097816189863 5
68.4655173338933 25.6297284472526 3
69.7163389291014 26.3021683047063 0
69.7590804827832 27.7220113584977 4
71.0102762295057 28.3942118817932 1
71.0539126031811 29.8138924339107 2
72.3050197152365 30.486786710875 4
72.3481031396912 31.9066272144826 0
73.5991373011571 32.5796264153768 0
73.6421609146395 33.9990575216327 3
74.8933493568306 34.6714302075866 5
74.9364371061577 36.0910490040866 1
76.1874090563478 36.7639200864937 1
76.2308006997732 38.1837320329188 3
77.4821013226509 38.8561009337131 2
77.525501993163 40.2757780633697 2
78.776688720386 40.9478164693329 3
78.8192457748482 42.367784842989 5
80.0700095190971 43.040260511344 4
80.1133698546711 44.4600365948968 2
81.3647394335807 45.1322006531085 2
81.4083603798653 46.5520377175377 4
82.6593509825112 47.2249436932919 0
82.7021162239474 48.6447864931961 0
83.9531339818474 49.3175036444013 0
83.9963908682257 50.7369548159335 1
85.2475310889678 51.4096284753091 5
85.2907238627629 52.8293575422019 3
86.5416867667402 53.5025280250215 1
86.5850916967712 54.9221549788004 4
87.8365111716222 55.5943258305913 2
87.8793363953956 57.0139846869392 1
89.1302957243786 57.6861924165658 3
89.1729980942253 59.1061562516734 2
90.424062510958 59.7784574454593 2
55.3937099652827 0.448215701984556 2
56.6450711594964 1.12031672428725 2
56.6879819804746 2.54026032879965 0
57.9388818956045 3.21290513308023 0
57.9816285433523 4.63268196543036 0
59.2327297488948 5.30510020141783 1
59.2762805880702 6.72466884654247 2
60.5273844671243 7.3976025085947 5
60.5706492104202 8.81737539612522 0
61.8216606383925 9.49048975887545 4
61.8648238256685 10.909945428876 4
63.1160806027629 11.5821607990078 2
63.1589803271431 13.0018573359521 1
64.4098573253294 13.6744311343388 2
64.4530948580889 15.0943308088501 1
65.7044087925784 15.7664912568119 2
65.7480663009368 17.1862329781034 1
66.999308944604 17.8582479579798 3
67.041779758225 19.2782157219442 0
68.2925828524283 19.9506632966895 0
68.335742422115 21.3703628133938 5
69.5870525843044 22.0426021682312 1
69.6306437270394 23.4623540463869 2
70.8816569390504 24.135437788701 0
70.9245757646298 25.5552100159479 0
72.1757020380211 26.2279967826691 4
72.2187010227489 27.6474130916296 1
73.4697823878188 28.3199562695193 1
73.5127211389268 29.7397328261208 1
74.7636534483985 30.4127164915923 1
74.8071649094277 31.8324695844338 2
76.0585858315118 32.5045398196215 5
76.1015568479578 33.9242915380338 1
77.3525837723366 34.5964246134566 3
77.395159576526 36.0163953593169 4
78.6461262921537 36.688663762029 4
78.6897893773688 38.1083656105231 5
79.9411460230201 38.7806544910079 2
79.9845299665276 40.2005529263076 0
81.2354778124406 40.8735302920209 0
81.2783291519464 42.29322298185 0
82.5294333849238 42.9657772509404 3
82.5728049854308 44.3852432998868 1
83.8238722443156 45.0581329513503 1
83.8671115959669 46.4779202077078 3
85.1180828931308 47.1510674895712 5
85.1615477777926 48.57063589631 2
86.4128840829293 49.2427606747876 1
86.4555817705226 50.6625628215753 1
87.7063981362538 51.3349646678352 4
87.7493098327312 52.7548986016122 2
89.0006044862825 53.426966579179 2
89.0443521545611 54.8467152902423 2
90.295596470897 55.5189463451383 4
90.3382637224709 56.9389076933608 0
91.5891486430839 57.6115466733238 0
91.6321781661063 59.0311696805349 3
92.883401012111 59.7035389211139 1
57.8528241024496 0.373163059125406 2
59.1038703154551 1.04623255026366 3
59.146992798293 2.46597295682223 0
60.3981662386623 3.13877433647918 4
60.4411562049745 4.55822515020373 5
61.6922593863624 5.23052846256643 1
61.7350532731859 6.65038134282497 5
62.9859002948859 7.32309367127537 2
63.0293707986636 8.7429458745426 5
64.2807863166498 9.41493712158274 2
64.3240811895761 10.8347402959733 1
65.5751679548223 11.5069060503965 0
65.6176789814723 12.9268643029304 0
66.868593766743 13.5992107124812 0
66.912142083366 15.0188242364976 5
68.1634716751636 15.6912153080802 2
68.2070155502265 17.1110168680233 4
69.457994215309 17.7841583791258 0
69.5009771266316 19.2037886903395 0
70.7521965342261 19.8762821573519 4
70.7952879380426 21.2957223068157 1
72.0462908766511 21.9683934908355 5
72.0893089654746 23.3882498692719 1
73.3402793223649 24.0611812956596 5
73.3838986381109 25.4808871548197 2
74.6352714403633 26.1529109476967 1
74.6778721697879 27.5727826534496 1
75.9287163259456 28.2451227152554 0
75.9713794760105 29.6650572639551 2
77.2225739537943 30.3371557131696 5
77.2662971715043 31.7568558033881 2
78.5175260635427 32.4293934597395 4
78.560582556233 33.8493128022574 0
79.8115467218432 34.5222423237259 0
79.8545412429308 35.9417791568702 0
81.1057282432132 36.6142055485883 1
81.1490548212353 38.0337378862682 5
82.4000981188137 38.7067139014007 1
82.4433810012938 40.1264896608916 3
83.6945323595693 40.7992909569496 2
83.7378387523436 42.2188570210203 2
84.9890320631485 42.8909994431211 1
85.0316928000231 44.3109188871648 5
86.2824362932238 44.9834918042991 2
86.3257048598392 46.4033639130534 2
87.5770889551035 47.0754071440738 2
87.6207152559555 48.4952138102053 5
88.8717905839542 49.1676854890663 0
88.9144032888853 50.5876225920112 0
90.1653301692035 51.2602126671161 0
90.2086741961733 52.679740447664 1
91.4599297046472 53.3522188705415 2
91.5033247496622 54.7719167747311 4
92.7543242482162 55.445064191988 3
92.7974850983249 56.8646995955957 0
94.0488231031991 57.5370986632553 2
94.0917154811091 58.9566014563844 5
95.3427096937607 59.6289400873176 1
60.3114669060195 0.298864015678981 2
61.5624229887594 0.971482061617128 2
61.6060388096003 2.39127549434511 2
62.8574274176668 3.06326370449908 5
62.9002327204288 4.48316374915847 3
64.1511511205379 5.15553659818565 0
64.1937415928829 6.57544228942901 4
65.444821177995 7.24769153900479 3
65.4884805666948 8.66731033071703 2
66.7396912616605 9.34000322046259 2
66.7830248151858 10.7598267577078 0
68.0340140577232 11.4329392064027 0
68.0770709414465 12.8524230393241 0
69.3283168222802 13.524735557384 5
69.3714487779144 14.9442626033372 5
70.6224240465789 15.6169960794291 2
70.6656683948298 17.0368551465695 1
71.9168193759644 17.709463583347 2
71.9604390945949 19.1291511282826 2
73.2117161882667 19.8011706323984 1
73.2542156332585 21.2211220126382 3
74.5049566265881 21.8936032564571 0
74.5479594584582 23.3134420413828 2
75.799277764076 23.9855607693143 1
75.8429702044373 25.4053272894114 2
77.0940341655408 26.0781659872583 0
77.1368657127412 27.4980574960962 0
78.3878731247131 28.1708845450107 0
78.4309821525972 29.5903370559467 3
79.6821622603906 30.2628424615803 1
79.7253283363155 31.6824992728584 5
80.9763295788617 32.355568913608 1
81.0196830803997 33.775276912173 4
82.2710508603053 34.447617113944 2
82.3140753091691 35.8672315742196 2
83.5651432740386 36.5393600581292 1
83.6077953226186 37.959326387104 2
84.8586656676749 38.6317962923432 2
84.9022336852517 40.0515910435186 2
86.1536202697379 40.7236964541355 2
86.19689710328 42.143594098501 3
87.4478484789909 42.8162630285959 0
87.490506510448 44.2361173472046 0
88.7415179693671 44.9086463403993 3
88.7850287076282 46.3281661336691 1
90.0361934015266 47.0009302545524 5
90.0795487996143 48.4206822220084 0
91.3305122248178 49.09388445893 3
91.3737767575072 50.5134040125315 4
92.6251324594073 51.1855937902843 2
92.6680202458202 52.6052083303224 5
93.9189320896547 53.2776177254038 5
93.9619039469882 54.6975475903737 1
95.2130803853113 55.3698684459791 2
95.2567931018797 56.7896184712767 5
96.5081107238877 57.4616188108834 4
96.5506315993057 58.8815787178698 3
97.8014473667769 59.5540639564517 0
62.7702764818991 0.223839223903551 4
64.0214917264998 0.896084803132104 1
64.0650963974869 2.31576435398018 2
65.3161700649431 2.98875057628322 3
65.3592269961064 4.40855823495899 0
66.6103057778274 5.08150403860071 0
66.653306369588 6.50091930202047 3
67.9044765009226 7.17328092616814 5
67.9474548643294 8.5929705223767 1
69.1983938136157 9.26581881703304 1
69.2418222113211 10.685637906884 5
70.4931835755894 11.3578392071877 2
70.536524744997 12.7775516243114 1
71.7876822811407 13.4495910572352 3
71.8302199025639 14.8695632464064 4
73.081029653196 15.5419750065097 4
73.1244833491497 16.9617008996538 2
74.375852781571 17.6339191019201 2
74.419446505949 19.0537662288294 4
75.6704205151003 19.7267727135511 0
75.7132341442291 21.1465542599807 0
76.9642968744454 21.8192444646676 0
77.0075331113232 23.238683636444 1
78.2586261940737 23.9114256268426 1
78.301771928166 25.331190801374 3
79.5527200696792 26.0043559269157 1
79.5962016936407 27.4239864998364 4
80.8476185648108 28.0960973686185 2
80.8903812991609 29.5158244102775 1
82.1413005299535 30.1880621551909 3
82.1839972213727 31.6080246438033 2
83.4351310958814 32.2802180365634 2
83.4788411609208 33.6999617224751 2
84.7301754969611 34.3721411231682 4
84.7730875859641 35.7920910690579 0
86.0239918344322 36.4648138757881 0
86.0668248401476 37.884520000367 0
87.3179573891864 38.5569539632467 1
87.3614529918558 39.9765136168419 2
88.6125284104325 40.6495061197326 1
88.6557573367952 42.0692748343572 0
89.9067988089761 42.7423349330208 4
89.9499692387973 44.1618011487118 4
91.2011885474539 44.8340221306982 1
91.2440135880096 46.2537979651149 1
92.4948444810906 46.9263874673453 2
92.5381161918263 48.3462854151222 1
93.7894773392531 49.018346778333 2
93.8331054455818 50.4381073437919 5
95.0843007725463 51.1101986423026 0
95.1267942502183 52.5301634928626 0
96.3776313375784 53.2026149571558 0
96.4209023682706 54.6222568717688 5
97.6722151218795 55.2945537407937 1
97.7157690494849 56.7142987876344 4
98.9667686484041 57.3874250438968 0
99.0097284795175 58.8071460100326 0
100.260901439256 59.479842828303 4
65.2298845701985 0.149257928628021 3
66.4809327463879 0.82179482818549 1
66.5238353716123 2.24162170904221 1
67.7747707586827 2.91452636103448 1
67.8183234978161 4.33428391566468 2
69.0697643748833 5.00625525427439 5
69.1126137912526 6.426063991248 1
70.3635941508952 7.09825389370293 0
70.4061486690259 8.51821794665968 4
71.6571744076646 9.19042731458156 4
71.7008649908004 10.6101026152022 5
72.9521854420192 11.2825005651088 2
72.9955413485136 12.7023921198022 0
74.2464968172895 13.3754229867623 0
74.2894181647743 14.7950418082458 0
75.5405685403887 15.4675342152513 3
75.5839008532104 16.8870013419191 1
76.8349441881632 17.559895857479 1
76.8781808782228 18.9797005375736 3
78.1291900792575 19.652743979265 5
78.1726918708817 21.0723369576644 2
79.4239950045115 21.744451096602 1
79.4666306222999 23.1643163702929 1
80.7174043014792 23.8367725981337 4
80.7603565663624 25.2566903423 2
82.0116834149527 25.9287316860439 5
82.0554271826976 27.3484857432181 2
83.3066126558106 28.0208699092248 0
83.349312772223 29.4408240534047 0
84.6002260219535 30.1135105595489 0
84.6433321498526 31.5330741569056 3
85.8945655788364 32.205475402922 1
85.9379512661311 33.6251041923168 2
87.1889913992809 34.2981809714804 3
87.2321456919344 35.7178978653185 0
88.4833857864565 36.3905598722551 2
88.5263571122004 37.8100434352562 5
89.7774315766422 38.4823148874384 1
89.8201739968193 39.9022193762535 5
91.0710126038345 40.5748936896384 2
91.1145126144641 41.9947381158676 5
92.3659197781336 42.6667372859062 2
92.4091389668258 44.0865774135411 1
93.6601668160097 44.7588680749131 0
93.7027008143349 46.1788102153787 0
94.9536558729657 46.8511735809372 3
94.9972435719957 48.270759834741 1
96.2485314726107 48.9432642094568 2
96.2920290933047 50.3630511949786 0
97.5430043346929 51.0362135773289 0
97.5860603142105 52.4557866210159 0
98.8373297990422 53.1281685488673 2
98.8803892167103 54.5476365237259 1
100.131364568259 55.2202577200929 5
100.174389751188 56.6401388820772 1
101.425400822763 57.3129287737816 5
101.469046704262 58.7326478175839 2
102.720368497456 59.4046779530612 1
67.6889742984623 0.0745790111410014 1
68.9398108936557 0.746952451925364 0
68.9825116884744 2.16684223240031 2
70.233784687391 2.83885131324842 1
70.2774483985347 4.25856534365057 2
71.5286087976485 4.93127456925246 4
71.5716249308463 6.35117738031695 0
72.8226126943506 7.02413506608483 0
72.8656345404415 8.44361931798462 3
74.1168275138089 9.11603876544876 1
74.160065265798 10.5356025515982 5
75.411087996586 11.208570917389 1
75.4544124896252 12.6283473628907 3
76.705639239133 13.3009671103237 2
76.7489430406369 14.7205718459952 2
78.0001170820705 15.3926783038443 1
78.0427448348449 16.812627957793 5
79.293490452979 17.4851825285116 4
79.3368295322332 18.9050217885729 2
80.5882122443291 19.5771075062547 2
80.6318004612538 20.9969393312865 4
81.8828247324599 21.6695784818152 0
81.925481302927 23.089487601916 0
83.1764412810299 23.7621186023302 0
83.2198035232497 25.1816164707908 1
84.4710206164571 25.8541912482219 5
84.5143563533678 27.2738987988069 3
85.7653407749606 27.9470681137264 3
85.8085912263563 29.366675976808 0
87.0599760089163 30.0389556697226 1
87.1028415061967 31.4585128951977 5
88.3538180459693 32.1307954956383 1
88.3965893802828 33.5507423053564 2
89.647605913099 34.223221021669 1
89.6912459565482 35.6430047102137 2
90.942618581064 36.3150144931419 2
90.9853743176756 37.7349448201125 3
92.2362615979989 38.4074155345557 0
92.2789065633218 39.8272773734453 4
23.3819408876113 40.4995819721495 3
93.5736306377941 41.919196597525 2
24.6767148412894 42.5920301654673 1
94.8680557171464 44.0118343815032 0
25.9709929691523 44.6849446427889 0
96.162140312918 46.1043955178939 0
27.2653206392686 46.7766761038316 5
97.4564387479373 48.196265027667 1
28.559317875205 48.8689624766684 2
98.7506649249877 50.2888314155945 1
29.8538335888244 50.9612407633134 2
100.045511683547 52.3809475889365 1
31.1487019546015 53.0529514846121 2
101.339244832749 54.4729163256764 3
32.4419273445132 55.1453957432875 0
102.633091514842 56.5651809086683 3
33.7363393858798 57.237376149505 1
103.928028212758 58.6571575802987 2
35.03089 59.330263 0
