x           y           stackinginfo
0.0 0.0 0
1.355386 0.424803 0
1.66494805410934 1.8108016637838 3
3.02040742260464 2.23552321400895 1
3.33025801927033 3.62155765259594 1
4.68557554877893 4.04701045496418 1
4.99559508600296 5.43323416976431 3
6.35102464464538 5.85839184105295 2
6.66125010493385 7.2443763595143 2
8.01683742150865 7.6684958480138 1
8.32595306573421 9.05492976593171 1
9.68104474767671 9.4795938973044 3
9.99026215310535 10.8661289098749 2
11.3455921987149 11.2905600299164 2
11.6560821723761 12.6766154868521 2
13.0117016125129 13.1009793555052 2
13.321777806894 14.4872895161601 4
14.6770551565426 14.9125639702501 0
14.9863446062215 16.2989535615727 0
16.3416804894775 16.7238808024454 0
16.6515625697066 18.1097815974548 1
18.0070527816012 18.5345768414133 1
18.3170475993838 19.9206523256441 5
19.6723743971254 20.3462764394933 1
19.9823975665104 21.7324241099872 0
21.3379274773635 22.1573912576971 2
21.6477798736389 23.5433620415583 2
23.0032706739964 23.9675944990403 1
23.312436339101 25.3540407284107 1
24.6674947042608 25.778876897078 4
24.9770692335687 27.1653149899892 2
26.3325555986297 27.589624422741 2
26.6431452251545 28.9756876238045 2
27.9987062383038 29.4000225012807 2
28.308275249781 30.7864805229601 0
29.6634755498479 31.2115906292442 0
29.9727128840378 32.5979760652534 0
31.3280605447714 33.0226897046354 3
31.6382430260109 34.4085857054372 1
32.9937491326945 34.8335579570931 5
33.3038911840872 36.2196788895832 3
34.6592028165003 36.6454283366623 3
34.9691282792973 38.0315154098143 0
36.3247133133747 38.4562907750471 2
36.6342775437908 39.8422616923916 5
37.9896446821857 40.2666964932391 1
38.2989404175035 41.653127593842 5
39.6540317414603 42.0781753617953 2
39.9640210997119 43.4644948605027 5
41.3196122883367 43.8887063810774 2
41.6301238596617 45.2747930192258 5
42.9856097988289 45.6990704725642 4
43.2947451680831 47.0856332996449 0
44.6498578159453 47.510592932749 0
44.9591976317855 48.8969351772122 4
46.3146042110052 49.3214498180233 1
46.6250084865963 50.7073812062597 2
47.980494557945 51.1325171809158 5
48.2906498235287 52.5186987890735 0
49.6459627459505 52.9444490321599 0
49.9557323138008 54.3304852906571 0
51.3113127218564 54.7551081362867 2
51.620863169495 56.1410625994621 1
52.9761632887341 56.5657700078368 1
53.2856196582384 57.9521660906568 1
54.6407896069395 58.3774162825323 2
54.9510643473706 59.7636166104831 5
56.3067148752328 60.187752878293 2
56.616857870832 61.5739087276049 1
57.9722727489785 61.9981590959887 3
58.2812197137543 63.3847667987266 3
59.636280787222 63.8096062588853 0
59.9458707204372 65.1958693404887 4
61.3013790900656 65.62022693009 1
61.6118909163837 67.0062272390835 1
62.9673292810985 67.4314746920879 1
24.2034280719724 1.13989509643972 0
25.5587561666055 1.56550432187495 0
25.8683605347682 2.95151078110416 0
27.2238894547174 3.37606902795224 5
27.5336099402524 4.76199753377525 1
28.8889142154903 5.18700981958725 1
29.1986091514075 6.57334196631956 1
30.5538613902014 6.99873988765948 1
30.8642396717342 8.38482746917662 2
32.2199019624235 8.80893124407981 5
32.5295317089274 10.195179507031 1
33.8848435275393 10.6195021482294 3
34.1937991580824 12.0061132824499 4
35.5488792465147 12.4308495626857 4
35.8588284237183 13.8170267859213 2
37.2144353695527 14.2412996938395 1
37.5249626130202 15.6273837952958 2
38.8803441515886 16.0526502935143 0
39.1899311523258 17.4390379784016 0
40.5452587160769 17.8643931206362 0
40.8548266183274 19.2503798783149 3
42.2103166190027 19.67495327962 1
42.5202253370933 21.060883223873 5
43.8755675729041 21.4861665115258 1
44.1855081763409 22.8724142199641 3
45.5408374329676 23.2978422346455 5
45.8511658228719 24.6838305908386 2
47.2068136215761 25.1079477278538 1
47.5160913930789 26.494266386489 1
48.8712773060799 26.918749312634 3
49.1803579367181 28.3053314899914 2
50.5355350850426 28.7299718718296 2
50.8458312262674 30.1160895713332 2
52.201479134842 30.5403380973884 2
52.5118269752331 31.9265373227466 4
53.86714903639 32.3517192924886 0
54.1764643602068 33.7381725587708 0
55.5317558233633 34.1632668463945 0
55.8414651412428 35.5492286730185 3
57.1969611841345 35.9738721232806 1
57.5069998889364 37.3598556610896 5
58.8623562705309 37.7853550236127 1
59.1723789669806 39.1715399911648 3
60.5278002663652 39.5968525409254 2
60.8378650386419 40.9827903520251 2
62.1934541955225 41.4069728915947 1
62.5026563226609 42.7933237769119 1
63.8577648688533 43.2179938912897 5
64.1670804716852 44.6045121203346 2
65.5224123490453 45.0290495024584 2
65.8329135659925 46.4151421256796 2
67.1885420895125 46.839362623633 2
67.4984473460063 48.2257118615072 4
68.8537015781307 48.6507499113427 0
69.162861300895 50.0372272267666 0
70.518139741431 50.4620795752331 0
70.8281437125578 51.8480110779469 1
72.1836733018536 52.2727621564187 1
72.4938404327487 53.6588206772993 5
73.8491780770281 54.0844888431809 3
74.1591168948605 55.470642384074 0
75.5146201229305 55.8957598965777 4
75.8243480191628 57.2816885162169 2
77.1798248990393 57.7060244099049 1
77.4891274624783 59.0923750645643 1
78.8442309342649 59.5172850450011 2
79.1539274227311 60.9037000909553 1
80.5094000288908 61.328140154586 2
80.8199695452689 62.7142155036352 2
82.1755374741183 63.1383891281501 2
82.4849149438794 64.5248749219244 3
83.840075511636 64.9497944806085 0
84.1492406586462 66.3362533815468 0
85.5045551060879 66.7608653427683 3
46.7410257006471 0.468928604287588 1
48.0965704917198 0.893804569077743 2
48.4068291072703 2.27993631626397 4
49.7621426647648 2.70568851217992 3
50.0719306964878 4.09181302621429 0
51.4274679842033 4.51672431057345 4
51.7370348576958 5.90264817653777 5
53.0924083598916 6.32722344296824 1
53.4018444195793 7.71355904389593 1
54.756996758272 8.13874801909077 2
55.067064957971 9.52503735411433 5
56.4226391854848 9.94938844005159 2
56.7330578061643 11.3354701217115 5
58.0885616076992 11.7596067978506 3
58.3975970765348 13.1461758467121 3
59.7526715111243 13.5710192354657 0
60.0619853322186 14.9574204774155 4
61.4173948105237 15.3818101339304 1
61.7278843348694 16.7677674395406 2
63.0834019161403 17.1927510587007 2
63.3935453331807 18.5789824843112 0
64.7488560714743 19.0046726825758 0
65.0584671024228 20.3907705143821 0
66.4139887009191 20.8155016072129 4
66.7236461280824 22.2014035513091 1
68.0789881106647 22.6262552877531 1
68.3885835171603 24.0125626960861 1
69.7438035441958 24.4379889428908 1
70.0540613077005 25.8241533787725 5
71.4097004519321 26.2484186841537 2
71.7196981904476 27.6345538381923 1
73.0751258663859 28.0587277224969 3
73.3840755653283 29.4453270407013 3
74.7391118636783 29.8701375288211 0
75.0487206283989 31.2564504963878 2
76.4042554482138 31.6806917122027 5
76.7148190332012 33.0667119049026 2
78.0702791200849 33.4917544843846 4
78.3800760126529 34.8781163479814 0
79.7353803203212 35.303614967395 0
80.0448786125551 36.6896931966285 0
81.4003648508213 37.1143215668569 3
81.710234922079 38.5002035426468 1
83.0655966871825 38.9253294632555 1
83.3754308075144 40.3115820877752 1
84.7307049340672 40.7371495837401 1
85.0410008063469 42.1231933619397 2
86.3966648932106 42.5474084087793 2
86.7062086119592 43.9336047007534 1
88.0615132801263 44.3579170584202 3
88.3705430819453 45.7445079721693 5
89.725608403372 46.1693079539709 4
90.0356169642495 47.5555278466819 2
91.3912451576289 47.9797107104477 5
91.701772160956 49.3658120006725 2
93.0571585133743 49.7908392114736 0
93.3665766250129 51.177311111608 0
94.7218411705706 51.6025618153283 0
95.0313884985877 52.9886161844556 3
96.3868666808231 53.4132212116452 1
96.6969357549954 54.7991268473612 5
98.0523165575771 55.2244885656836 1
98.3623262021731 56.6106856684912 3
99.7176582606804 57.0362555023521 5
100.027837871457 58.4222058648186 4
101.383487350949 58.8464129587652 2
101.692792532049 60.2326496567714 1
103.047979271656 60.6571528016687 1
103.357154965453 62.0437084887468 2
104.712330505115 62.4684708159695 2
105.022664662098 63.8546238414848 2
106.378319111685 64.2787815755295 2
106.688554717713 65.6650076876365 4
108.043867614682 66.0899347863658 0
108.353025948531 67.4764639745574 3
70.6344102389419 0.223617468887726 0
70.9442032569563 1.60962551509159 3
72.2997184890644 2.03424690329636 1
72.609941927096 3.42022313049025 2
73.9653154102982 3.84576284493992 1
74.2753210635185 5.2319375236947 0
75.6307370161134 5.65735087657848 4
75.9406373926848 7.04326002255669 4
77.2962227426606 7.46750643111855 2
77.6055427421197 8.85375589131682 1
78.9606873371731 9.27848829408109 5
79.2701227368571 10.664975837904 2
80.6254471961694 11.0896767692575 2
80.9359431271995 12.4757887298192 2
82.2915755764746 12.89989752912 2
82.6012866794195 14.2862736323913 3
83.9565233245209 14.7110804088299 0
84.2655735173972 16.0976244852618 0
85.6208003844221 16.5223773236736 0
85.9308912663254 17.9083504180003 1
87.2864554673063 18.3330162933157 2
87.5967695098187 19.7190882902905 4
88.9521078641316 20.1447654952074 3
89.2619460122775 21.5309519424992 0
90.6174144214558 21.9561788893277 4
90.9270647258848 23.342083967179 1
14.1348687788259 23.7665312182489 5
92.5919918143531 25.1527685758028 1
15.799494712123 25.5778081965288 2
16.1093148642212 26.9641824687979 1
17.4647656487151 27.3888225866242 2
17.7752893897961 28.7748926107777 2
19.1308659143672 29.1989656347369 5
19.440088934704 30.5854594092621 3
20.7952215003253 31.0102247896372 0
21.1043377048063 32.3967358974517 4
22.4596343898912 32.8212325775851 3
22.770008468324 34.2071904633161 5
24.1255885078935 34.6319180557034 2
24.4359021134233 36.01808514356 4
25.7912170950848 36.4437727155237 0
26.1008596196595 37.8299574315308 0
27.456341292673 38.2549564446742 4
27.7659543718738 39.6408529712973 1
29.1213525586238 40.0655401937806 1
29.4309345096283 41.4517742210525 1
30.7861544128283 41.8771207190156 1
31.0962549026033 43.2633686708581 5
32.4518075486936 43.6879221086482 2
32.762101360035 45.0739876451372 2
34.1176198170146 45.4980768864478 1
34.4266186755755 46.8846344467812 3
35.7816708494916 47.3094185878874 0
36.0909816169357 48.6958632895215 2
37.4464054311153 49.1201559230659 5
37.7569393344968 50.5061417324707 2
39.1124837702181 50.9309298900278 2
39.4225432780799 52.3172263776067 0
40.7778431688783 52.7427889981915 0
41.0873133882769 54.1289690744507 0
42.442775713002 54.5537589084449 3
42.7525506436789 55.9396356642549 1
44.1079478189728 56.3645622801802 1
44.4176951905121 57.7507830705045 1
45.772964566385 58.1763396096227 1
46.0831678587231 59.5624631643771 4
47.4387970991522 59.9868942901688 2
47.7486674017817 61.3729863739321 2
49.1040950618869 61.7971649453736 1
49.4131204876568 63.1837329562629 5
50.7681443042291 63.6085740541628 4
51.0778278225004 64.9949161569646 2
52.4333857013999 65.419095583344 5
52.7439821291415 66.8051328102499 5
54.0994558662394 67.2299455242692 3
15.3352570870266 0.938520183629544 0
16.6905145661032 1.36388041804123 0
16.9999378216196 2.75004522323513 0
18.3553842247363 3.17471562281839 3
18.6654103078962 4.56058570669178 1
20.0208207331561 4.98576948864542 1
20.3307802210556 6.37195991095912 3
21.6860730493082 6.79763805796507 1
21.9962427977475 8.18365234140983 4
23.3519021778844 8.60799998974369 2
23.6613913155149 9.99412745358035 2
25.0166848304441 10.4184816871032 1
25.3258168311861 11.8050358140534 5
26.6808847203477 12.2299309205012 2
26.9909673646173 13.6161754741851 2
28.3466094661536 14.0402982632251 2
28.6570983067525 15.4264169223692 2
30.0124912795696 15.8511767491543 0
30.3217351132968 17.2377143845775 0
31.6769287182744 17.6628480976769 0
31.9864703580083 19.0489780873458 3
33.3419396095633 19.4735775412464 1
33.6521687970962 20.8594942988971 2
35.0075724725763 21.2848907508068 1
35.3176262340543 22.6710662770925 3
36.6729610994716 23.0967201193487 4
36.9829698648221 24.4826575220403 4
38.3386056224343 24.9069677824845 2
38.6479864043286 26.2931068758509 5
40.0031912328409 26.7176834850959 1
40.3124893606948 28.1041956643121 2
41.667674435394 28.5291083718168 2
41.9780399970872 29.9152764007313 2
43.3337026714214 30.3393526873984 2
43.6437908525473 31.7255991704834 5
44.9991124821284 32.1502537906661 0
45.308130427056 33.5368381687869 0
46.663288703631 33.9617367004528 0
46.9730988147756 35.3478093587724 3
48.3286332777509 35.772359430406 1
48.638983194103 37.1583650618014 2
49.9943584286137 37.5839147040341 3
50.3043007447901 38.9701189729727 0
51.6596931104512 39.3956200252171 4
51.9694550954711 40.7815281118912 4
53.3250101700101 41.2059007793533 2
53.634499416978 42.5920284023219 1
54.9896955936045 43.016895784543 5
55.2992881936395 44.4033271996078 1
56.6546037561567 44.8282410872946 2
56.9650957124259 46.2143423842894 2
58.3207315660249 46.6383806369867 2
58.6302679059528 48.0247617026339 1
59.9854963834933 48.449371328918 0
60.2944851461629 49.8359536175533 0
61.6496746637562 50.2606049055306 0
61.9598147557468 51.6466217255535 5
63.3154104921509 52.0711573891667 2
63.6258258187608 53.4572560212624 4
64.9811655812334 53.8828697457773 0
65.2908803188502 55.2691132376196 0
66.6463092214314 55.6943848471232 0
66.9559309156155 57.0802858083445 3
68.3113976630196 57.5048254333809 5
68.6210275508917 58.8909490828226 1
69.9762638455256 59.3161486599693 2
70.2861850890637 60.702466211082 1
71.641612840708 61.1273530966823 2
71.9520630281448 62.5133982790422 2
73.307651421801 62.9374458802185 5
73.6167911953119 64.3239240616228 1
74.9719079932893 64.748593479313 0
75.2810131083129 66.135134649154 4
76.6363029410031 66.5595645945526 4
37.8728850861972 0.267699443752825 5
39.2284924450191 0.692257722711008 2
39.5387913932499 2.07847043127562 4
40.8941027192842 2.50402408947284 0
41.2036043103875 3.89028857015823 0
42.5590234629212 4.31531424462912 0
42.8687138422596 5.7012025813321 1
44.2241487863378 6.12594828308364 1
44.5338937596904 7.51208950495907 1
45.8891739061844 7.93756818986401 1
46.1992691602784 9.32377054617407 3
47.5548003921042 9.74854412631147 2
47.864949660077 11.13457457048 2
49.2204755306969 11.558685304122 1
49.5295076502489 12.9452081672629 1
50.8845528328885 13.3699760320966 4
51.1939133472136 14.7564415285231 2
52.5493548583789 15.180705931454 5
52.8599200880819 16.5667230557855 2
54.2154846737507 16.9913047670627 2
54.5254119098121 18.3776631994245 0
55.8806840669822 18.8030568774909 0
56.1900462153675 20.1893286745409 0
57.5454508194361 20.6141383952333 3
57.855372685642 22.0000094500177 1
59.210819708654 22.4249703305819 1
59.5207303998335 23.8111226227264 1
60.8760277899739 24.236781464253 1
61.1861306644528 25.6228814530143 4
62.5417417969644 26.0474975021923 2
62.8514754452056 27.433539200647 2
64.2068894358658 27.8577796057615 1
64.5160020688962 29.2443044292861 5
65.8710344940057 29.6691949666679 4
66.1807974998058 31.0555530101361 2
67.5363734410244 31.4797168024066 2
67.8469723642284 32.8657759257876 2
69.2024603403669 33.2903419327601 4
69.5119081253512 34.6768383853397 0
70.867109660362 35.1020387814347 0
71.1764731938918 36.4882943787206 0
72.5318869435878 36.9129557823497 3
72.8420745752892 38.2988402508544 1
74.1975246972564 38.7240248594456 5
74.5075979754529 40.1101804058606 3
75.8629029720304 40.5359210850215 3
76.1729208840586 41.9219318342476 4
77.5285597621895 42.3464167265947 2
77.8380336946672 43.7324675909738 5
79.1933234681 44.1569175254242 1
79.5025703895672 45.543418112828 5
80.8576626479041 45.9684316109403 2
81.1678187030027 47.354682148448 5
82.5234649193598 47.7787784344109 2
82.8338717115591 49.1649121308247 5
84.1892794095256 49.5894092658723 0
84.4983672564909 50.9759897527385 0
85.853495007091 51.4009953587707 0
86.1630276122646 52.7871993590306 4
87.5184946820564 53.2117384252188 1
87.8288635455174 54.5976842964209 2
89.1842854596513 55.0230564206757 5
89.4943490342143 56.4092458935818 0
90.8496806673136 56.8349401660021 0
91.1595148337975 58.2208947199187 0
92.5151169190171 58.6453237865626 2
92.8246138115025 60.0313624514634 1
94.1798517670638 60.4560855048626 1
94.4892906035376 61.8425368280725 1
95.8444912212285 62.2676436806165 2
96.1548734518509 63.6538024870855 2
97.5105378251358 64.0778495006767 2
97.8204669472722 65.4641003113313 1
99.1757990804458 65.8885409642855 0
99.4847404840155 67.2751521447453 1
61.7660166765552 0.0220950616498745 0
62.0758454276733 1.40822419326901 5
63.4314003400313 1.83266481587934 1
63.7418628276758 3.21869756106872 2
65.097245373108 3.64417519659777 3
65.4070989081365 5.03043415331144 0
66.762471072677 5.45594070707365 0
67.0721291046454 6.84186968169741 0
68.4276573004435 7.26633882969066 5
68.737320410564 8.65235650230586 1
70.092579850893 9.07739222493992 5
70.4023223289025 10.4637528867096 1
71.7576333621308 10.8889092017854 5
72.0680933683012 12.2749776284041 2
73.4237368010267 12.6990082385002 5
73.733144879383 14.0853727859865 1
75.0883695548994 14.5098579251478 0
75.3973462415798 15.8964574464737 4
76.7525106866302 16.321063112342 4
77.0626785466105 17.7071303166249 5
78.4183001017349 18.1315278661574 2
78.7287503963049 19.5176591083887 4
80.0840912381307 19.943134700204 0
80.3936571057478 21.3294611539706 0
81.7490376919531 21.7547104466522 0
82.0586600131783 23.1406302980932 3
83.4141347659907 23.5652278902114 1
83.7239336891679 24.9512600651765 1
85.0792351643418 25.3766002411407 1
85.3892207099058 26.7628570963827 3
86.7446299417806 27.1879828602705 2
87.0549671300133 28.5739865359266 2
88.4105689737585 28.9980661654525 1
88.7196975479268 30.3845040633305 1
90.0748091631739 30.8091296006017 3
90.3839478314633 32.1956821409443 2
91.7392376092046 32.6201278352595 2
92.0496772944385 34.0061711598648 2
93.4053026612002 34.4305716050603 2
93.7155175227725 35.8168321506609 4
95.0708148109472 36.2421990154922 0
95.3801768649399 37.62855929387 0
96.7355316250521 38.0535571479448 0
97.0453166722169 39.4394575608903 1
98.4007916269343 39.8642140635214 1
98.7107063418598 41.2502883698742 5
100.066028258728 41.675852384895 1
100.376079172868 43.0620212778038 3
101.731591866485 43.4869928310399 2
102.041579624364 44.8729765517412 2
103.397102056934 45.2971518204572 1
103.706214172415 46.6836172353976 1
105.061268928113 47.1083984494581 1
105.370714500895 48.4948664904074 2
28.5785019448312 48.9191818794298 2
107.036741015443 50.3052353155129 2
30.2446541185369 50.7296262963126 2
30.5544011706328 52.1160393091742 2
31.9096329984547 52.5412426915509 0
32.2188909861948 53.9276110890309 0
33.5742434283031 54.3523939785862 3
33.8843150436024 55.7382825549441 1
35.2398085096819 56.1632254937085 5
35.5498755807698 57.5493414518414 3
36.9051875549653 57.9750640964022 3
37.2151663161978 59.3611653984789 0
38.5707500739605 59.785955525837 2
38.8803666120792 61.1719470293371 2
40.2357645453283 61.5962967066408 1
40.544961715474 62.9827717527642 5
41.9000610126136 63.4076401023386 2
42.2099460083304 64.7939761794378 2
43.5655340719981 65.2181703006675 2
43.8761912216336 66.6042216885009 2
45.2316728940351 67.0285916147037 2
6.46710396408666 0.737264178218897 0
7.82224103299612 1.16231589509013 0
8.13154759201005 2.54865435269998 0
9.48693300788148 2.97325476183078 3
9.79726125614135 4.35916630421382 1
11.1527433053866 4.78429930893551 5
11.4629004496392 6.17045653982939 0
12.8182074590313 6.5962285726423 3
13.1280596813209 7.98226573954625 0
14.4836568731936 8.40689298479603 2
14.793165602277 9.79287095410131 5
16.1484666143615 10.2174702819774 1
16.4578403447701 11.6038992970179 5
17.8129746169207 12.0290637693844 2
18.1231851083958 13.4153007425105 5
19.478827005289 13.8394325874088 2
19.7891148360192 15.2255699352085 5
21.1445433806216 15.6498592384062 3
21.453527827245 17.0364596222079 0
22.8086056667024 17.4613497554698 0
23.1181224495814 18.8476201035361 4
24.4735992112031 19.2720441497195 1
24.7840718017448 20.6580194764259 2
26.1395170553825 21.0832861403023 4
26.4495417090932 22.4695244218387 0
27.8048678878056 22.8951991652005 0
28.1145419628602 24.2811975671594 0
29.4700980116172 24.7057391628943 5
29.77973298476 26.0916912243728 1
31.1350179214878 26.5165882201773 1
31.4446062828899 27.9029615960647 1
32.7998323606633 28.3282792073244 1
33.1102049900735 29.7144057856807 2
34.4658686559823 30.1384906812189 5
34.7756525220583 31.5247248608112 1
36.1309942856505 31.9490351360105 3
36.4399239593805 33.3356513758615 4
37.7949994220988 33.7604096016419 0
38.1048431517051 35.1465946326616 2
39.4604238324407 35.57090772017 1
39.7709471906308 36.956965132573 2
41.1263416628991 37.3822842489299 4
41.4360505459861 38.7686265544681 0
42.7913934159949 39.1940707264447 0
43.1009664753302 40.5800479901234 0
44.4564686642864 41.0045938857143 5
44.7662927637497 42.3905333746317 1
46.1216130018419 42.8157216916357 1
46.4314748553301 44.2020081762199 1
47.7867840802992 44.6273925638455 5
48.0971689837906 46.0134145640583 2
49.4528215591823 46.4375018882881 5
49.7621675780339 47.8238216571042 1
51.117385723347 48.2482609757292 3
51.4264093915704 49.6348563731354 4
52.7815583471155 50.0594987152158 4
53.0917679103534 51.4456152725831 2
54.4474089647446 51.8698928083839 2
54.7578432604757 53.2560516447305 4
56.1131816978728 53.6813230440573 0
56.4225976344919 55.0677410131557 0
57.7779158914725 55.4929189493144 0
58.087566534662 56.8788751919978 3
59.4430536438359 57.3034967140565 1
59.753023505276 58.6894701428169 5
61.1083711122327 59.1149047085408 1
61.4183913294968 60.5011101338919 3
62.773789584372 60.9264265515711 2
63.0839796984679 62.3123820598 2
64.4395881510811 62.7365255899017 1
64.7487673581211 64.1228935169319 1
66.1038834075259 64.5475130223033 3
66.4131012449633 65.934056281394 2
67.7683917326041 66.3585918035298 2
29.0050211956432 0.0668179704230241 2
30.3606561471488 0.491081602052775 2
30.6707315871087 1.87738359245068 4
32.0260085974526 2.30252148576545 0
32.3352281665537 3.68897566871195 0
33.6905199599268 4.11391020635555 0
34.0004159027988 5.4998389589952 1
35.3559275008398 5.92457277630878 1
35.6660185043247 7.31061506210802 5
37.0213604023823 7.7362360048545 1
37.3313480889076 9.12239441841852 0
38.6868401273562 9.54752917798898 2
38.9966782657801 10.9334672735969 2
40.3521893262584 11.3577312116866 1
40.6614245322223 12.7441098800372 1
42.0165114851499 13.1689347763583 5
42.3260726549214 14.5553857503163 2
43.6815181265892 14.9798110536635 2
43.9920884527884 16.365887553636 2
45.3476728011297 16.7901084279283 2
45.6572237958364 18.1765575746273 3
47.0124183059634 18.6015510801519 0
47.3215874847265 19.9880010161226 0
48.6768973482749 20.4126982618175 3
48.9871053836968 21.7986137020191 1
50.342641449686 22.2234823480443 5
50.6528595446675 23.6095910496136 4
52.0081781501703 24.0353322716683 3
52.3180396415128 25.4214544772918 0
53.6735864094334 25.8463814233275 4
53.9831696663171 27.2323176424026 5
55.338563357077 27.6567911475435 1
55.6479284263917 29.0431570642464 5
57.0030500992904 29.4682388163465 2
57.3130159647838 30.8545690877359 5
58.6685734546271 31.2788983589431 2
58.9790791228335 32.6649753800304 5
60.3345947677158 33.0891458395744 4
60.6437149621429 34.4756990223764 3
61.9988161007359 34.9005868372146 0
62.3080866674689 36.2869921185725 4
63.663467459419 36.7114639775027 3
63.9739025595149 38.0974029882433 1
65.3294218334599 38.5224044192915 2
65.6396184762566 39.9085954009848 0
66.9949281805549 40.3343349424775 0
67.3046207732512 41.7204228094422 0
68.6601643004756 42.1451707836969 4
68.96975578964 43.5310906064205 1
70.3250884138086 43.9558409785872 1
70.6346001577892 45.3421812866957 1
71.9897889874528 45.767514809462 2
72.300018117264 47.1537198716279 5
73.6556485685761 47.5779664036198 2
73.9658021718748 48.964091137832 1
75.3212491893987 49.3882615881956 3
75.6301994229733 50.7748604279581 3
76.98524471666 51.1996837202129 0
77.2947599016019 52.5860091266729 2
78.6502568905742 53.0103069279993 1
78.9607976954311 54.3963047834821 2
80.3162677612141 54.8213924270937 4
80.6261961314402 56.2077018122014 0
81.9815093215571 56.633289447043 0
82.2910510584286 58.0193528746416 0
83.6465564768725 58.443982647874 5
83.9563346081617 59.8298762570488 1
85.3116741423214 60.2549128318701 1
85.6214109833293 61.6412008260671 1
86.9766652207981 62.0667074450567 1
87.2869856283882 63.4527904721776 2
88.642646400494 63.8769824365058 2
88.9523159884516 65.2631772295872 1
90.3076560180706 65.687447834534 3
90.6166383534934 67.0740493399664 1
91.9716918212564 67.4988377118097 3
53.2077533230613 1.20720733635667 2
54.5633581111899 1.63141972825473 5
54.8739120938377 3.01749320696272 2
56.2293153067332 3.44259505431504 4
56.5388654129897 4.82902324086474 0
57.8941582013646 5.25436558587077 0
58.2036883063157 6.64040741248464 0
59.5591694292152 7.06500460270549 1
59.8691591375963 8.45090142563575 5
61.2245292357481 8.87618947022689 1
61.5344932184133 10.2624099243385 3
62.8898077490909 10.6879601496349 5
63.2000744774391 12.0739367440518 2
64.5557343212956 12.4981123407805 2
64.8650711104054 13.8843616941683 1
66.2202841962361 14.308802795043 3
66.5293933304057 15.6953774034596 2
67.8845366819554 16.1201166713791 2
68.1947936007861 17.5062752481773 2
69.5504476499528 17.9304548116864 2
69.86080898516 19.3166396745392 4
71.2161435902941 19.7416568003526 0
71.5253916255579 21.1281594837333 0
72.8806390661175 21.5532482891747 0
73.1903267068022 22.939259356364 3
74.5458260096323 23.3638772921343 1
74.8559597275651 24.7498357684329 5
76.2113312334466 25.1753315447886 1
76.5213515404447 26.5615128973909 3
77.8767429498838 26.9869640453101 4
78.1867631270771 28.3728854578432 4
79.5423671160146 28.7971085211344 2
79.851642377148 30.1833811792307 1
81.2067806654426 30.608034077739 5
81.5161090274731 31.9945501252577 2
82.8713983981215 32.4192236857278 2
83.1818682656768 33.8053407028538 2
84.5375100899721 34.2294858002174 2
84.8474098366881 35.6158191091273 3
86.2026720964799 36.0407079930232 0
86.5117592860022 37.4272377527908 0
87.8669927381055 37.8520802721451 0
88.176984707677 39.2380502671256 1
89.5325303229552 39.6627240134677 1
89.8427840878145 41.0487694216202 2
91.1981305447899 41.4744222453915 3
91.5080381692728 42.8605983884976 0
92.8635031471055 43.2858571267138 4
93.1732233316138 44.6717663409652 4
94.5287205830821 45.0961338197955 2
94.8381060617204 46.4824023938373 1
96.193246140047 46.9073279420558 5
96.5029388247179 48.2937440281165 1
97.8583659387862 48.7183458785482 2
98.1689115982443 50.1044264800597 2
99.5245008785701 50.5285256022235 2
99.8338656772996 51.9149931193206 3
101.189029986822 52.3398010440594 0
101.498129052349 53.7263122906253 0
102.853407428166 54.1508981043951 3
103.163703793269 55.5368471658557 1
104.519276266702 55.9615955404197 2
104.829594370412 57.347727637835 4
106.184912808596 57.7734448709942 0
106.494637639827 59.1596156763121 0
107.850133087091 59.5846556636377 4
108.159721105661 60.970561174329 5
109.515122755648 61.3951651091536 5
109.824631620226 62.7814267048482 1
111.17981677071 63.2066688888253 2
111.489846881883 64.5929604388136 5
112.84537453196 65.01749965409 2
113.155769773819 66.403567212916 2
114.51127479552 66.8276896232066 2
75.7466028148046 0.536347120191479 3
77.1016993983138 0.961113313247997 0
77.4109425604461 2.34755269171738 4
78.7663679468978 2.77178095528938 2
79.0768227160143 4.1577708569616 2
80.4323681135161 4.58261102385684 2
80.742519914543 5.96886282977042 0
3.95016019844085 6.39451487361575 3
82.4073616736916 7.78067729309583 3
5.61517827987866 8.20551367563707 4
5.92487290359498 9.59140050896267 1
7.28024888278788 10.016265324389 1
7.58990816819789 11.4025141089237 5
8.94515043618643 11.8280103186207 1
9.25535311887582 13.2141761064561 5
10.6109666724566 13.6386002288859 2
10.9209774144425 15.0246970496243 2
12.2764311156872 15.4488455946893 1
12.5854097204294 16.8354254505373 3
13.940436751674 17.2602450733569 4
14.2499902872443 18.6466099673616 2
15.6055130790063 19.0708200628583 5
15.916094348392 20.4568382862971 2
17.2715850367253 20.8817063990242 4
17.5813704869338 22.2680919834949 0
18.9366536045098 22.6935437644876 0
19.246095222072 24.0796908178872 0
20.6015543623316 24.5043753733197 3
20.9114801679891 25.8902441747731 1
22.2668749900752 26.3153579827551 1
22.5767529969516 27.7015718420125 1
23.9320333273587 28.1272102945354 1
24.2422527768785 29.5132569048406 4
25.5979103623585 29.9375879637414 2
25.9074911049062 31.3237251607334 2
27.2628209086806 31.7480173435118 1
27.5718942734348 33.1345883485829 5
28.9269418097535 33.5594503551834 4
29.2369075325229 34.9457136440609 2
30.5925324954457 35.3698581561085 5
30.9030797112551 36.7559481875013 2
32.2584906242076 37.180794259908 4
32.5678626032606 38.5672971179906 0
33.9230899113457 38.9925184865021 0
34.2325897873918 40.3786399209107 0
35.5880531951533 40.8032560415419 1
35.89819895315 42.1891521455616 2
37.2536015566556 42.6144931480761 1
37.5636348506114 44.0006742679881 3
38.918956342171 44.4263279976286 3
39.2290608449246 45.8122818554172 4
40.5847137223695 46.2365635413604 2
40.8940772469921 47.6227268211349 5
42.2492937470281 48.0472179309096 1
42.5585075257454 49.433756504457 2
43.9136573750163 49.8586263276818 2
44.223956790712 51.2448095022442 2
45.5796195592482 51.6689082162985 2
45.8898652072728 53.0551155929282 5
47.2452043663958 53.479855985814 0
47.5542954500874 54.8664207958032 0
48.9094748896031 55.2914019424104 0
49.2192041890562 56.6774731714553 3
50.5747179383249 57.102047139187 1
50.885013684051 58.4880202279169 2
52.2403956254289 58.9135404652363 3
52.5503997069644 60.299725893238 0
53.9057804881118 60.7252636656318 4
54.2156458757465 62.1111722619552 4
55.5712301469707 62.5354954819921 2
55.880649607707 63.9216541588091 1
57.2358272541362 64.3464107706306 5
57.5452986511963 65.7328801428846 1
58.9005821878728 66.1577440030302 2
59.211056089285 67.5438650057909 2
21.4928685671211 0.290064811632349 2
21.8025838561351 1.67641372265979 3
23.1578386498121 2.10107586238644 0
23.4668326064324 3.48765501221684 0
24.8220165348099 3.91239413911903 0
25.132065337601 5.29841083265483 5
26.487640925311 5.72298041732016 1
26.7980236902483 7.10904876003145 2
28.1533706213116 7.53467755402824 3
28.4631750572758 8.92089767941872 0
29.8186072818761 9.3462252330729 4
30.1282561804211 10.7321264718779 3
31.4837426286792 11.1565966478483 5
31.793296822569 12.5427472578317 1
33.148503133713 12.9678244222301 5
33.458323405448 14.3541875053885 1
34.8137291892482 14.7790242293553 5
35.1242284915012 16.1650878547176 2
36.4798260432134 16.5891308058255 5
36.7890588655509 17.9755943630944 1
38.1442047224566 18.4002665117029 0
38.4532713436321 19.7868149864589 4
39.808532755932 20.2113079823758 4
40.1188800242276 21.5972948179119 5
41.4744843023878 22.0218846231467 2
41.7848389690864 23.4080547807154 4
43.1401584666946 23.8336691678532 0
43.4497428328394 25.2199093050539 0
44.8051833214882 25.6449923762569 0
45.1148210585767 27.0308852622751 3
46.4702508947005 27.4555643766519 1
46.7799225058018 28.8417237095748 1
48.1351795760837 29.2671072637076 1
48.4452473532166 30.65334969972 5
49.8007601700318 31.0780997440742 2
50.1110408980639 32.4641398498194 2
51.4665850628149 32.8882187921853 1
51.7756121181921 34.2747449133878 1
53.1306721742574 34.6994882345191 0
53.4399387036552 36.0859724444319 2
54.795338069491 36.5102708795848 5
55.1058689759516 37.8962709165854 2
56.4614440823795 38.3208958553269 2
56.7715157066042 39.707201560986 0
58.1268074279702 40.1326842471808 0
58.4362229596753 41.5189318939178 0
59.7916443514503 41.9437881741685 3
60.1014648431189 43.3296616683828 1
61.4568944774974 43.7545644940223 1
61.7667166248356 45.1407320087716 1
63.1220034214014 45.5663346032861 1
63.4321372070997 46.9524652445953 4
64.7877360772236 47.3770753418359 2
65.0976035240117 48.7631266541739 2
66.4530524030812 49.187311716552 1
66.7621101952468 50.5738521470483 1
68.1171361194619 50.9987008069714 4
68.4267688683428 52.3850848975703 2
69.7823132293032 52.8092670679349 5
70.0929154908202 54.1953079975052 2
71.4484211798046 54.6199425911712 4
71.758032503218 56.006394387209 0
73.1132668354133 56.4316873610203 0
73.4226324965263 57.8179268626574 0
74.77804967662 58.2426274381493 3
75.0881356670482 59.6284998251165 1
76.4435774311024 60.0536345437578 1
76.7535887923168 61.4397963271756 3
78.1088873162142 61.8655147039416 3
78.4189726446702 63.251545132787 4
79.774616375063 63.6760222243913 2
80.0841381083928 65.0620900191499 2
81.4394557127566 65.4864557422105 1
81.7486393101706 66.8729786150986 1
83.1037019019088 67.2979373151413 1
44.3399201306209 1.00635087016082 2
45.6955533221665 1.43046518616005 2
46.0060580315264 2.81657142168725 2
47.3614797634704 3.24115331642308 4
47.6706796379561 4.62770834274334 0
49.0258383659568 5.05279794781574 0
49.3353213050692 6.43899839957128 0
50.6907716441735 6.8635846500553 1
51.0010736513508 8.24950307311462 2
52.3564988556797 8.67484500448459 5
52.6665825710313 10.0610171567728 0
54.0219059538487 10.4867286882187 3
54.3318386302296 11.8726869755336 4
55.6874652538496 12.2970887130731 2
55.9969101846034 13.6831554090275 5
57.3521463534819 14.1077633013806 1
57.6614934212178 15.4942461896069 2
59.0166603976086 15.9192828958239 2
59.3269981847833 17.3054668710546 2
60.6826637612978 17.7295228442435 2
60.9927677842599 19.1157418847103 5
62.3481186306126 19.5402376149468 0
62.6570952222261 20.9268401000397 0
64.0122149847447 21.3517156030885 0
64.321958258302 22.7378495014408 5
65.677487824776 23.1623351829473 1
65.9879036664075 24.5483393702232 2
67.3432948094699 24.9738191167372 3
67.6532320774875 26.3600458438706 0
69.0085995588983 26.7856112234668 0
69.3183176172137 28.1715381240074 0
70.673872905037 28.5959638533035 5
70.9834472280861 29.9820120800005 1
72.3386807061805 30.4069268545539 5
72.6483030211954 31.7933330319554 1
74.003585851425 32.2184262174228 5
74.31404689157 33.6045261498074 2
75.6696946659304 34.0285573552884 5
75.9792501997563 35.4149015653505 1
77.3345039172959 35.8393962466959 0
77.6434596152822 37.2259993122737 4
78.9986092349787 37.6506621359163 0
79.3086878583887 39.0367284723478 5
80.6642912204517 39.4611648927013 2
80.9747510228709 40.8472619948268 2
82.330101088665 41.2727870623183 0
82.6397706019992 42.6590782453309 0
83.9951651937347 43.0844038840765 0
84.3047802238276 44.4703193292816 3
85.6602625885815 44.894866227127 5
85.9699894580367 46.2809125873404 1
87.3252645282376 46.7061493839499 1
87.6351841625495 48.0924479635751 1
88.9905711623568 48.5175373481401 5
89.3009905252202 49.903564284021 2
90.6566007537597 50.3276185978017 5
90.9657748729389 51.714053817099 1
92.320911447351 52.1386532007965 0
92.6299884536252 53.5252189102979 4
93.9852415602701 53.9496939915947 4
94.2956189734968 55.3357266204145 5
95.6512450543531 55.7601618091223 2
95.9615643223701 57.1463754197335 4
97.3168764857298 57.5718272779382 0
97.6263185704948 58.9581568044414 0
98.9816948073561 59.383227411819 0
99.2914018125281 60.7691283492634 3
100.646863943625 61.1938422060729 1
100.956703016693 62.5799205261045 1
102.312012493005 63.0054162568186 1
102.622071669333 64.3916132498835 3
103.977562734363 64.81658375278 2
104.287691408526 66.2025806038946 2
105.64323753526 66.6267125921066 2
66.878487254594 0.335327971306855 1
68.2335448213715 0.760070209922814 4
68.5428887524968 2.14656033482959 2
69.8982989552811 2.5708879011957 2
70.208862570323 3.95692338658901 2
71.5644547378578 4.38135816159582 2
71.874384639787 5.76771736086353 0
73.2296492306014 6.19300204893502 0
73.5389514923013 7.57934507402085 0
74.8943208683524 8.00417137217429 3
75.2042795813907 9.39005443437455 1
76.5597636765012 9.81493849272647 5
76.8697454818285 11.2010546169045 5
78.2250599604221 11.6267229431281 1
78.5350899467628 13.0128403127482 0
79.8906692072652 13.4376270790248 2
80.200401538262 14.8236259442705 2
81.5558361629831 15.2478943526434 1
81.8650013498019 16.6343754711827 1
83.2200476659346 17.0592786038768 2
83.5297791704702 18.445664960199 2
84.8853285717943 18.8698841053919 2
85.1959261407992 20.2559479566549 2
86.5514425801923 20.6803590530292 4
86.860862598743 22.0668603245167 0
88.2160421372769 22.4919824661959 0
88.5253416837465 23.87831149833 0
89.8807237363083 24.3029714003084 3
90.1909659088232 25.6888658528603 1
91.5464468491618 26.1139678443218 5
91.8565765941392 27.5001106631423 3
93.2118829940244 27.9258744022014 3
93.5218161665688 29.3119173760811 0
94.877427780042 29.7365410846837 1
95.1869351858704 31.1225389717922 5
18.3945878597338 31.5470305024813 5
96.8515546190788 32.9334877248335 1
20.0589921369437 33.3585693035184 2
20.3691185770416 34.7448389620137 5
21.7247492681533 35.1689723808407 2
22.0351654185726 36.5550887833242 2
23.3906059364104 36.9794361446184 4
23.6996639724279 38.3660215628029 0
25.054765260768 38.790977015748 0
25.3642243818433 40.1772506473078 4
26.7196735377786 40.6017445225536 1
27.0300962473933 41.9876941761377 2
28.3855456950863 42.4129646932585 5
28.6956330888228 43.7991665925058 0
30.0509540751538 44.2248877803621 0
30.3607118928501 45.6108815228877 0
31.7162947278199 46.0354073063751 2
32.0258519215416 47.4213862687592 1
33.3811234470639 47.8461641749698 1
33.6906097546298 49.2325763786971 1
35.0458047446256 49.6578113600226 2
35.3561511054047 51.0439751136772 2
36.7118149176561 51.4680513233741 2
37.0217644758587 52.8542665637931 1
38.3771293416855 53.2785900454665 3
38.6860522346167 54.6652079969415 0
40.0411298402597 55.0900067106033 0
40.3508717425302 56.4762019624145 2
41.7064243924585 56.9005603144816 1
42.0169176298315 58.2865948803603 2
43.3723295769529 58.7119302919939 4
43.6821561040163 60.0982256070004 0
45.0375115462465 60.5237349936881 0
45.3471274595268 61.9096984874296 0
46.702652834394 62.3342073136088 5
47.0124097552752 63.7201580345726 1
48.3677039229941 64.1452440387121 5
48.6774899215626 65.5315673404624 1
50.0327719359777 65.9569043992032 5
50.3431934379922 67.3429608017107 2
12.6250124917731 0.0891730033589811 5
12.9344642174228 1.47548571731329 1
14.2897124962726 1.89990189824012 3
14.5986896398844 3.28650735389422 4
15.9538144842461 3.71117143161145 4
16.2639257740229 5.09728938554318 2
17.6195510438866 5.52160335954345 2
17.9300306741862 6.90772751731623 2
19.28538162727 7.33307847969595 0
19.594897753474 8.71945943961453 0
20.9502401166089 9.14472562726694 0
21.2598502540713 10.5306766627588 3
22.6153345596824 10.9552704079612 1
22.9252304612604 12.3412433730986 5
24.2805626233672 12.7666011202177 1
24.5905480202748 14.1528376545996 3
25.9459235708007 14.5781408941959 5
26.2562197284232 15.9641199502882 2
27.6118420609903 16.3882276687366 1
27.921025356695 17.7746063338042 1
29.2761597836073 18.1991810635045 3
29.5852954191604 19.5857448903756 2
30.940546210082 20.0102822391507 2
31.2509522131245 21.3963633944509 2
32.6065915666196 21.8206630369166 2
32.9168128051112 23.206917633495 4
34.2721106052086 23.6321534560959 0
34.5814058897381 25.0185794327545 0
35.9367171003878 25.4435914627238 0
36.2465134504136 26.8295184599488 3
37.6020094700007 27.254226258533 1
37.9120228587678 28.6402568852832 5
39.2673651229645 29.0658205235203 1
39.5773859639237 30.4519911295342 3
40.9328617316924 30.877136684203 2
41.2428270297088 32.263086934835 2
42.598370285396 32.687289375057 1
42.9075457717632 34.0736923056989 1
44.2626258402757 34.498447271025 5
44.5720569213532 35.8849306999811 2
45.9274694808111 36.3093484204319 2
46.2380240790365 37.6954223348279 2
47.5936239183349 38.1196913581493 2
47.9033566013544 39.5060982242044 0
49.2585831525761 39.9311771008147 0
49.5677728106295 41.317612707795 0
50.923086414193 41.7423889577344 3
51.2331882547413 43.1282969934493 1
52.5887121656746 43.5531467129123 5
52.898865150464 44.9392391508397 4
54.2541892100589 45.3649514608374 3
54.5641150991537 46.7510762836511 0
55.9196639931705 47.1760173074214 2
56.2293042804176 48.5619646161072 5
57.5847268053651 48.9863451170847 1
57.8940242359449 50.3727397981893 1
59.249118153191 50.7977255491702 2
59.558963339615 52.1840939194816 1
60.9145013954936 52.6084095873365 2
61.2250652591404 53.9944821892718 5
62.5805936564746 54.4187027859504 4
62.8898387882273 55.8052313016907 3
64.2449706808817 56.2301821014648 0
64.5542166520893 57.6165856549419 0
65.9095765077146 58.0411443476689 3
66.2199450424882 59.4270660336769 1
67.5754625756232 59.8520729491993 5
67.8856763647245 61.2382311716264 0
69.2409847064921 61.6639973312426 0
69.5507617496599 63.0500793397574 0
70.9063238953805 63.4748403366933 4
71.2158729516654 64.8607781968664 5
72.571205234309 65.2854226736371 1
72.8806416447223 66.6717947184492 1
74.2357966789637 67.097031098263 1
35.4721415438562 0.805413985387378 5
36.8277610923106 1.22964479096336 2
37.1380583243427 2.61575684863965 5
38.4935194563702 3.03994473173492 3
38.8024984484854 4.42653791174882 3
40.157559418763 4.85139118691222 0
40.4670005460393 6.23772595493847 4
41.8224615130939 6.66209175126639 1
42.1329695185147 8.04806711059156 2
43.4884469230815 8.47318733877331 4
43.7984851331846 9.85944722246834 0
45.1538007779957 10.2851107073069 0
45.4634062457976 11.6711617237982 0
46.8189358532423 12.0957917472959 4
47.1286274272129 13.4817028269883 1
48.4839476172722 13.906637594546 1
48.7935839175946 15.2929630513603 1
50.1488148853309 15.7183916883228 1
50.4591396764725 17.1045152861556 2
51.8147982971541 17.528682696088 2
52.1246159155267 18.9148699648051 1
53.4799884649027 19.3391104107878 3
53.7889355231972 20.7257190517384 3
55.1439861190206 21.1505044964711 4
55.4537649997868 22.5367476309081 2
56.8093418665893 22.9609942830114 1
57.1198959223632 24.3470432838634 2
58.4753152269498 24.7722034632047 4
58.7849969313003 26.1585843363806 0
60.1403117971026 26.5840174183031 0
60.4498409292012 27.9700471872009 0
61.8053323665653 28.3946306339717 1
62.1152314934084 29.7805301890873 1
63.4705836969774 30.2057353735176 1
63.7804720490737 31.591989002198 1
65.1357677965325 32.0175041097216 5
65.4460927692478 33.4035149078259 2
66.801755464594 33.8276648858066 2
67.111154619864 35.2139215102701 1
68.4663984568241 35.6383147800038 3
68.7754460938897 37.0249055033158 2
70.1305597909766 37.4496369701099 4
70.4407217669969 38.8358015672343 2
71.7963657172417 39.2600118252694 2
72.1068171364465 40.6461587890705 2
73.4621677720305 41.0712729119277 0
73.7715222717826 42.4577420318411 0
75.1267977484826 42.8829183099193 0
75.4364233697028 44.2689230231434 3
76.7919124899502 44.693533648427 1
77.1019734469244 46.0794739066675 5
78.4573415735081 46.5049088643258 1
78.7673625908223 47.8911021693341 3
80.1227338744037 48.3165608934793 5
80.432872476538 49.7024982049844 2
81.7884974062001 50.1266810080851 2
82.097742089197 51.5129755224842 1
83.4528858076772 51.9375616746194 3
83.7621164596059 53.3241041287639 2
85.1173671675351 53.7487603369476 2
85.4277947789916 55.1348795862977 2
86.7834418683359 55.5590634669658 2
87.0935169793168 56.9453517384468 4
88.4488006589526 57.3703371854902 0
88.7579470885543 58.7568467786179 0
90.1131935628437 59.1817777557018 0
90.423083291452 60.5677453155296 1
91.7786091956328 60.9924188557733 1
92.0887943494219 62.3784397478194 5
93.4441472773072 62.8040531244591 3
93.7541114645455 64.1902243282714 0
95.109566054145 64.6155098459071 4
95.4193862414558 66.0014248258127 4
96.7749157076047 66.4257221374756 2
58.0103997472617 0.134159322636986 1
59.3655195082365 0.558984548245443 5
59.6750807925197 1.94543828085839 2
61.0304803826125 2.37001058040651 2
61.341029102786 3.75609851082011 2
62.6966326884585 4.18023428777645 2
63.0061734336104 5.56666666696319 3
64.3613704486401 5.99153515241853 0
64.6704756151036 7.37803945144858 0
66.0257465328157 7.80271436385692 3
66.3359595513349 9.18865474396718 1
67.6915225030871 9.61340978685191 2
68.0018167409919 10.9995112544599 4
69.3571432681153 11.4252260726629 3
69.6669509799871 12.8113857099727 0
71.0224586569456 13.2364488965809 4
71.3320585905482 14.6223618518454 5
72.6874801977468 15.0468638544654 1
72.9969223999403 16.4331544231665 1
74.3520812037968 16.8582693857394 2
74.6620242077981 18.2446041748133 1
76.0175418117364 18.669092202934 2
76.3280313813682 20.0551618449676 5
77.6835735869218 20.479260505764 5
77.9926849701296 21.865797931401 3
79.3477831025814 22.2906128513681 0
79.6569867956443 23.6770742512264 4
81.0123403569171 24.1015091444308 3
81.322785587133 25.4874604312308 1
82.6783380560945 25.9123126171619 2
82.9885732687891 27.2985133944719 0
84.3438828461036 27.7242137847521 0
84.6535053357569 29.1103576412026 0
86.0090089421577 29.5352188395483 4
86.3186381909033 30.921116823396 1
87.6740053561266 31.3458882201339 1
87.9835837168659 32.7321648743118 1
89.3387998103364 33.1575647427915 1
89.6489832980387 34.5437712956678 5
91.0045857051349 34.9681701404064 2
91.3147469297068 36.3542638598465 1
92.67022265676 36.7783894311608 3
92.9791899642574 38.1649715718376 3
94.334226989229 38.589781968708 0
94.6436782059504 39.9761632325169 2
95.9991613163778 40.4004196760262 5
96.3097205521233 41.786417529842 2
97.6652231547994 42.211334380962 4
97.9751513732882 43.5976662849647 0
99.3304504017577 44.023208909409 0
99.639930193728 45.409337721461 0
100.995406177446 45.8340380530521 3
101.305234326691 47.2199127552773 1
102.660609359311 47.6449500542123 1
102.970393949409 49.0311925673257 1
104.325658369765 49.456777156396 1
104.63590945458 50.842860762525 4
105.991561207355 51.2671735999621 2
106.301262061353 52.6533155368405 1
107.65662842239 53.0775572612557 1
107.965646553113 54.4641421938782 5
109.320681889534 54.8889799899824 1
109.630523392365 56.2752617141351 5
32.8384597945168 56.69943392393 5
111.296694360576 58.0854997856371 2
34.5044587297048 58.5104281469415 3
34.8139656836192 59.8968910014448 0
36.169222405486 60.322212573365 0
36.4786924192034 61.7083249324734 0
37.8341520060632 62.1329682148264 1
38.1441831517364 63.5188603177674 1
39.4995675893051 63.9441747887099 1
39.809469518989 65.3304185482269 3
41.1648812462545 65.7558192288214 5
41.4752731757801 67.1417174289401 4
42.8308854636301 67.5660478153537 2
4.06641526697912 1.27436773125524 1
5.42164062412484 1.69881910098642 1
5.73077378677443 3.08537976456872 2
7.08588331799883 3.51023413235702 2
7.39609713953537 4.89643029247261 2
8.75174996804589 5.32056893809872 2
9.06212398849097 6.70673790749641 2
10.4174746377551 7.13158773706342 0
10.7266584759842 8.51812834734143 0
12.081860371564 8.94320687416804 0
12.3915106332675 10.3292767191513 3
13.7470039261952 10.7538761349728 1
14.0572266174444 12.139822550464 2
15.4126109890933 12.5653041787307 1
15.7226394496866 13.9514840447185 0
17.0780057345269 14.37704570004 4
17.3879733536644 15.7629632898807 4
18.7435855790704 16.1872400684916 2
19.0529378107786 17.5734307190052 1
20.4081085562065 17.9980851788867 5
20.7174647349176 19.3845888216268 2
22.0727154428932 19.8094069273584 2
22.3831563285376 21.195543140687 2
23.7388087226386 21.6196319554334 2
24.048709981683 23.0059432431076 3
25.4039889691651 23.4306761299025 0
25.7130116629233 24.8172458579671 0
27.0682004614185 25.2420741640011 0
27.3781563254964 26.6280910689588 5
28.7337113601197 27.0526860590901 1
29.0440444064397 28.4387251232496 2
30.3993999562037 28.8643451291954 3
30.7092851323173 30.2505456911906 0
32.0647149027591 30.6759182758748 4
32.374422921885 32.0618203220776 4
33.7299370510712 32.4862188776085 5
34.0394133672008 33.8724003815438 1
35.394592550413 34.2973542815427 5
35.7042923224839 35.6837616382601 1
37.0596745043421 36.1085462611318 2
37.3701945681878 37.4946283635373 2
38.725803009414 37.9186803801478 5
39.0351673597472 39.3051218342217 3
40.3903446811379 39.7298157256075 0
40.6993870162669 41.1163680028795 4
42.0546284691121 41.5409379319033 3
42.3648971541102 42.9269185552448 5
43.7204931192125 43.3515366361699 2
44.0308647249417 44.7376699161548 4
45.3861909181726 45.1633249499405 0
45.695860812158 46.5495441586805 0
47.05131847934 46.9746784594056 4
47.3609280051167 48.360575909276 3
48.7163618007362 48.7851788414848 5
49.0259633513096 50.171360245243 1
50.3811927148029 50.5966317114262 1
50.6912056171546 51.9829167420024 1
52.0467001593286 52.4076320993441 2
52.3570932070996 53.7936807067392 2
53.7126504043128 54.2177407692702 5
54.0217076500776 55.6042624272957 1
55.3767875356835 56.0289962571161 0
55.6859880796232 57.415492738113 4
57.0413469071568 57.8398427550243 5
57.3518398731977 59.2258253440399 5
58.7074205483806 59.6504916195811 2
59.0176126496654 61.0367454453164 0
60.3729157595205 61.4623136416844 0
60.6824012167311 62.8485368536001 0
62.0378412573698 63.2734449756363 0
62.3475759181431 64.6593240619172 1
63.7029887054282 65.084165431181 1
64.0127258714855 66.4703518926337 1
65.3679954821752 66.8958870141301 1
26.6043110057986 0.604191428453945 5
27.9598945253462 1.02879108431123 2
28.2699078117174 2.41484948075857 2
29.6253859605238 2.83899136713796 1
29.9344015906099 4.22554295216023 1
31.2894290863629 4.6503592878109 4
31.5989374485587 6.03676735743189 2
32.954443735917 6.4609744864071 5
33.2650332965897 7.84699690115832 2
34.6205548150684 8.27169080362803 4
34.9303292816386 9.65809252463962 0
36.2855924422569 10.0834780017703 0
36.594976485618 11.4696982208723 0
37.9504035867429 11.8944303363174 3
38.2603830675012 13.2802973862433 1
39.6158115676526 13.7053733040508 1
39.9257433781623 15.09154947927 3
41.2810342331839 15.5172314118676 1
41.5911725841125 16.9032884424532 4
42.9468148290659 17.3277562411816 2
43.2564221826522 18.7138370870035 2
44.6117757018951 19.1381292448166 1
44.9208983192223 20.5246717004255 5
46.2759394862293 20.949581698348 2
46.5858678204118 22.3358813429573 2
47.941484043924 22.7600122348376 5
48.2520480873115 24.1460936893276 2
49.6074875208909 24.5707574514663 4
49.9168192676614 25.95728024952 0
51.2720134190107 26.3824546180469 0
51.581457840496 27.7686476155785 0
52.936900508617 28.1932683604463 1
53.2471185397514 29.5791642896988 2
54.6025448585508 30.0044604161156 1
54.9126130759036 31.390627930639 3
56.2679280274372 31.8163394822918 3
56.5779517733286 33.2023089987287 4
57.9335971187547 33.6266871653542 2
58.2430170263423 35.0127792589243 5
59.5982617681712 35.4372868790316 1
59.9075261263618 36.8237976058223 2
61.2626575741713 37.2487765795503 2
61.5729293580294 38.6349825970164 2
62.928591076598 39.059057793925 2
63.2388528149919 40.4452430014928 5
64.5942171254632 40.8698183850741 0
64.9032573077675 42.2564058245982 0
66.2583945950479 42.6813652026985 0
66.568061645118 44.0675012052176 3
67.9235653215072 44.4920349012451 1
68.2339298172568 45.8780083148723 2
69.5893262852043 46.303477515573 3
69.8993309361862 47.6896771243025 0
71.2546889141108 48.1152889229314 0
71.5644949530716 49.5012143068862 4
72.9200793870537 49.9255980176919 2
73.2295758283074 51.3116773416539 1
74.5847905432702 51.7364697368147 5
74.8942949487996 53.1229161641263 1
76.2495479354442 53.5479420090593 2
76.5599924983431 54.9340692984423 2
77.91564729165 55.3581068192483 2
78.2253751281048 56.7444236359145 1
79.5806558261633 57.1689481073076 0
79.8896083151931 58.5555507436063 0
81.2447519458084 58.9802839066823 0
81.5547396151863 60.3663519396238 5
82.910321025796 60.7908289715819 1
83.2207615135549 62.1768951617562 2
84.5761199558253 62.6024501609013 3
84.8858924853991 63.9887081205761 0
86.2412923029434 64.4141045131137 0
86.5509288590364 65.8000160748347 3
87.9064278782822 66.2245083041891 5
88.2160785100041 67.6105763307479 1
50.4974928105296 0.357834712229393 5
50.8073223551831 1.7441778909683 1
52.1626868352692 2.16921629018994 5
52.4731587592163 3.55526810141324 2
53.8287757578041 3.97930673602536 5
54.1380355295954 5.36573111751545 1
55.4932012930537 5.79031631615619 0
55.8022358742888 7.1768907108327 4
57.1574595089046 7.60140939026196 4
57.4677679965835 8.98743315589646 5
58.8233899148663 9.41190061700646 2
59.1337793805356 10.7980706808341 4
60.4891036008174 11.2235923148899 0
60.7986338664292 12.6098908472804 0
62.1540339304094 13.0350297645002 0
62.4636889811094 14.4209305460008 3
63.8191460164323 14.8455902380548 1
64.1289163997599 16.2316775951323 1
65.4842091816292 16.6570855487269 1
65.7942517169885 18.0433178428097 3
67.1497239329415 18.4682682771358 2
67.4599828204919 19.8542801828267 2
68.815550966668 20.2783673525623 1
69.1246171747989 21.6648526101029 1
70.479691459549 22.0895530945401 0
70.7889258870459 23.4760677507997 2
72.1442940935125 23.9004125201661 2
72.4548081851816 25.2864370482264 2
73.8104086463437 25.7109185744784 2
74.1204839946858 27.0972298352574 0
75.4757675766254 27.5226169713954 0
75.7851217214519 28.9089363474116 0
77.1405010223408 29.3338377346999 0
77.4503557644695 30.7197203825828 1
78.8058183771911 31.1445731577002 1
79.1157216013878 32.5306915538023 1
80.4710296286497 32.9563108641548 1
80.7811016380503 34.3424494983181 4
82.1366678710116 34.767238922272 2
82.4465304535055 36.153248547723 2
83.8020006011547 36.5774525828425 1
84.1111075503332 37.9639523161426 1
85.4661449539723 38.3887988992376 4
85.7757437331317 39.7752144074841 2
87.1312636201207 40.1994415493984 2
87.4418642191554 41.5854919209861 2
88.7973987506356 42.0099662656987 4
89.1069881118571 43.3964253493008 0
90.462202187 43.8216364233493 0
90.7715050171494 45.2079506116362 0
92.1268886432407 45.6326664889055 3
92.43702792948 47.0185480959808 1
93.7925019331321 47.4436107570728 5
94.1025737966226 48.8297491825924 3
95.4578787315015 49.255490716811 3
95.7678799460454 50.6415462876384 0
97.123498212891 51.0661686286513 2
97.4330431249729 52.4521838110405 5
98.7883848870574 52.8765794999303 1
99.097621698764 54.263062137589 5
100.4526921907 54.6880714110156 2
100.762710315897 56.074372002576 5
102.118326427003 56.4985141800869 2
102.42883798266 57.8846102093584 5
103.784290877829 58.309029221548 4
104.093452788098 59.6955924943909 0
105.448583006441 60.1206251371994 0
105.757994951793 61.5068977828558 0
107.113421946663 61.9314601634889 1
107.423779831003 63.3173847658587 2
108.779229210298 63.7426470395 5
109.089343283538 65.1288219419864 0
110.444653730213 65.554577411434 0
110.75450386465 66.9405692455544 0
112.110100471495 67.3650957271759 2
73.3458174765647 1.0732259950413 5
74.7010906933733 1.49787994604541 1
75.0105068802418 2.88431694038659 1
76.3656787210164 3.30944094131397 2
76.6759846395509 4.69563065375885 2
78.0316643263519 5.11964998045521 2
78.3417641201668 6.50584940054912 5
79.6971468877803 6.93020865161333 0
80.0060869792474 8.31682391189753 0
81.3611724891985 8.74168443787634 0
81.6708328447288 10.1278859575725 4
83.0263517515767 10.5523118208598 2
83.3368180879556 11.9383165590965 2
84.6922291371628 12.3636999690733 4
85.0021608887638 13.7499545504714 0
8.20984296195947 14.1755590983101 3
86.6671700841328 15.5615200055242 1
9.87505240375587 15.9860106281964 5
10.1847046307612 17.3719915111302 1
11.5399735815445 17.7969613280567 5
11.8496307679109 19.183334082261 2
13.2048918710205 19.608593769612 5
13.5153165656064 20.9946882969084 2
14.8709736808875 21.4187404901921 5
15.1805629897171 22.8050397481573 1
16.5358452123262 23.2294384705576 3
16.8447908036958 24.6160506783124 4
18.1999033617103 25.0407434247768 4
18.5099163347326 26.4268643209064 2
19.865522912114 26.8512131756398 1
20.1760197983498 28.2373055981955 2
21.5313834559928 28.6627154916964 0
21.8410107401681 30.0490560265119 0
23.1963720101505 30.4744079902429 0
23.5059696053924 31.860352062183 3
24.8614598388664 32.2849097088099 1
25.1712815274903 33.6708900847534 5
26.5265921040303 34.0961562297646 1
26.8365186049785 35.4824306151127 1
28.1918720647904 35.9077036732112 5
28.5022517098017 37.2937101844656 2
29.8578821414072 37.717788184591 1
30.1671037689096 39.1041700175515 1
31.5222638578893 39.5287068461621 3
31.8313326927931 40.9152864075123 2
33.1865474582255 41.3398351321905 4
33.4968841002083 42.725909719737 2
34.8525231565398 43.1502431425037 2
35.1628573054534 44.5364528884522 4
36.5181723960631 44.961781844486 0
36.8275519983523 46.3481766767068 0
38.1828863168594 46.7732670556707 0
38.4925992695909 48.1591930361523 3
39.8480829396014 48.5838694132626 1
40.158019231079 49.9698948625842 5
41.5133558300662 50.3953930927623 1
41.8233874055861 51.7815852364886 3
43.1788438240642 52.2067317353284 2
43.488939889924 53.5926979125888 2
44.8445120819198 54.0168429482213 1
45.1536445531812 55.4032643092493 1
46.5087297584023 55.8279566306496 4
46.8180470647271 57.2144668560641 2
48.1734232420376 57.6388783790997 2
48.4839571500124 59.0249424929127 2
49.8395706228917 59.4492554686556 2
50.1494909100117 60.8356124557097 0
51.5047455948798 61.2607867304916 0
51.8139851207544 62.6471992121223 0
53.1693065463278 63.0720548362416 0
53.4793046691202 64.4579557993766 1
54.8348103893325 64.8827856082921 1
55.1448893821584 66.268866192625 5
56.5002146652675 66.6945432756412 1
17.7363642015175 0.402814340166401 0
19.0919053268472 0.827773410584858 2
19.4016382730275 2.21373199903113 2
20.7570932402215 2.63803498172368 1
21.0663225662725 4.0244571666569 1
22.4213933386906 4.44936316912647 2
22.7311027666199 5.83576810381191 2
24.0866170637556 6.26007888941166 2
24.3972043099746 7.64614809386219 2
25.7527477864791 8.07042609500064 4
26.0621439874816 9.45692323083765 0
27.4173096972778 9.88194914834699 0
27.726542393924 11.2683466152605 0
29.0818913910907 11.6929867248232 3
29.3921737562698 13.078894290917 1
30.7476873068681 13.5038904508626 5
31.0578799822237 14.8900256381083 4
32.413189426847 15.3157930316057 3
32.7230449062335 16.7018747141512 0
34.078621795336 17.1266432668299 2
34.3881592974915 18.512598305733 5
35.7435034555147 18.9371347204735 1
36.0528685762796 20.3235370096804 5
37.4079906244255 20.7486754174313 2
37.7180871719244 22.134958118111 5
39.0736937446224 22.5591761794313 2
39.3841134452918 23.945274918368 5
40.739586791694 24.3694996026476 4
41.0486272609409 25.7560809478453 3
42.403710874196 26.1809803898568 0
42.7130947527165 27.5673208492313 4
44.0685247324675 27.9917611891775 1
44.3789878436699 29.3777141940657 2
45.7344702980925 29.8028515372808 5
46.0445848620494 31.1890683502697 0
47.3998993565695 31.6147876872291 0
47.7095816557377 33.0008298888325 0
49.0651372391745 33.4254580661039 4
49.3747481010796 34.8113908668103 1
50.7300544883751 35.2362139276443 1
51.039593242879 36.6225768162657 1
52.3947959935221 37.0479168435142 1
52.7051028254506 38.4340807709635 2
54.0607589478613 38.8582274732091 2
54.3707359324072 40.2444019306033 1
55.7261338381282 40.6686331859965 3
56.0350657751576 42.0552444529948 3
57.3901192902694 42.480045281043 0
57.6997946280166 43.8662994997893 2
59.0553387320618 44.2905937474244 1
59.365877256268 45.6766187464962 2
60.7213082828508 46.1018274892947 4
61.0311206344583 47.4881583501398 0
62.3864468710442 47.9136827675941 0
62.6960022049959 49.2996998781721 0
64.0515096031635 49.7242706541581 5
64.3613198433316 51.1101807731552 1
65.7166484045558 51.5352953721195 1
66.0264473251561 52.9215863654324 1
67.3817226648422 53.3470512093465 5
67.6920865605075 54.7330991736671 2
69.0477488923679 55.1572256241347 5
69.3572489216042 56.5434812668016 1
70.7125268497692 56.9678340420406 3
71.0215241757776 58.354436359666 4
72.3766165886511 58.7791658855397 4
72.6866747197282 60.1653362029686 2
74.0423028762098 60.5895766964887 2
74.3528085806381 61.9756901628931 2
75.7081749811027 62.4008887411634 0
76.0176428915133 63.787319348976 0
77.3729464850463 64.2125845582606 0
77.682531901575 65.5985809268486 3
79.0380174493735 66.0231767579425 1
79.3480042833974 67.40910710063 1
41.6295308801428 0.156610571505363 1
41.9395254250344 1.54282649215943 3
43.2948752902304 1.96827920800493 5
43.6051200219837 3.35423890198278 2
44.9607591039695 3.7783878208117 1
45.2700041296476 5.16469779470582 1
46.6251640195064 5.5892295138662 3
46.9343139522676 6.97579384636844 2
48.2895258343257 7.40043969034113 2
48.5998972901808 8.78655828296816 2
49.9555466208544 9.21077689536719 2
50.2657752170194 10.5970193042868 4
51.6210787589999 11.0221047160568 0
51.9303047353974 12.408588179013 0
53.2855712160616 12.8336021361981 0
53.5953650074888 14.2195669128986 3
54.95087410773 14.6442291216778 1
55.2609879506503 16.0302283960417 5
56.6163455094754 16.455788178821 1
56.9263502513919 17.8419614956144 0
58.2817908077411 18.2672632430982 4
58.5917295470471 19.6531874124757 2
59.9472919054514 20.0774205035965 1
60.256542768193 21.4637477974801 1
61.6116530571357 21.8884845790941 5
61.9210840909359 23.274973022825 2
63.2764533846412 23.6995209651569 2
63.5869821944635 25.0856141941747 2
64.942600696109 25.5097891221966 2
65.2523215288739 26.8961830261497 3
66.6075494189455 27.3211279967217 0
66.9166685088114 28.7076227306085 0
68.2719396559969 29.1323876287361 0
68.5820490402568 30.5183238113574 1
69.9375962223141 30.9430823595854 2
70.2478324687714 32.3291610943407 4
71.6031641283749 32.7548624840533 3
71.9130412752115 34.1410171981347 0
73.2685495496096 34.5661115133407 4
73.5781948831002 35.952032434586 5
74.9336402613792 36.3764494223187 1
75.2430125153413 37.762770183081 1
76.5981407587983 38.1877785794042 2
76.9079687831748 39.5741545706791 1
78.2634649052031 39.9986162139994 2
78.5740099756468 41.384688459736 5
79.9295637917937 41.8088192584215 5
80.2387914436052 43.1953345835219 3
81.593919325499 43.6201933021879 0
81.9030961957776 45.0066558218009 4
83.2584256477181 45.431177631763 3
83.5688068563968 46.8171145493481 1
84.924357533569 47.2419838103906 2
85.2346227718615 48.6281463403204 4
86.589933894379 49.053884475712 0
86.8996396519941 50.4400165013176 0
88.2551624053456 50.8649054288136 4
88.5647453205851 52.250816665796 1
89.9201103644045 52.6754923111125 1
90.2296142047493 54.0617984381291 1
91.584798966744 54.4870950169324 2
91.8949370279672 55.8733433537695 5
93.2505261096096 56.2977183926354 2
93.560825486667 57.6838067592783 1
94.9163165706493 58.1079289149108 3
95.225300203024 59.4945078892636 3
96.5803524986173 59.9193269147021 0
96.8897230499035 61.3057206850934 4
98.2451663704727 61.7300394525853 5
98.5556946984971 63.1160169704883 2
99.9112052139669 63.540974977893 2
100.221256507717 64.9272542120973 0
101.576562672865 65.3528812441797 0
101.886101693127 66.7389926687223 0
103.241597463735 67.1637123359427 4
64.4775073634235 0.87173575826039 1
65.8328618199489 1.2966894052188 1
66.1425576622889 2.68296141161583 1
67.4978018718371 3.10847651691564 1
67.8080761969596 4.49459701828198 2
69.1637226727328 4.91888493450889 2
69.4735745688527 6.30502315601636 1
70.8289772178472 6.72921727426121 3
71.137957557304 8.11580938354217 3
72.4929935583681 8.54061718671732 4
72.8027158207794 9.92691382257473 2
74.1582896843337 10.3511027437326 5
74.4688635698021 11.7371450887735 2
75.8243129513687 12.162124155007 4
76.1339641029103 13.5485389157493 0
77.4892514795991 13.9739402271893 0
77.7987262143044 15.3600353030108 0
79.1541991241315 15.7846614874623 1
79.464161797555 17.1705402202431 1
80.8195434958607 17.5957457066685 1
81.1294617790194 18.9819679658246 3
82.4847528234326 19.4075809065717 5
82.7950037191574 20.7935892642437 4
84.1506691451181 21.217827490963 2
84.4601168699371 22.6040193055494 1
85.8153858601785 23.0283838644535 1
86.1244713023366 24.4149609079931 5
87.4795568400212 24.8397799843217 2
87.7896766550132 26.2259878639292 2
89.1453213929334 26.6501459068367 2
89.4557917131653 28.0362787199554 2
90.8111604777984 28.4612199558695 0
91.1204570045773 29.8477291273829 0
92.4756901767945 30.2728918501103 0
92.7852801880866 31.6589554565427 3
94.1407628417349 32.0835612217884 1
94.4509115293779 33.4694836186314 2
95.806297099198 33.8949092053986 1
96.1163302252641 35.2810920737831 3
97.4716805656053 35.7066633764348 4
97.7817591351042 37.0925938352073 4
99.1373937790065 37.5168318031141 1
99.4467071130027 38.9030484647628 1
100.801880706805 39.3276188463903 1
101.111139215096 40.7141509059417 1
24.3186899596574 41.1389355037014 2
24.6290854404044 42.5250818288185 2
25.9847415801892 42.9492035862392 2
26.2948204021556 44.3354732857721 2
27.650118873236 44.7602957385278 0
27.9591955316968 46.146849275664 0
29.3143966174734 46.5717685315065 0
29.6242570763493 47.9577851805095 3
30.9797903841615 48.3823988878536 1
31.290062434409 49.7684092478231 2
32.6454252068684 50.1940034566937 3
32.9553744067825 51.5801903861697 0
34.3107951461674 52.0056009566401 4
34.6205887292543 53.3915064991395 4
35.976133628128 53.8158407206328 2
36.2855313922927 55.2020558628974 1
37.6406879077857 55.626897180061 5
37.9502522531064 57.0133477346148 1
39.3056072467941 57.4380877036703 2
39.6161152968702 58.8241901268425 2
40.9717377089893 59.2482607600778 2
41.2812503897699 60.6346798984822 3
42.6364737660395 61.059373940002 0
42.9455132067667 62.44591981404 0
44.3007537434828 62.8705524870544 0
44.6109626321525 64.2565190573805 5
45.9665477686376 64.681162043257 2
46.2769432016402 66.0672518728002 4
47.6322665652044 66.4929434440327 3
8.86819618333379 0.201280651028161 0
10.2236572177431 0.626475537041284 4
10.53326907404 2.01237655009766 3
11.8887115575952 2.43691008468387 5
12.1982415938941 3.82311781256639 1
13.5534365509511 4.24827921985404 2
13.8633637029005 5.63460940833507 1
15.2188352429904 6.05929214006482 2
15.5293064496709 7.4453515252676 2
16.8848716245897 7.86941342755983 5
17.193989052582 9.25592563706087 3
18.5490920677811 9.68066867081896 0
18.8582397591301 11.0671751285245 4
20.2135630741634 11.4915928535418 3
20.5240006598201 12.8775622492858 5
21.8795829750587 13.3022629402737 2
22.1898529292553 14.6884711408071 4
23.5451633664852 15.1141083510701 0
23.8547230190742 16.5003109185994 0
25.2101848786841 16.9252659649111 4
25.5198476427305 18.3111535523211 1
26.8752498600479 18.7359214049392 1
27.1849059501548 20.1221303530684 1
28.5401537962287 20.5475784606406 1
28.8502911543123 21.9337842240399 5
30.2058598716621 22.358363379506 2
30.5160195821115 23.7444262154525 2
31.871521431598 24.1685341324948 1
32.1805158580597 25.555091383225 1
33.5355530144934 25.9798840570987 0
33.8449523920405 27.3663123673583 2
35.2004178114504 27.7905544341746 5
35.5109849517922 29.1765579712635 2
36.8665196846114 29.6013022616308 2
37.1764479455612 30.987650750406 0
38.5317332769114 31.4131273914413 0
38.84115347245 32.7993267198835 0
40.1965955776719 33.2240885607779 3
40.5064706918208 34.6099568874943 1
41.8618819480101 35.034967294517 1
42.1717236745458 36.4211639342175 1
43.527003844151 36.84679602217 1
43.8371799762346 38.2328854721369 4
45.1928156051949 38.6573406618198 2
45.5025377202537 40.0434311512563 2
46.8579293740812 40.4676606943392 1
47.1669918646449 41.8542200710729 5
48.5220210452196 42.2790883628689 4
48.8318201617395 43.6654117797263 2
50.1874129640377 44.0895594622659 5
50.4980023985217 45.4756187540804 2
51.8534613045457 45.9003568143846 4
52.16293925236 47.2868399599286 0
53.5181685738595 47.7121017348396 0
53.8275933039329 49.0982823425109 0
55.1830358612032 49.5229284833478 1
55.4931622197334 50.9088073952502 1
56.8485846228336 51.3340491512746 1
57.1586120625075 52.7202226516531 3
58.5139172649344 53.1459226896399 3
58.8240242896919 54.5319100953637 4
60.1796805781403 54.9562713209691 2
60.4891175319949 56.3423830318153 5
61.8443816261091 56.7668079146956 1
62.1535783186648 58.1533414511859 5
63.5086751705963 58.5782754620485 2
63.8188636869177 59.9645005604709 2
65.1745172237241 60.3886008487695 2
65.4849117564131 61.774751365065 5
66.8402888187114 62.1994194310915 0
67.1494208538739 63.5859849942462 0
68.5045828224612 64.011032600907 0
68.8141820382807 65.3971673368389 3
70.1696644038691 65.8217406524351 1
70.4799671768504 67.2076840851246 1
71.8353677485508 67.6331255088218 1
33.0715801533321 1.34144580470254 0
34.4269268069204 1.76708715032857 4
34.7368324562245 3.15301568185523 4
36.0924444832239 3.57736070152305 2
36.4018725311487 4.96347135054206 5
37.7570770579408 5.38814925552371 1
38.0664718603655 6.77463107331036 2
39.421691936458 7.19959567683622 2
39.7321046900079 8.58574569844523 2
41.0877650058958 9.00979929783275 2
41.3976761367087 10.3960829187389 5
42.7529794798586 10.8206619710402 0
43.0619522257454 12.207258586185 0
44.4170988539667 12.6320720626306 0
44.7269975544591 14.0181425474936 5
46.0825556200632 14.4426585149513 1
46.3929574587056 15.828694583448 2
47.7483247283485 16.254257025326 3
48.0581914318993 17.6404852318669 0
49.4135903204748 18.0659402756427 0
49.7232770419291 19.451849013289 4
51.0788017840897 19.8762813201749 5
51.3883716183771 21.2623773053324 1
52.7435907964269 21.6873702732012 5
53.053308085593 23.0737587089624 1
54.4086497415595 23.4987344879132 5
54.7191430865437 24.8848120413219 2
56.0747689394165 25.3088433845659 5
56.3841492645232 26.6952500014935 1
57.7393471331291 27.1198351203763 0
58.0483491101794 28.5064158876015 4
59.4035518948911 28.9309921686123 4
59.7137772012788 30.3170116458816 5
61.0693891406027 30.7415116264508 2
61.3798064444523 32.1276443999552 4
62.7351393387763 32.5532206036131 0
63.0447581754361 33.939491163721 0
64.4001766607464 34.3646978641672 0
64.7097991930485 35.7505993829091 3
66.0652565497841 36.17520177916 1
66.3749559356176 37.5613047294807 1
67.7302225235988 37.9866157456315 1
68.0402175663375 39.3728893263084 1
69.3956674296418 39.7978149036593 2
69.7060361995372 41.1838429131033 2
71.0616160805672 41.6079051853566 1
71.3707013926313 42.9943905069293 1
72.7257942299485 43.4190698492498 0
73.0349539581955 44.8056000027207 2
74.3902803898012 45.2299803901264 5
74.7007493660469 46.6159899178929 5
76.0563554995078 47.0405120461529 2
76.3665602801013 48.4267722285113 4
77.7218603109327 48.8522482357842 0
78.0312842019228 50.2385396703978 0
79.3866820947653 50.6635034853933 0
79.6964452253945 52.049388089058 1
81.0518920624428 52.4741907064207 1
81.3617135659559 53.8603182702281 1
82.7170107579155 54.2858742880044 1
83.0271046153924 55.6720418964416 3
84.3826540661498 56.0968278165807 2
84.6926586410959 57.4828483924285 2
86.0481595867914 57.9070010129112 1
86.3572191693019 59.2935151793297 1
87.7122561158448 59.7183180261816 4
88.0217283360827 61.1047604785057 2
89.3772109169299 61.5290028549746 2
89.6877989582273 62.9150374584597 2
91.043349355915 63.3395702474032 2
91.3531116185024 64.725980958774 0
92.7083566834813 65.1512845898334 0
93.0176810485375 66.5375791682994 0
94.3730719446388 66.9623453452487 3
55.6092716722687 0.670357014642867 1
56.9647334506108 1.09537365573835 5
57.2747312329203 2.48151541557558 3
58.6300331218413 2.90722309022305 1
58.9400939321134 4.29329710402308 4
60.2957113822438 4.71791866863877 2
60.6053381843805 6.10394727583673 2
61.9607142374827 6.52825944858948 1
62.2698925727523 7.91476346887529 5
63.624939924516 8.33970820543711 2
63.9348385622008 9.72603697148367 2
65.2904383379853 10.1501870942481 2
65.6010138728766 11.5362629947229 2
66.9564846160705 11.9607529799209 4
67.2657824904017 13.3472856851067 0
68.6209497422071 13.7723948800431 0
68.9303315336701 15.1586609626046 0
70.2857498859612 15.5832720863868 1
70.5960308801606 16.9691741242614 1
71.9514851367532 17.3943971993265 5
72.2615948731693 18.7805569025566 3
73.6169061777966 19.2063048358359 3
73.9268427619574 20.5923036476122 0
75.2824697404157 21.0167973773403 2
75.5919360661535 22.402827659963 5
76.9472089332856 22.8273745169641 1
77.2565253495258 24.2138498453287 5
78.6116516555567 24.6389272963975 2
78.9218929775719 26.0251519563909 5
80.2775487494085 26.4492335745224 2
80.5878239026783 27.8353959371742 5
81.9432194048237 28.2598163389104 0
82.2522233911612 29.6464154088675 0
83.6073267874963 30.0713421191132 0
83.9169206737434 31.4575454159304 4
85.2724118240794 31.882027856707 1
85.5828361780023 33.2680026119667 2
86.938253783381 33.6933875415692 5
87.2482670100043 35.0796047764739 0
88.6036069348565 35.5052624193315 0
88.9133494719529 36.8912180484552 0
90.2689241552087 37.315676103864 2
90.5784941206145 38.7016849492406 1
91.9337441124707 39.1265299391801 1
92.243288559188 40.5129442051011 1
93.5985216200115 40.938125714158 2
93.9089333506979 42.3242544118499 2
95.2645950869852 42.7482978461282 2
95.5743469809755 44.1345760711137 1
96.9296573684422 44.5589819214848 0
97.2385880523449 45.9455965331666 0
98.5936948870412 46.3703364043045 0
98.9036107949717 47.7564616658593 5
100.259193263127 48.1808529877757 1
100.569679591967 49.5669161625109 2
101.92505352311 49.9923689096379 0
102.234793339286 51.3786687158918 0
103.590163734451 51.8041034293476 0
103.899773773657 53.1900406783837 3
105.255277881122 53.6145582433201 5
105.56501880164 55.0005547067232 1
106.920302591672 55.4257163287788 1
107.23014457671 56.8120337131435 1
108.585475282672 57.2372620314292 5
108.895907429237 58.6232996299829 2
110.251541654628 59.0473582238192 5
110.560835824708 60.433736108648 1
111.916023972726 60.858250588329 3
112.225036283013 62.2448429887685 4
113.580217101536 62.6694283805299 2
113.890463272814 64.0555008608814 2
115.24608594121 64.4799024924706 2
115.556449309668 65.8660807118868 4
38.764029 66.291662 3
