x           y           stackinginfo
0.0 0.0 0
1.251103 0.672509 0
1.29412499224936 2.09201085342169 1
2.54523887213155 2.76463327188652 1
2.5883222121103 4.1843453639041 3
3.83929007207473 4.85741248141311 1
3.88269794028716 6.27711792092992 4
5.13408396487013 6.94935301136313 2
5.17705503224665 8.36902717273332 2
6.42810204086118 9.0411776200858 3
6.47076590461007 10.4611336143656 2
7.7217018826552 11.1335172885453 2
7.76529921523766 12.5532775195033 2
9.01666013720807 13.2254568982069 2
9.05990830996264 14.6453616913225 0
10.3108508144012 15.3181367697435 0
10.353607220366 16.7379278541106 0
11.6046599676423 17.410469041082 3
11.6481233087118 18.8299930928294 1
12.8992425312893 19.5028282638072 5
12.9425330494468 20.9225898827964 3
14.1935035602432 21.5957461080329 3
14.2368223010877 23.0152695821211 4
15.4881510154916 23.6874524881082 2
15.5309926890329 25.1071447314642 1
16.781876518608 25.779566830242 5
16.8248844635691 27.1994861118162 1
18.0761275308366 27.8716812914026 2
18.119826695747 29.2914297639347 2
19.3711056761086 29.9635030070944 4
19.4136754964715 31.3834541287644 0
20.6645302239947 32.0559678097968 0
20.7074853147768 33.4756860902237 4
21.9587073528583 34.1479830263917 1
22.0022293528651 35.5676662856007 2
23.2532777246048 36.2406851191781 3
23.2963186490669 37.6604635425036 0
24.5474314817832 38.3333398365355 4
24.5904071171604 39.7527798372552 3
25.8415285778264 40.4251778109568 5
25.8844507491358 41.8449350240436 1
27.1353596319109 42.5177534301134 2
27.1788131551125 43.9375674203032 5
28.4301965942969 44.6096714914247 5
28.4734537436714 46.0294228182931 1
29.7245728233482 46.7015240226212 3
29.7671375875781 48.1214769420183 4
31.0180176008447 48.7938332778264 4
31.0615289076375 50.2135171530892 5
32.3128729793331 50.8858115179119 2
32.3564129999326 52.3056533254737 4
33.6073805966698 52.9787029193269 0
33.6502739644068 54.3984220260124 0
34.9013842742149 55.0710552528942 3
34.9445687623644 56.4905152548392 1
36.1956109897339 57.1632979961171 1
36.2386538650437 58.5831187740855 1
37.4897230393395 59.256037147409 1
37.5334107991622 60.6756509672352 2
3.7107115260435 0.597791933869591 1
3.75339789381016 2.01757874442184 1
5.00427223055797 2.6899093774415 3
5.04699511542817 4.10984731500261 2
6.29817602215118 4.78198997989189 5
6.34187010822372 6.20171898513574 2
7.5931483624978 6.87403119901718 4
7.63607824034939 8.29396954750275 0
8.88701051127383 8.96674095872676 0
8.92994184026308 10.3863839806701 0
10.1810990723334 11.0588262361182 1
10.224525923484 12.4783930428484 2
11.4755892400647 13.1513724687483 1
11.5187991167522 14.5711349112377 0
12.7698921674868 15.2440681427261 4
12.8130623448907 16.6635708754602 2
14.0642463650752 17.3357993296153 1
14.1070314198779 18.7556369311323 5
15.3578347892426 19.428249604697 2
15.4011367634354 20.8481278390063 5
16.6525090866151 21.5201686129949 2
16.6960714713759 22.9399512181271 5
17.9472094180186 23.6121772347111 0
17.9897717056976 25.0321204393064 0
19.2406695753149 25.70457845473 0
19.2840129851637 27.1241841719055 1
20.5353056105857 27.7965535984445 2
20.5787980218481 29.216291306847 4
21.8298018488341 29.8893897332645 0
21.8728388615208 31.3090671337681 0
23.1240802016363 31.9816246320985 4
23.1670256731706 33.4010858028957 1
24.4180474708498 34.0735811901021 1
24.4609254792208 35.4934487748759 1
25.7118623975986 36.1662768408869 1
25.7554261139213 37.5860432788488 2
27.0068108426456 38.2580634318651 5
27.0495954862678 39.6779124779633 1
28.3005394656902 40.3501983603235 0
28.3431402456291 41.7701278514134 4
29.5942160126227 42.4423189162031 3
29.6378863688738 43.8619804158377 2
30.8891477597332 44.5345009271881 2
30.9324551635462 45.9543726512457 0
32.1834317289953 46.6273992852401 0
32.2264302714672 48.0469638276193 0
33.4776132140895 48.7193989301955 5
33.5208870706665 50.1388996504399 5
34.7719143991284 50.8117473474323 1
34.8151527959182 52.2315625227787 3
36.0662217131677 52.9044370764507 5
36.1097163389447 54.3240661080964 2
37.3609820982812 54.996183106702 1
37.4035660360885 56.4160918988333 1
38.6543678389127 57.0885280518675 4
38.6974041678167 58.5083988271571 2
39.9487474171088 59.1804607785605 5
39.9925084185423 60.6002208364909 3
6.16957984111884 0.52279287102853 0
6.21233351961505 1.94271992514943 0
7.463287215643 2.61543546711824 0
7.50643312794675 4.03496588678198 3
8.75764617507632 4.70742715942904 1
8.80095395013475 6.12707297952056 5
10.0519815385991 6.80012683342154 1
10.0951923890467 8.21982194991053 0
11.3464883149658 8.89233496297351 2
11.3894449867829 10.311872475977 5
12.6405088848834 10.9841049562777 1
12.6832476129632 12.404028531201 2
13.9341131452752 13.0766352295128 2
13.9776298977337 14.4964560713628 2
15.2290111282361 15.1685064217365 2
15.2721648043655 16.5883756595834 3
16.5231501348299 17.2608105117767 0
16.5657503402642 18.6807136031086 0
17.8167506278973 19.3531070781861 3
17.8603180661661 20.7726869365606 1
19.1115475575282 21.4453034305976 5
19.1549691063744 22.8650783851768 0
20.4059492385175 23.5382099930062 0
20.4490892874116 24.9577496334407 0
21.7003854316519 25.6300514119172 2
21.7434044121277 27.0495795718454 1
22.9943714827872 27.7221255478691 5
23.0374300895434 29.1420172789344 1
24.2885223584786 29.814611803233 5
24.3321783858466 31.2343419095104 2
25.5834950468202 31.906357571537 5
25.6260164075361 33.3262859633456 3
26.8768290023337 33.9987299995615 0
26.9196217780106 35.4185804514702 4
28.1708483251799 36.0907415498015 1
28.214487469739 37.5104529710113 2
29.4655953485437 38.1832795306251 4
29.5086024770768 39.6031473807077 0
30.7596339347813 40.2760671514393 0
30.8026690706292 41.6955337777435 3
32.0538476234872 42.3679625154562 1
32.0969991392868 43.787580632815 1
33.3480009884154 44.4605067533517 1
33.3913611272049 45.8802786570334 3
34.6426516576891 46.5527140112154 2
34.685918499169 47.9723633299661 2
35.9370752496066 48.644460934446 1
35.979706451651 50.0644110455789 5
37.2304943073663 50.7369229587003 4
37.2738910149139 52.1567198344604 2
38.5252579071563 52.8288699245397 2
38.5687747876891 54.2487216082122 4
39.8197830906926 54.9214692326569 0
39.862521788045 56.3413249942299 0
41.1135411759119 57.0139475617102 0
41.1569022867195 58.4334405527694 1
42.4080712793031 59.1061060237315 5
42.4513714869666 60.5258323482623 3
8.62830170029075 0.448987649027323 2
8.67164102244618 1.86858192198411 4
9.92302582038242 2.54079902457687 2
9.96585886683125 3.96042511546926 5
11.2168172164226 4.63269999747978 5
11.2596116033037 6.05264024521559 2
12.5106963630211 6.72499435445456 2
12.5543423244066 8.14476120420047 5
13.8056840783496 8.81683142448924 2
13.8484463012933 10.2367680148349 3
15.0993380499264 10.9093193137772 0
15.1420801530214 12.3291177172658 0
16.3931996788806 13.0014697348652 1
16.4367575255567 14.421088483717 2
17.6878616216314 15.0939945584591 5
17.7310735179009 16.5137827199293 0
18.9821006971225 17.1868322252244 0
19.0251945613943 18.6062877869713 4
20.2764129025448 19.2785726067995 5
20.3193950443922 20.6982395291626 1
21.5703099059734 21.3709049473291 2
21.6136219498152 22.790769331996 1
22.8649197996326 23.463013307219 2
22.9084875647403 24.882738845106 1
24.1597104292947 25.554772128064 3
24.202227935414 26.9747239300178 3
25.4530309714894 27.6471689855034 0
25.4962443674368 29.0668962945505 5
26.7475626770223 29.7391210550745 1
26.7911656739096 31.1589042989771 4
28.0421698585546 31.8319274292924 0
28.0850624195231 33.2517199237218 0
29.3361565520331 33.9244825521831 0
29.3792235633162 35.3439277447721 1
30.6303205288462 36.0165274894867 1
30.6733486825985 37.4362824208653 1
31.9243003385575 38.1093215027425 1
31.9677732449353 39.5290288947275 4
33.2191794421883 40.2011598680164 2
33.2620818160352 41.6208877134059 1
34.5130944593768 42.2930601043036 3
34.5557386003995 43.7130152464665 2
35.8067404961168 44.3852983389716 2
35.850381155942 45.8050281364662 5
37.1017260300349 46.4772741291491 2
37.1449594052023 47.8971857343999 0
38.3959020702236 48.5700411465722 0
38.4387288010913 49.9897672628789 0
39.6898211868079 50.6622958040188 3
39.7332438269431 52.0818104337953 1
40.9843397009001 52.7546832961753 1
41.027595509123 54.1744550542462 3
42.2785897291778 54.8475622144624 4
42.3219554044787 56.2670930702392 4
43.5732620449263 56.9392598749214 1
43.616057739222 58.3590231642908 1
44.8668966687799 59.0314788947351 2
44.9099463484696 60.451391947361 1
11.0872084335094 0.373493069302745 2
11.1309163189381 1.79324467610677 5
12.3821512286579 2.46540699882779 4
12.4247509854779 3.88535734518156 0
13.6756272515128 4.55790264908304 0
13.7186854278381 5.97756014053914 3
14.9699229357813 6.64989527838566 1
15.0133980384381 8.06957225898454 2
16.2644365744947 8.74261881930497 3
16.3074887818311 10.1623653142143 0
17.558653316614 10.835147530382 4
17.6015994549691 12.2545983924984 5
18.8526868146794 12.9269867180246 1
18.8955414469522 14.3468067403436 1
20.1464257246997 15.0195978237314 2
20.1899084430335 16.4394159454376 5
21.4413063772477 17.1114538592179 5
21.4844771951893 18.5312451116715 1
22.7355513044915 19.2034074460745 0
22.7781126349346 20.62335384443 4
24.0290473981798 21.2956630912032 0
24.0726191000699 22.715311371002 5
25.3239456346892 23.3876801776823 2
25.3674571801687 24.8075133055347 0
26.6184307195583 25.4805908332866 0
26.6613939872244 26.9002432748327 0
27.9125638104824 27.5727748082004 4
27.9557462386065 28.9922343540233 1
29.2067753158274 29.6649798722196 1
29.2498832433132 31.0848060718129 1
30.500855468311 31.7578132704035 5
30.5444310219331 33.1774765433403 2
31.7957828962458 33.8495594374084 1
31.838415688091 35.2694058798352 1
33.0892599968473 35.941778661257 0
33.1320108821319 37.3617025809011 2
34.3832382332673 38.0337975455508 5
34.4269397080449 39.4535200996019 2
35.6781682130307 40.1259681342301 4
35.721103808551 41.5459000903357 0
36.9720601481703 42.2187128346362 0
37.0150589400493 43.6382932946161 3
38.2662406743702 44.3107292659953 1
38.3096014210754 45.7302993338936 5
39.5606563738944 46.4032792110055 1
39.6038813891218 47.8230349748219 0
40.8550401557102 48.4958307717899 2
40.8982058433432 49.9153652433592 2
42.1493712608071 50.5875587122273 1
42.1921063971968 52.0074470170735 5
43.4428937661243 52.6800536209553 2
43.486238692819 54.0999162873098 5
44.7376230828269 54.7719534592191 2
44.7811466495621 56.1917605757454 5
46.0322311936085 56.8641202533104 0
46.074835473021 58.2840503790835 0
47.32576885654 58.9565373128485 0
47.3691780630086 60.3761066496224 1
13.5464155686182 0.298556874871433 2
13.5898649105809 1.71828709039463 4
14.8408604192284 2.39140327237354 3
14.8839709638612 3.8110353950603 0
16.1352680112029 4.48346703264604 2
16.1781929719859 5.90295686956173 1
17.4291929542306 6.5753964072887 1
17.4720600633453 7.99529504057103 1
18.7230309526115 8.66800473841011 2
18.7666241763754 10.0877754157382 2
20.0179901696207 10.7597900991032 5
20.0606988545876 12.1796772595069 1
21.3116033758488 12.852037794899 0
21.3542257518388 14.2719422991805 4
22.6053342834595 14.9441410282472 3
22.6489914917537 16.3637955157691 2
23.9001986396472 17.0364482161025 4
23.9434591931674 18.4563021755506 0
25.1944537934277 19.1293364949515 0
25.2374912690448 20.5488469462479 0
26.4886985625857 21.2212244991684 5
26.5319102303164 22.64075538253 5
27.782918755176 23.3135666128771 1
27.8261960287708 24.7333896533952 3
29.0773406897314 25.4060775169513 2
29.1208591482759 26.8257320482708 2
30.3721066225249 27.4978144862688 1
30.4146869864787 28.9177433399834 1
31.665435547026 29.5902657886624 4
31.7085269944255 31.0101129347629 2
32.9598602381668 31.6822238050945 1
33.0035312378371 33.1020058411256 2
34.254596335115 33.7747299343637 0
34.2973791953899 35.1946340916389 0
35.5483703562745 35.8673696423937 0
35.5915414479987 37.2868654405754 1
36.8427364284646 37.9593802429903 1
36.8859747811631 39.3790482084965 5
38.1369843749077 40.0521175775019 1
38.1802695092052 41.4717953484824 0
39.4316225041211 42.1441665081291 2
39.47455994855 43.5637515342168 2
40.7256089816296 44.2359409227765 1
40.7683224643568 45.6558836520587 2
42.0192334753568 46.328391041075 2
42.0627889537146 47.748191345252 2
43.3141650927262 48.4202686694797 2
43.3572745393354 49.8401643525672 3
44.6082299468311 50.5127117285896 0
44.650878965559 51.9325766608625 0
45.9019106673868 52.6050070033101 3
45.9454674715491 54.0245738702558 1
47.1966485299472 54.6973029300543 5
47.2400185979802 56.1170698404235 0
48.4909990732915 56.7902071275348 0
48.5341979074489 58.2097161638912 0
49.7855055105368 58.8819597556356 2
49.8284816670853 60.3015459067873 1
16.0053861914243 0.224049377224024 5
16.0484738417936 1.64395010772249 1
17.299641582194 2.3163655766178 5
17.3433164633499 3.73610087058633 2
18.5946132013857 4.40811304685687 3
18.6371208620994 5.82805647522367 3
19.8879315158113 6.50052092879288 0
19.9308151773563 7.92031922274293 4
21.1820536727952 8.59252457195368 1
21.2256543256868 10.0122419826486 2
22.4767193742959 10.6851807686162 0
22.5197046416078 12.105014881212 0
23.7707687578265 12.7779158312438 0
23.8137861612558 14.1973610489188 3
25.0649400454371 14.8698045386063 1
25.1079986168919 16.2894777221127 1
26.3589693327208 16.9623950062286 1
26.4023825699278 18.3821687587348 5
27.6537308236904 19.0544402588239 2
27.6969548438195 20.4741281615422 1
28.9480883841517 21.1462147621515 3
28.990704290963 22.5661698522437 4
30.2415386800842 23.2386054441598 4
30.2850225489306 24.6583582626495 2
31.5363844508943 25.3305614594996 2
31.5798912961915 26.7504240030131 4
32.8308600578461 27.4233185263812 0
32.8736526347846 28.8431236694037 0
34.1246948681444 29.5157688072723 3
34.1680187354356 30.9352508132328 1
35.4191387939794 31.607999349993 1
35.4623628823998 33.0277523178636 3
36.713319199354 33.7009127862201 3
36.7567320556974 35.1205041512912 4
38.008120793158 35.79266219786 2
38.0509086731857 37.2123554480953 1
39.3018325159585 37.8846427605273 5
39.3446304334416 39.3045840603781 2
40.5957869385144 39.9768136922636 2
40.6394641658452 41.3965671764821 2
41.8907850414711 42.0686909770851 4
41.9335534084667 43.48863623819 0
43.1844516049084 44.1612463647223 0
43.2272820343572 45.5809821746928 0
44.4784299874186 46.2533599283368 1
44.5219391240685 47.6729717107421 2
45.7730190662919 48.3459345383941 3
45.8161937232676 49.7657082173594 0
47.0672551076706 50.4387039191391 4
47.1103408925929 51.8581605529186 4
48.3615321454414 52.5304391622825 2
48.4044393596653 53.9501795473419 5
49.655315684673 54.6228397762045 2
49.6986659618819 56.0427057057665 5
50.9500153396501 56.7148235927329 2
50.9935449064294 58.1345723334068 1
52.2447304229612 58.8066482798944 3
52.2872604475976 60.2265989522189 1
18.4640704994965 0.149010674232607 0
18.5073901388919 1.56868532159754 5
19.7587106887405 2.24096169782617 2
19.8022837952258 3.66074311194874 4
21.0532780486114 4.33381548233088 0
21.0962114433725 5.75355408577519 0
22.3473556692312 6.42624341677947 4
22.3903972024998 7.84568692318431 1
23.6414544101556 8.51830164481889 1
23.6844326647734 9.93810341387638 1
24.9353716409725 10.6111060778446 1
24.9788971984675 12.0308234082861 2
26.2302996003195 12.7028944801075 1
26.2731170589998 14.1226768217446 1
27.5240860632293 14.7948984629375 3
27.5667182247002 16.2148465376182 2
28.8177813258426 16.8870499002683 5
28.861454805289 18.3067533827039 2
30.1127691416321 18.9790947464436 2
30.1559941137073 20.399003725285 0
31.406945826535 21.0719192366894 0
31.4498534310005 22.4915744793808 0
32.7009820849868 23.1640759032484 1
32.744373530237 24.5835831336907 2
33.9954376223336 25.256493822702 1
34.0386831747227 26.6762772636497 3
35.2897033389327 27.3493196183791 5
35.3330897174204 28.7688737795506 2
36.584360087573 29.4410411471057 1
36.6270822343668 30.8608722416623 1
37.8778777456205 31.5333725793132 4
37.9209469583937 32.9532763364734 2
39.1722807246255 33.6253331453149 5
39.2159775658359 35.0450947148038 5
40.4671633428984 35.7173780029095 0
40.5097984037171 37.1373243454346 0
41.7607055790226 37.8099018154023 0
41.8038519464849 39.2295046877546 3
43.0550998904698 39.9018793839621 1
43.0985246059724 41.3215509974844 2
44.3495597991611 41.9946069206425 3
44.3926479970702 43.4143211289282 0
45.6438759335779 44.0869763089199 4
45.6867991726151 45.5064486362081 5
46.9378621887168 46.1788001327918 1
46.9806683269119 47.5986715154103 1
48.2315490985114 48.2714081181345 2
48.2750585075158 49.6912264850035 2
49.5264559264638 50.3632396475958 2
49.5695415010898 51.7830700881308 1
50.8205678133256 52.4553177312378 0
50.8631372673851 53.8752515314708 4
52.1141197553469 54.547544174666 3
52.1577296763275 55.9671668950404 1
53.4090206254717 56.6396379231997 2
53.4524942559867 58.0594576798282 0
54.7034716794394 58.7325555919536 0
54.7465017131977 60.1521460902306 0
20.9236878657663 0.0745750257287112 1
20.9668410630331 1.49405022302338 1
22.2178469661667 2.1667584924662 5
22.2609652446134 3.58660760819007 1
23.5119819985576 4.25948061770497 5
23.5555934242703 5.67916428663021 2
24.8069182926684 6.35122822118392 1
24.849490275096 7.77111868121067 1
26.1002986399575 8.44354483066845 0
26.1430875574769 9.86344412684023 2
27.3943394049952 10.5355385744133 5
27.4380308012385 11.9552629518243 2
28.6891997893793 12.6278683989468 4
28.7321345944121 14.0477861324027 0
29.9831178725231 14.7206292065818 0
30.0261627356998 16.1401553237023 3
31.2773538519615 16.8125954461263 1
31.3206419876264 18.2321817010657 5
32.571682491185 18.9051625581472 1
32.614953011558 20.3249095767826 0
33.866179508212 20.9975510419785 2
33.9093467133951 22.4171222756809 2
35.1604891306901 23.0892885001156 1
35.2031911015598 24.5092118053268 5
36.4539730922817 25.1818042636594 2
36.4973656334971 26.6016451138967 2
37.7487434427572 27.2737213823939 2
37.7922134091594 28.6935565913532 5
39.0432441990604 29.3660693184128 0
39.0858764895871 30.7859797987814 0
40.3368426933149 31.4585056823657 0
40.3802699584719 32.8780490539353 1
41.6315071480439 33.5505989322698 5
41.6749004279374 34.9703284072588 4
42.9258874227796 35.6434610143713 3
42.9690770788567 37.0630560073409 0
44.2204206624396 37.7353725077741 2
44.2633223662881 39.1549063398647 5
45.5143045461094 39.8272849301674 5
45.5571716377182 41.2472035527873 1
46.8082007112565 41.9197655844806 2
46.8518225489299 43.33953504545 2
48.1031750520718 44.0115479700629 5
48.1458336297063 45.4314645454753 3
49.3967142704343 46.1038891881091 0
49.4393832901036 47.5237566345504 4
50.6905167460342 48.195986482747 1
50.734143739647 49.6156397552155 2
51.9852974828786 50.2884201174178 4
52.0285065080855 51.7082528005279 0
53.279521961834 52.3812807802103 0
53.3225774661566 53.8007521459267 0
54.5737894767354 54.4730957327665 5
54.6169236035274 55.8926747308413 1
55.8679050853915 56.5654550146679 1
55.9112251660029 57.9852848946251 1
57.1624473870394 58.6577788881901 2
57.205961854413 60.0774591318038 2
23.3831591655213 -0.000492002313962435 3
23.425719903047 1.41945302173703 3
24.6764779314091 2.09195607924195 4
24.7196595192901 3.51175831072556 2
25.9709944131014 4.18391511210947 1
26.0146391133401 5.60371359806738 4
27.2656612867424 6.2765797872437 0
27.3084742604635 7.69644560357019 0
28.5594962483835 8.36919623816215 0
28.6026658569009 9.78866736623453 1
29.8538249235462 10.4612484490708 1
29.8969949617873 11.8809488857485 1
31.1479792264652 12.5540380576155 1
31.1913457968415 13.9737053658996 4
32.4427360072416 14.6459587784431 2
32.4856432522445 16.0655970989792 2
33.7366680148775 16.7377728552663 1
33.7793663528446 18.1577241162397 2
35.0303347551442 18.8301258674835 2
35.0739387350152 20.2499010656254 2
36.3253020344121 20.9220264551169 2
36.3683906633969 22.3419411499699 0
37.6193234996711 23.0146011414419 0
37.6620373633202 24.4344150662485 0
38.9130939069969 25.1068865324371 3
38.9566168066777 26.5264434027388 1
40.2077495497966 27.1992755864584 5
40.2510572395011 28.619041779595 0
41.5020411475132 29.2921764655488 0
41.5452713504527 30.7116724749012 4
42.7965713305872 31.3838842443556 2
42.8394833660271 32.8035409376902 1
44.0903840497432 33.4760347928687 5
44.13349553085 34.8959396615407 1
45.3847386821597 35.5681912484021 2
45.4284200863 36.9879319256182 5
46.6796940332322 37.6599621461077 3
46.7222086126095 39.0799125336955 3
47.9730350273375 39.7523842757937 0
48.0160250897332 41.1721241866574 4
49.2672796494937 41.8443693115363 1
49.3108397376323 43.2640884893574 2
50.5618805986367 43.9370985856894 0
50.6048591449841 45.3568949223242 0
51.8559641609132 46.029747564323 0
51.8989511218306 47.4491850042327 3
53.1500711928069 48.1216434378857 5
53.1930440995565 49.5413778581407 1
54.4439841449908 50.214279676844 1
54.4874453061578 51.6340581481846 5
55.7388318134667 52.3062006122076 2
55.7819869638412 53.7259303403549 1
57.033087047454 54.398034817328 3
57.0756865677827 55.8179895518359 4
58.3265778247788 56.490344447268 4
58.3701338353941 57.9100554814158 5
59.6214880812449 58.5823172603824 2
59.6649756648213 60.0021849862196 4
60.9159369882483 60.6751611369758 0
25.884761009223 1.34489725849853 0
27.1358448285281 2.01751276623372 3
27.1791476631627 3.43698454501103 1
28.43022734629 4.10978588515426 1
28.473420220522 5.52956519577685 3
29.7243743253524 6.20270559226328 5
29.7678527319074 7.62230550320728 4
31.0192219764013 8.29443646250594 1
31.0619532880867 9.71419739624669 1
32.3128320337075 10.3865306593704 4
32.3556427397043 11.8064664367052 2
33.6068586692613 12.4786058695082 2
33.6505616432689 13.898348667156 2
34.9018453278701 14.5705669640925 4
34.9446352592371 15.9905137331678 0
36.1955463859802 16.6631821081699 0
36.2384720531621 18.082851885214 0
37.4896443283901 18.7552518995788 1
37.5331028035542 20.1748562003309 2
38.7841658159522 20.8478540260334 1
38.8273269255127 22.2676139989472 0
40.0784319807788 22.9405299972504 4
40.1215029273139 24.3600021264144 4
41.3726604204724 25.0322766064971 1
41.4154932924071 26.4520872819794 5
42.6663317811216 27.1247525622945 2
42.7097065198042 28.5446175961693 5
43.9610853953061 29.2166643443141 2
44.0045537915792 30.6364420653362 1
45.2556933636124 31.3085958281599 0
45.2982340536395 32.728542299557 0
46.5491210269264 33.4009422638382 0
46.5925248148177 34.8205726909575 5
47.8438409691585 35.4929102573392 2
47.8873777679263 36.9126842541733 4
49.1383711969714 37.5857800375267 0
49.1813594541244 39.0054643267086 0
50.4325631038056 39.6780450145198 4
50.4755803056639 41.097496148658 1
51.7266077359053 41.7700887705024 1
51.7695574051279 43.1899317119936 1
53.0205047443391 43.8628560618297 1
53.064072240372 45.2825861014175 2
54.3154583922181 45.954624036841 5
54.358185673354 47.3744575227634 1
55.6091100394675 48.0467403671466 0
55.6517418990815 49.4666748482706 2
56.9028557651414 50.138829990583 5
56.9465427614468 51.5585163278465 2
58.1978126016453 52.2309792517325 2
58.2410177932601 53.6508793114218 0
59.49198593304 54.3238340039211 0
59.5349586640988 55.7434214492396 0
60.7861222566843 56.4158787049748 1
60.8294649706645 57.8353906572468 5
62.0805123785399 58.5082968992596 1
62.1237705676417 59.9280875886594 3
63.3748447135189 60.6010035099513 2
28.3442193761458 1.27058137829391 2
29.5954613274704 1.94273280994376 1
29.6381350899371 3.36261571464592 1
30.8888965959572 4.03515534724079 4
30.9320143017506 5.45504035883878 2
32.1833641304083 6.12709883565298 5
32.2270441307625 7.54687452831166 5
33.4781702084995 8.21931463453161 0
33.5208455242496 9.63925052303521 0
34.7717818162477 10.3118696320796 0
34.8149948882888 11.7314256699161 3
36.0662361523139 12.4038581894384 1
36.1096082493539 13.823529609677 4
37.3606332027404 14.4966008685782 3
37.4037839797887 15.9162833886242 0
38.6550736925797 16.5888038327613 2
38.6979827220381 18.0083089166273 5
39.9490245078452 18.68061350743 1
39.9917991274915 20.1005220605221 2
41.2426958024819 20.7731823901811 2
41.28623186801 22.1929951988515 2
42.5376167929374 22.865018479266 2
42.5806244701275 24.2848854176408 3
43.8316026508855 24.9572395283805 0
43.8741871669901 26.3771532479546 0
45.125206009247 27.0494623667646 3
45.1688195283695 28.4690698845401 1
46.4200628941279 29.1416595326181 2
46.4634804583867 30.5614647850264 0
47.7144636602248 31.2345713840317 0
47.757546487015 32.6541098565673 0
49.0088022749674 33.3264534693516 5
49.0519095759395 34.7459616067473 1
50.3028955567696 35.4186160477836 5
50.3460357558653 36.838482676155 1
51.5971200620087 37.5111801190096 5
51.640754613727 38.9308819529947 2
52.8920597696001 39.6029193040339 1
52.9345869615717 41.0228407178484 3
54.1853761000969 41.6952966538501 0
54.2282259832647 43.1151601586142 2
55.47949216565 43.7872808894763 1
55.5231600320312 45.2070140723498 2
56.7742720507546 45.8797731229982 4
56.817199234603 47.2996674205759 0
58.0682134214245 47.9725243096394 0
58.1112760494844 49.3920089279819 3
59.3624608066748 50.0644644660914 1
59.405664961701 51.4840828675378 5
60.6566844446321 52.15706520454 1
60.7000113756499 53.5768058531115 3
61.9513056353734 54.2492799243992 2
61.9944592895259 55.6688922230708 2
63.2455854642414 56.3410237321056 1
63.2882629379026 57.7609673202339 5
64.5390692498348 58.4335046142889 2
64.5825247735613 59.8533147255124 2
65.8338968849219 60.5254356403829 1
30.803297682331 1.19529016592911 4
32.054286637125 1.86794967863302 0
32.096968011853 3.28782595046833 0
33.3479625968947 3.96039404775517 0
33.3913929922951 5.37991703125119 1
34.6425840852682 6.05257376624811 5
34.6859254336893 7.47230895149213 3
35.9368980881202 8.14546411558733 3
35.9801702626523 9.56503277859964 0
37.2315372197978 10.2372675775265 2
37.274411319613 11.6568579379586 5
38.5253667535579 12.3292013579626 5
38.5682435630126 13.7491301257269 1
39.8193414073027 14.4215410246298 2
39.8629953953483 15.8413041042535 2
41.1143314326335 16.5133332741262 5
41.1569699683723 17.933269629148 3
42.4078381351691 18.6057543736769 0
42.4505789288887 20.0255724701894 4
43.7017304846709 20.6978490598137 1
43.7453141345463 22.1175023979742 2
44.996420130621 22.7903947958441 4
45.0395758399619 24.210205480914 0
46.2906143274854 24.8832149901006 0
46.3336613957881 26.3026647508543 3
47.584858948672 26.9749974271642 5
47.6279007702073 28.3946395265435 1
48.8788493751715 29.0673957875019 2
48.9222064750456 30.4872316734694 1
50.1735012602598 31.1595417400627 2
50.2169844962215 32.5792475434977 1
51.468192829252 33.2512871657947 3
51.5107389984427 34.6712392454046 3
52.7615280682007 35.3436962031977 4
52.8048069021353 36.763447543236 2
54.0561465383928 37.4356480337109 2
54.0997622652309 38.8554580583667 4
55.3507598757619 39.5284270185263 0
55.3936062814575 40.9482424521371 0
56.644666179871 41.6209799565377 0
56.6878187605206 43.0404363091551 1
57.9389354428991 43.7130770658816 1
57.9820444364651 45.132817124236 1
59.2330062735456 45.8059122885539 1
59.2764484560984 47.2255785372281 4
60.5278561500397 47.8977401746443 2
60.5707116354228 49.3174368885246 1
61.8217033832139 49.9896283938746 3
61.8643879930811 51.4095814322891 2
63.1154224612766 52.0818748987692 2
63.1590696405526 53.50162426194 2
64.4104167566238 54.1738092438425 2
64.4534990912933 55.5937339986139 0
65.7044277044233 56.2664816714551 0
65.7472219458082 57.6862326515056 0
66.9983097542254 58.3587206932171 3
67.0417966381169 59.7782664667472 2
68.292893216872 60.451170295973 1
33.2621271070337 1.12093350033729 0
34.5131252080252 1.79404317957789 4
34.5563839609534 3.21354115182453 4
35.8076583965572 3.88574529273621 2
35.8505084598221 5.30547648674956 1
37.1013649394719 5.9779858574433 2
37.1445067036813 7.39788919859347 1
38.3958086739602 8.07002161673181 2
38.439488493343 9.48977082378823 5
39.6907255604444 10.1618608807979 0
39.7332658366357 11.5818120283343 0
40.9841165721096 12.2542955877552 0
41.0272190440588 13.6739764824926 5
42.2784859719706 14.3462661195195 1
42.3220077342826 15.7659817229024 2
43.5730350614909 16.4390349093877 3
43.6160287801135 17.8587918670632 0
44.8671812740557 18.5315675257322 4
44.9101345661943 19.9510086986213 1
46.1612165010839 20.6234722611774 1
46.2041168393247 22.043267790711 1
47.4550319287146 22.716141529114 1
47.4985274857032 24.1359272716592 5
48.7499296328215 24.8079866390193 5
48.7929919752808 26.2277614635287 1
50.0440503217089 26.8999107055816 0
50.0866318869724 28.3198610311224 4
51.3375829678819 28.9921462671114 4
51.3811897559919 30.411822365886 5
52.6325265340259 31.0841585897447 2
52.675986890209 32.5040230035488 0
53.9269522230512 33.177049332786 0
53.969870977971 34.5967226142495 0
55.2210036703873 35.2692734035037 3
55.2642795514116 36.6887415841714 1
56.5153306803744 37.3615551413097 1
56.5585081047139 38.7813588855035 3
57.8094809233829 39.4544316096447 5
57.8530079314985 40.8740498770719 2
59.1043494015415 41.546164406344 1
59.147016469952 42.9659881874132 1
60.3978509290736 43.638378545137 4
60.4406838898788 45.0583026103594 2
61.6919451825975 45.7303878621357 5
61.7356582150139 47.1501258488124 2
62.986892417327 47.8224738435045 4
63.0297046835526 49.2424170160863 0
64.2806375830186 49.9151339807614 0
64.3236461483451 51.3347409139921 3
65.5748397780263 52.007154931711 1
65.6182401435019 53.4267558748886 2
66.8692949628718 54.0997643340144 1
66.9124712344829 55.5195090058169 0
68.1636354385156 56.1923067951681 4
68.2066985112092 57.6118044357943 2
69.4578279994784 58.2840584155651 1
69.5006069858851 59.7039263761472 1
70.7514206207167 60.3765870955964 1
35.7207964046469 1.04643955723661 5
36.972183650176 1.71846994545982 2
37.0155929710647 3.13827796867838 1
38.2666787048753 3.81054488925522 0
38.309242512324 5.23048142718011 0
39.5601695391219 5.90289119041999 0
39.6036370101698 7.32248677703376 1
40.8549314235334 7.99490994513159 2
40.8984292746029 9.41467340374024 4
42.1494194717799 10.0877874719149 0
42.1924782937201 11.50741896578 0
43.4437381658115 12.1798810140577 4
43.4867342741301 13.5993517158659 1
44.7377368260588 14.2718983538528 1
44.7806802906492 15.6917741986944 1
46.0316569877887 16.3645839645803 1
46.075259130536 17.7843256290675 2
47.3266225823179 18.4563493106897 5
47.369268026676 19.8762264647133 1
48.6201512139002 20.5485753791835 0
48.6627985499617 21.9684883423133 4
49.9139479063955 22.6406340691809 5
49.9576238527111 24.0603138966506 2
51.2088395416902 24.7329147120567 4
51.2520083344969 26.1528002986752 0
52.5029982632807 26.8257745470431 0
52.5460115408326 28.2453034815745 0
53.7972000457038 28.9177180452187 1
53.840474002759 30.3372511633075 5
55.091505535594 31.0101372023814 1
55.1347914961199 32.4299330283018 3
56.3859363564573 33.1026808844768 2
56.4293497533536 34.522296501054 2
57.680572227966 35.1944157869676 1
57.7232074250721 36.6143347155331 5
58.9739548120912 37.2868858546263 4
59.017134001166 38.7067429643849 2
60.2684891546462 39.378830179307 5
60.3121409933509 40.7986248028408 2
61.5632113488037 41.471229064052 0
61.6059239376951 42.8911457912351 0
62.8568908154585 43.563802738681 0
62.9001394356355 44.9833218699477 1
64.1513595069433 45.6558246185312 1
64.1946710485424 47.0755058127052 5
65.4456804200412 47.7485968682631 3
65.4889088005218 49.1682522069147 0
66.7402542890513 49.8406392875022 2
66.7831481347284 51.2601881847889 5
68.0341730752556 51.9324417074889 1
68.0769282793727 53.3523733580822 2
69.3278655585541 54.0249293743854 2
69.3714358054514 55.4447293375486 2
70.6228082541355 56.1167755564124 2
70.6657633863686 57.5366726431771 3
71.9167038431236 58.2091347914071 0
71.959327893718 59.6290157958671 0
73.2103736592359 60.3013650326405 3
38.179942174855 0.970957986184659 1
39.4311317007625 1.64367245451958 5
39.4744926416762 3.06346358835666 0
40.7254802099365 3.73657568596122 0
40.7686079427795 5.15607557824689 0
42.0198794480382 5.82835939569329 5
42.0629333869567 7.24791788966319 1
43.3138919649334 7.92052816644174 5
43.3570657740362 9.34040617051473 1
44.6082265832998 10.012914728062 5
44.6518758684931 11.4326298122509 2
45.9031615080536 12.1046484025353 3
45.9456665212098 13.524588431945 3
47.196451180147 14.1970562274454 0
47.2393883672542 15.616872423818 2
48.4906630629111 16.2890359067596 1
48.5342990796512 17.7087797488703 2
49.7853629212464 18.3816721113544 0
49.8282810554103 19.8015327245992 0
51.0793279204153 20.4743874383596 0
51.1223811056458 21.893844915064 3
52.3735429788051 22.5663277788932 1
52.4166561956713 23.9859919640998 1
53.6676481575739 24.6589764012072 1
53.7110327556062 26.0787148909377 4
54.9623839132769 26.7510304619702 2
55.0054996578516 28.1706871783207 2
56.2566059255463 28.8427990305749 3
56.2992586575868 30.2627528212872 2
57.5501115411232 30.9352075947176 4
57.5936312729921 32.354982430204 2
58.8449994373744 33.0271491129996 2
58.8884026211675 34.4470277303076 4
60.1393667228922 35.1198113315817 0
60.1821049267642 36.53963878981 0
61.4331317194271 37.2122297664029 3
61.4765450723929 38.6317371487064 1
62.7276894715488 39.3044894325628 5
62.7709798616599 40.7242377904805 3
64.0219425154318 41.3974049044499 3
64.0652867607234 42.8169612474137 4
65.3166566238989 43.4891428095006 2
65.3594886522771 44.9087995519636 1
66.6104092990125 45.5811384884191 5
66.6532977101305 47.0010703766268 2
67.9044684941034 47.6733392915774 2
67.9481515857283 49.0930942048066 5
69.1994667024196 49.7651600960847 4
69.2421099199776 51.1851068920277 0
70.4929800779749 51.8576419753096 0
70.5358138829987 53.2774006073595 4
71.786985323616 53.9497191802451 1
71.8305237795657 55.3693693015703 2
73.081596984639 56.0423401329286 3
73.1247165998224 57.462128271808 0
74.3757851475998 58.1350983181866 0
74.4188141938108 59.5545418810161 3
75.6699822437759 60.2268778343495 5
40.6389072239245 0.896585395631756 1
41.8898171070501 1.56933050180505 2
41.9332133638902 2.98917078297169 5
43.1845619558445 3.66133651676976 2
43.2279965900014 5.08107051796772 1
44.4791721981647 5.75313024568321 3
44.521716196153 7.17308298112393 4
45.7725477296907 7.84549026967663 0
45.8159268976728 9.26519058395403 5
47.0672671109702 9.93744206512653 2
47.1108566905174 11.3572554022847 4
48.3618416868613 12.0302947321496 0
48.4047322745257 13.4500526083335 0
49.655837886223 14.1227421908788 0
49.6989694633069 15.5421913683451 1
50.9500437392856 16.2148709964688 1
50.9931049101852 17.6346523692041 1
52.2440528375236 18.30772817763 1
52.2875580643647 19.7274025088511 4
53.5389625814226 20.399503377764 1
53.5817453618458 21.8192603256364 1
54.8326957923932 22.4914941857755 3
54.8753687153686 23.9114432518466 2
56.126467356438 24.5836430330336 2
56.1701433020394 26.0033694244511 2
57.4214628975799 26.6756404458025 2
57.4645410960383 28.095567729179 0
58.7154787535318 28.7683818584525 0
58.758352931748 30.1880649050847 0
60.0094761616036 30.8605452643576 1
60.0529180079644 32.2800822540015 2
61.3039925903704 32.953020971614 1
61.3472340499894 34.3727925767568 0
62.5982658308696 35.045835634668 4
62.6415413149771 36.4653498102466 4
63.8927853406454 37.1375486990695 1
63.9355713336823 38.5573512436763 1
65.1863848740967 39.2298902297956 2
65.2295580798914 40.6497873177842 1
66.4809015603213 41.3218495461353 2
66.5245638070448 42.7416128103297 5
67.7757532963274 43.4138008757981 0
67.8183248814354 44.833748715828 0
69.0692071442652 45.5062503973621 0
69.1124093360949 46.9258772625438 3
70.3636829572869 47.5982158117308 1
70.4071636654711 49.0179244113638 4
71.6581849039285 49.6909985331024 3
71.7012169249769 51.1107150856073 0
72.9524260937288 51.783381343237 4
72.9953529304163 53.2028358529171 5
74.2464024691807 53.8752786499176 1
74.2892538087203 55.2951273382573 1
75.5401594430397 55.9679492074781 2
75.5836856690355 57.3877413040608 2
76.8350835634853 58.0597636524615 5
76.8780518648734 59.4795830347106 1
78.1290616864258 60.1518035350519 0
43.0976078831931 0.821738418946811 4
44.3486102061154 1.49398553186442 3
44.3922515927469 2.91363567922675 5
45.6435527859769 3.58607464130852 2
45.6869816147668 5.00592818669642 0
46.9379537224314 5.67898684495421 0
46.9809387242774 7.09859298219447 0
48.2321174036396 7.77106413174842 5
48.2753628446221 9.19053941707121 1
49.5263909086184 9.86333563566803 1
49.5695750764581 11.2831594023081 1
50.8205885708833 11.9561150501268 5
50.8641523979436 13.3757568806281 2
52.1154649004845 14.0478549400209 1
52.1580733631828 15.4677300669816 1
53.4088691156674 16.1401753887089 4
53.4517392257258 17.560079750612 2
54.7030279915886 18.2321516315358 5
54.746734505806 19.6518925571593 2
55.9979106953038 20.324396157899 4
56.0407392479368 21.7443297944965 0
57.291699471162 22.417085332459 0
57.3347658958812 23.8366370897906 3
58.5859700716081 24.5090694513882 1
58.6292997472528 25.9286773768111 5
59.8803457996694 26.6016894284629 1
59.9235593660461 28.0214184700341 0
61.1747915526649 28.6940703893395 2
61.2178455292881 30.1136030313571 2
62.4689560789111 30.7858179258413 1
62.5116931406847 32.2057272669607 5
63.762505585197 32.87835471535 2
63.8059493094521 34.298197176946 5
65.05733468895 34.9702439625238 2
65.1006842448171 36.3900826167917 3
66.3517182283473 37.0624816899184 0
66.3943099826769 38.4824010715523 0
67.6452729649193 39.154839651264 0
67.6887727669156 40.5744097853957 1
68.9400320011143 41.2469347864236 2
68.983480018956 42.6666896214582 0
70.2344647446863 43.3398196289229 0
70.277597147215 44.759404737936 0
71.5289037973686 45.4317547901267 2
71.5718747279846 46.8512604633246 1
72.8228558945904 47.5237486131503 5
72.8658072615871 48.9436475200848 1
74.1168360655668 49.6163092754048 5
74.1604684433577 51.0360581906987 2
75.4118117287411 51.7080729000079 5
75.4543993294523 53.1279834181117 3
76.7052527118231 53.8003907134827 0
76.7479422335373 55.2202709732531 4
77.9991130610001 55.892442199199 1
78.0427632257659 57.3121229193016 2
79.2939203199868 57.9848666373513 4
79.3370491057704 59.40473116431 0
80.5880618067759 60.0777119746049 0
45.5570647610035 0.747190240388417 3
46.8082590201662 1.419581127148 5
46.8514531320377 2.83915257596643 5
48.1024608056556 3.51201900144667 1
48.1457916011799 4.93181866822618 3
49.3970113705552 5.6043809471986 2
49.4404228185181 7.02402877459493 2
50.6916279871459 7.69611528528857 1
50.7342395090104 9.11605577971634 5
51.9849939428887 9.78858749580233 4
52.0282530960921 11.2084070003797 2
53.2796083300819 11.8805377132798 2
53.3232309248967 13.3003524420628 4
54.57425530282 13.9731111414479 0
54.6170068396197 15.3929958969499 0
55.8680042702324 16.0656818831464 0
55.9112607261617 17.4851739830568 1
57.1624461412599 18.1577557949623 5
57.2056938059347 19.5774576206958 3
58.4566831437524 20.2505707969413 3
58.4999941409677 21.6702074382617 4
59.7513796800165 22.3424796991537 2
59.7942469697709 23.7620820490377 5
61.0452516973242 24.4343024198768 1
61.0879912007611 25.8542465996108 2
62.3389884159746 26.526680884802 2
62.3825940623549 27.94646335745 2
63.6339565437926 28.6185387085796 2
63.676880182871 30.0384584218469 3
64.927799971463 30.7110154814252 0
64.9704821055567 32.1308501766075 0
66.2215538837724 32.8032409912361 3
66.2651215580269 34.2228317613597 2
67.5162627585201 34.8956555007025 5
67.5595628157702 36.3154361410411 0
68.8105594930815 36.9885419991636 0
68.8537128173876 38.4080196719359 0
70.1049803851478 39.0802702138611 2
70.1479682792668 40.4998940871468 1
71.3988925071578 41.1724777978115 2
71.4420984650795 42.5923625796374 1
72.6933354076967 43.2646908084054 2
72.7369840817348 44.6844171395543 1
73.9882473457665 45.3564346485611 3
74.0307485725144 46.7763836376921 3
75.2815457238502 47.4488468572575 0
75.3245878456592 48.8686078454943 2
76.5758714059688 49.5408167743781 1
76.6194732481611 50.9605675516353 2
77.8705039872917 51.6335576483878 0
77.9134250585902 53.0533761490169 0
79.1645072380665 53.7262078979979 0
79.2075367342647 55.1456510252583 3
80.4586613962258 55.8181685506195 1
80.5016916272214 57.2378862135738 1
81.7526521666882 57.9108698018232 1
81.796096573452 59.3306104868289 4
83.0474839260873 60.0027979484934 2
48.0165098755551 0.672496608642201 1
49.2675847186682 1.34461897726675 3
49.3102186582665 2.76457505543027 2
50.5611290763255 3.43694006260332 4
50.6047140401363 4.85667752060224 2
51.8560736141004 5.52890072757517 2
51.899461417469 6.94878950334888 0
53.1504147550089 7.62167138941934 0
53.1932223476743 9.0414375385758 0
54.4442862541598 9.71402432858324 3
54.4876770083838 11.13351893033 1
55.73878038988 11.8063419650464 1
55.7820317105981 13.2261083508756 3
57.0329940998848 13.8992650919055 3
57.0763988272302 15.3188237052512 4
58.3277531934491 15.9909773354273 2
58.3705307600398 17.4107050858692 1
59.6214095863896 18.0830701504784 5
59.6643127430361 19.5029995704385 2
60.9155494728728 20.1751548941065 2
60.959252046098 21.5949042619345 5
62.2105357924717 22.2670393619277 4
62.2531978986671 23.686989839023 0
63.5040828070595 24.3595684426024 0
63.5470143977188 25.7792636519534 3
64.7982092016962 26.4516122503565 1
64.8416964568288 27.8712565348206 2
66.0927539118364 28.5442677398951 3
66.1358563100589 29.96403350791 0
67.386969183684 30.6369289103329 4
67.4299723111371 32.0563800631947 5
68.6811078259455 32.7287123248044 1
68.7239854292952 34.1484955061964 1
69.9748602136678 34.8212307471803 2
70.0182862617657 36.2410740631654 5
71.2696683708602 36.9131432842816 2
71.3130337516148 38.3329103561369 1
72.5641672703581 39.005023599596 0
72.6067120724684 40.4249732231849 0
73.857592371471 41.0973401857394 0
73.9010550822579 42.5169962520483 5
75.152388359085 43.1893099469253 2
75.1959469065211 44.6091188916296 4
76.446928195477 45.282200227333 0
76.4898730733379 46.7018979534956 0
77.7410315262736 47.37450432138 4
77.7841411124962 48.7939539032746 1
79.0351791771882 49.4666390245726 1
79.0782126827093 50.8864581087472 1
80.3291617755306 51.559478205272 1
80.372719799069 52.9791667559403 2
81.6241034523558 53.6512368225048 1
81.6668060625173 55.0710509824928 1
82.9177092171712 55.7433469816665 0
82.9603839911803 57.1632851580266 2
84.211534109814 57.8354248068515 5
84.2552282455161 59.2551342851633 2
85.5065033886722 59.9275271242555 4
50.4755475865017 0.597444702979674 0
51.7265002552362 1.2703124133656 0
51.7694516534323 2.68992704401815 0
53.0206068658441 3.36238725964968 1
53.0640000298222 4.78192190828011 2
54.3150599565842 5.45486987922662 1
54.3583070439889 6.87464259356531 3
55.6093907919335 7.54757545257082 2
55.6526808303332 8.96711582202782 2
56.9038964706377 9.63930094497619 1
56.9466297093946 11.0591627830379 1
58.1974084308578 11.7317307003957 2
58.240621696984 13.1516147543011 2
59.4919875941167 13.823656420174 5
59.5356213927588 15.2434380587752 5
60.786756414594 15.9157580163932 0
60.8293626248597 17.3356981095419 0
62.0802793143351 18.0082279469985 0
62.1235564052426 19.4278091749889 1
63.3748251127731 20.1002084352722 1
63.4182571183469 21.5199112695902 4
64.6692733814997 22.1929973687021 3
64.7123623867939 23.6126742575158 0
65.9636341076696 24.2852084440219 2
66.0065383171658 25.7046877908253 5
67.2575655983619 26.3770822573398 1
67.3003844643899 27.7969722129965 1
68.5513054245665 28.4697075494087 2
68.594856874155 29.8895021212941 2
69.8462423057443 30.5615150969314 5
69.8891223450385 31.9813751677884 1
71.1400860115011 32.6536807291779 0
71.1826713061255 34.0736031643762 4
72.433715280544 34.7458442226336 3
72.4773629638997 36.1654789052246 1
73.7286163878601 36.8380385494553 2
73.7719977666832 38.2578770741456 0
75.0229797938739 38.9309512115089 0
75.0660173794898 40.3504980616202 0
76.3172333008097 41.0228895712629 5
76.3604312265937 42.4423880620484 1
77.6114382302719 43.1151468614615 1
77.654643582684 44.5349865652996 1
78.9057183203481 45.2077815505333 5
78.9493054762469 46.6274481461896 2
80.2005929026002 47.299523446961 1
80.2431556260734 48.719435661235 1
81.4939242937873 49.391919709474 4
81.5368526083226 50.8117940741706 2
82.7881521805232 51.4838897722757 5
82.8318417468901 52.9036408760459 2
84.0829561208661 53.5763124826523 0
84.1257989281422 54.996227518523 0
85.376786474539 55.6690150639241 0
85.4198875096473 57.088521802596 3
86.6710837411442 57.7609888585403 1
86.7143394275645 59.1806167858434 5
87.965366615816 59.853641035033 1
52.9346104634876 0.523350532532491 0
54.1859075398854 1.19584931643966 2
54.2289546261458 2.61542327959921 2
55.4800490191241 3.28759751706741 1
55.5227615878946 4.70753230559352 5
56.773596889575 5.38009749218229 2
56.8170915024998 6.79991638900889 5
58.0684708772699 7.47199779209353 2
58.1117745712706 8.89186414831453 3
59.3627656885301 9.56439914506424 0
59.4053993492423 10.984289463957 0
60.6563944027139 11.6567670101833 3
60.6998994065014 13.0763182355774 1
61.9511146667321 13.7489518451583 5
61.9945065784482 15.1687027706158 0
63.2454852339674 15.841846067614 3
63.2886871628468 17.2613962637773 0
64.5400235368119 17.9336580538652 2
64.5829598259331 19.3532149346589 1
65.8339178167578 20.0256509539692 5
65.8768825060892 21.4455638576361 1
67.1279815792223 22.1180568761287 2
67.1716389371089 23.5378077516502 2
68.4229663166337 24.2098181565601 5
68.4655213812081 25.6297516758153 3
69.7163619259735 26.302201693981 0
69.7591180961346 27.7220370518334 4
71.010306033776 28.3942488295174 1
71.0539158251433 29.8139334186434 2
72.3050223375777 30.4868016151934 4
72.3481076896106 31.9066400746122 0
73.5991477839058 32.5796084973423 0
73.6421765026376 33.9990624099003 3
74.8933596663169 34.6714464298572 5
74.9364590363164 36.091071937153 1
76.1874370576997 36.7639198528914 1
76.2308117921248 38.1837239103808 3
77.4821028822434 38.856101502839 2
77.5254864685206 40.2757816105358 2
78.7766717700188 40.9478463504618 3
78.8192625881622 42.3677977957744 5
80.070044802298 43.0402815490724 4
80.1133910876196 44.4600562925574 2
81.3647448240139 45.1322368399586 2
81.4083390813466 46.552068496275 4
82.6593303446812 47.2249579855023 0
82.7021251734181 48.6447965984745 0
83.9531534734049 49.3174964177733 0
83.9964003394146 50.7369701111332 1
85.2475392969251 51.409635175083 5
85.2907314107526 52.8293659905721 3
86.5416971794094 53.5025004602947 1
86.5850928563848 54.9221285844567 4
87.8364943431627 55.5943185819291 2
87.8793244900973 57.0139810805965 1
89.1302967477511 57.6862053565838 3
89.173030185085 59.1061535739574 2
90.4240933174433 59.7784699827581 2
55.3937105223843 0.448226852995426 2
56.6450568067621 1.12035082845469 2
56.6879785027003 2.5402835199085 0
57.9388917103196 3.21292384013622 0
57.9816575809888 4.63269909936361 0
59.2327574997676 5.30512110970352 1
59.276288766236 6.72470261161985 2
60.5273937305981 7.39760648537074 5
60.5706451144503 8.81737940491788 0
61.8216614956636 9.49045687146318 4
61.8648272589116 10.9099282933335 4
63.1160762640555 11.5821625295421 2
63.1589911913068 13.0018600682577 1
64.4098772583797 13.6744353127724 2
64.4531119736421 15.0943228285445 1
65.7044146661898 15.7665014558725 2
65.7480454642652 17.1862419198377 1
66.9992788679076 17.8582881794975 3
67.0417899048352 19.2782399093401 0
68.2926150547041 19.9506904663338 0
68.3357668356576 21.3703945890089 5
69.5870610277314 22.0426470937765 1
69.6306266180668 23.4623988556901 2
70.8816412774608 24.1354472326373 0
70.9245803554964 25.5552199011939 0
72.1757080099837 26.2279920188999 4
72.2187045361091 27.6474317627519 1
73.4697896801672 28.3199693177035 1
73.5127469409764 29.7397427078146 1
74.7636837704075 30.4127045954435 1
74.8071759095977 31.8324525304516 2
76.0585799113694 32.5045466360728 5
76.1015527449752 33.9243002455803 1
77.3525886628047 34.5964571356028 3
77.39520050454 36.0164104948822 4
78.6461736598962 36.6886898984688 4
78.6898053775643 38.1083937022832 5
79.9411468142114 38.7806914680892 2
79.9845154326967 40.2005820842576 0
81.2354693159557 40.8735352800033 0
81.278345626506 42.2932336497965 0
82.5294499195515 42.9657885199725 3
82.5728107995636 44.385274953305 1
83.8238808898499 45.0581376363477 1
83.867109193389 46.4779231224622 3
85.118085052341 47.1510358782244 5
85.1615373457037 48.5706097002141 2
86.4128607947556 49.2427565318533 1
86.4555793175129 50.6625530455003 1
87.706410020989 51.3349712688903 4
87.7493396294633 52.7548922677859 2
89.000623587963 53.426980859854 2
89.0443383862383 54.8467292195641 2
90.2955740073861 55.5189787102575 4
90.3382685694495 56.9389272697923 0
91.589173183339 57.6115532163547 0
91.6322020734254 59.0311859168351 3
92.8834138456332 59.7035653263128 1
57.8528233059441 0.373197664012302 2
59.1038723031026 1.04622788740584 3
59.1469938666746 2.46596924100116 0
60.3981633272539 3.13875695077502 4
60.4411528257631 4.55822572768106 5
61.6922602730297 5.23053667006935 1
61.7350798720975 6.65038051878784 5
62.9859338566203 7.32309147818512 2
63.0293880899061 8.74293338720722 5
64.280786322298 9.41495238128726 2
64.3240732398626 10.8347547199265 1
65.5751610239676 11.5069468800097 0
65.617709832516 12.9268891764848 0
66.8686390712437 13.599235443284 0
66.9121595745484 15.0188574866561 5
68.1634734066528 15.6912513955666 2
68.2069923314566 17.1110505547522 4
69.4579746340485 17.7841541139694 0
69.5009820707593 19.2037926946348 0
70.7521967423331 19.8762913148574 4
70.7952810965307 21.2957520647905 1
72.0462929459721 21.9684057440273 5
72.0893178122775 23.3882567250245 1
73.3402928373416 24.0611721079337 5
73.383891065536 25.4808774438907 2
74.6352496092976 26.1529275921838 1
74.677872383058 27.5727914992924 1
75.9287335977641 28.2451491790597 0
75.9714230501626 29.6650689062644 2
77.2226120392331 30.3371828789563 5
77.2663025421537 31.7568855146106 2
78.5175243358927 32.4294199258478 4
78.56058339623 33.8493321738678 0
79.811559070307 34.5222333684433 0
79.8545621292284 35.9417864990063 0
81.1057411228566 36.614224072426 1
81.1490656336882 38.0337702750195 5
82.4001117316374 38.7067135709894 1
82.4433811589585 40.1264860948472 3
83.6945295885039 40.7992726833135 2
83.7378236043711 42.2188469706499 2
84.9890150738269 42.8910078543908 1
85.0317050174963 44.3109135965779 5
86.282462256435 44.983496865944 2
86.3257266567728 46.403359834355 2
87.5770955461111 47.0754264048458 2
87.6206953506756 48.4952300434384 5
88.871770789007 49.1677108280821 0
88.9144173146221 50.587635918905 0
90.165363658516 51.2602089260198 0
90.2086905226522 52.679753233006 1
91.4599357201104 53.3522350810277 2
91.5033169497591 54.7719375548108 4
92.754319684531 55.4450452697325 3
92.7974873187999 56.864685365032 0
94.048812744486 57.5370930940474 2
94.0917034477695 58.9566094355758 5
95.3427095835172 59.6289499095429 1
60.3114914553001 0.298861392301957 2
61.5624502190767 0.971483891454761 2
61.6060408275762 2.39127314116197 2
62.8574135131938 3.06329082697905 5
62.9002353298679 4.4831835426572 3
64.1511653504814 5.15557150026046 0
64.1937824427858 6.57546431234935 4
65.4448628634907 7.24771963030375 3
65.4884926451888 8.66734633065737 2
66.7396979085912 9.34002344235628 2
66.7830172566721 10.7598455761629 0
68.0340129588089 11.4329196712923 0
68.0770826165301 12.8524208014921 0
69.3283198161702 13.5247498908149 5
69.3714521744016 14.9442899948266 5
70.6224355454353 15.6170057454908 2
70.6656717403747 17.0368575633085 1
71.9168226621052 17.7094627059158 2
71.9604191386407 19.1291512731968 2
73.2116875432886 19.8011981070925 1
73.2542195292061 21.2211339511006 3
74.504981265325 21.8936265136184 0
74.5479883213826 23.31345968129 2
75.7992940668605 23.9855951907646 1
75.8429569907018 25.405360565228 2
77.0940195086406 26.0781838113102 0
77.1368718935703 27.4980689963585 0
78.3878911179 28.1708709130015 0
78.430996868323 29.5903456471372 3
79.6821716275365 30.2628551314297 1
79.7253448657629 31.6825172890788 5
80.9763483022289 32.3555538198925 1
81.0196895832258 33.7752594743098 4
82.2710421819467 34.4476104355707 2
82.3140608835614 35.8672318676208 2
83.5651368014489 36.539378602034 1
83.6078224550436 37.9593281545319 2
84.858700949334 38.6318084072056 2
84.9022456149531 40.0515994390406 2
86.1536161479285 40.72372667783 2
86.1968838622059 42.1436163491356 3
87.447841739237 42.816283440431 0
87.4905298261376 44.2361311278349 0
88.7415505894648 44.9086526612499 3
88.7850408965145 46.3281893993096 1
90.0362038377874 47.0009367576788 5
90.0795425662009 48.4206898818131 0
91.33051224019 49.0938492756517 3
91.3737791863939 50.5133780897616 4
92.6251203889553 51.1855882898198 2
92.6680150338828 52.6052086693133 5
93.9189384459726 53.2776242106105 5
93.9619236786212 54.69754291394 1
95.213095437671 55.3698765395205 2
95.2567780721212 56.7896251990174 5
96.5080823572465 57.4616558198114 4
96.5506378215413 58.8816013075469 3
97.8014741183584 59.5540914295511 0
62.7703101017498 0.223864273025546 4
64.0215152994171 0.896121049493104 1
64.0650949797055 2.31580492987299 2
65.3161694441494 2.9887588402081 3
65.3592300771328 4.40856565398939 0
66.6103116325421 5.08148587529251 0
66.6533157917698 6.50092447381368 3
67.9044831667329 7.17329571703498 5
67.9474795009152 8.59298718955425 1
69.1984248282802 9.26581681450864 1
69.2418357239664 10.6856268288476 5
70.4931837618516 11.3578454963697 2
70.5365114237738 12.7775601618896 1
71.7876687785707 13.4496276004217 3
71.8302422914233 14.8695826776371 4
73.0810694421675 15.5420011910977 4
73.124502783933 16.9617287079581 2
74.3758554248568 17.6339600688151 2
74.4194234884272 19.0538011647212 4
75.6703986602983 19.72678393114 0
75.7132421003742 21.1465653224267 0
76.9643106385861 21.8192439791302 0
77.007537894882 23.2387062851509 1
78.2586325900755 23.9114331213613 1
78.3017787736686 25.3311978209258 3
79.5527302526402 26.0043294551335 1
79.5961990384074 27.4239609526195 4
80.8475983482965 28.0960939306208 2
80.8903713810368 29.515820935241 1
82.1413047301533 30.1880772344224 3
82.1840324362706 31.6080239858078 2
83.4351625099049 32.2802346060722 2
83.4788404035959 33.6999782319337 2
84.7301613624535 34.3721761886151 4
84.7730841021698 35.7921151827004 0
86.0240027744628 36.4648261288061 0
86.06685103701 37.8845361969383 0
87.3179793609897 38.5569762467802 1
87.3614602825791 39.9765491983766 2
88.6125378083569 40.6495075323384 1
88.6557550974728 42.0692757060088 0
89.9067994656092 42.7423038891133 4
89.949968950871 44.1617849463703 4
91.2011835817734 44.834022713034 1
91.2440298341511 46.2537944478533 1
92.4948703708696 46.9263884665738 2
92.5381385969317 48.3462737169728 1
93.7894853169084 49.0183576004347 2
93.8330878810078 50.438116750742 5
95.084276719135 51.1102364528983 0
95.1268106408909 52.5301857265363 0
96.3776691614438 53.2026348614753 0
96.420925944357 54.6222852772611 5
97.6722221920678 55.2945928595464 1
97.7157521823057 56.7143386046387 4
98.9667547683807 57.3874257747093 0
99.0097348195015 58.8071499019563 0
100.260906441249 59.4798385930624 4
65.229882546273 0.149275775002017 3
66.4809377050496 0.821804086628856 1
66.523858227657 2.24162491053677 1
67.7747973795748 2.91451522343512 1
67.818329222378 4.33426841530235 2
69.0697519388509 5.00626945245771 5
69.1126116186955 6.42607727262671 1
70.3636026908534 7.09829008528303 0
70.4061924710633 8.51823692362836 4
71.6572216190957 9.19045719455571 4
71.7008791127818 10.6101359267084 5
72.952186627013 11.2825356895416 2
72.9955285411298 12.7024205849107 0
74.246490879935 13.3754215357981 0
74.2894332457224 14.795050813977 0
75.5405798382333 15.4675496566979 3
75.5839041634225 16.8870362254463 1
76.8349514830587 17.5599023697189 1
76.8781772762257 18.9797040630377 3
78.1291901511656 19.6527198976915 5
78.1726761485823 21.0723177798796 2
79.4239688042654 21.7444539002854 1
79.4666294078198 23.1643094622651 1
80.7174186334513 23.8367815073584 4
80.7603850409818 25.2566874788306 2
82.0117002339964 25.9287499096851 5
82.0554117649054 27.3485036332215 2
83.3065918817183 28.0208985843615 0
83.3493178090233 29.4408409463635 0
84.600250307088 30.1135085557979 0
84.6433520815407 31.5330861214392 3
85.8945744513202 32.2054971242093 1
85.9379512839284 33.6251341870654 2
87.1889937404871 34.2981726739703 3
87.2321466696161 35.7178906835562 0
88.483378995772 36.3905471889212 2
88.5263486333574 37.8100458981819 5
89.7774299616258 38.482325213047 1
89.8202007817095 39.9022172034769 5
91.0710462869456 40.5748940810143 2
91.1145284804221 41.9947296833471 5
92.3659188326311 42.6667564941763 2
92.4091339166822 44.0865937960327 1
93.6601658218975 44.7589048615466 0
93.7027353860292 46.1788322396495 0
94.9537029350282 46.8511926779447 3
94.9972615858707 48.2707893066022 1
96.2485375756069 48.9432900233934 2
96.2920119924041 50.3630761474943 0
97.5429923618664 51.0361978419299 0
97.5860680164852 52.4557814507333 0
98.837329271979 53.1281750380375 2
98.8803832842777 54.5476605456332 1
100.131369380684 55.2202672336217 5
100.174401315019 56.6401418538546 1
101.425417136728 57.3129225801023 5
101.469040082719 58.7326412052225 2
102.720350819998 59.4046970811905 1
67.6889758133641 0.0745873905707222 1
68.939829535795 0.746976550217139 0
68.9825500830558 2.16685510786099 2
70.2338118333043 2.83888612621757 1
70.2774474458697 4.25860177717875 2
71.52860415609 4.93129808327607 4
71.5716262852191 6.35119517246054 0
72.8226244004101 7.02412238965423 0
72.8656519608152 8.44362661127387 3
74.1168371061272 9.11605736808779 1
74.1600789156104 10.5356323034171 5
75.4111051987162 11.208569608643 1
75.454415167296 12.6283414998356 3
76.7056353126234 13.3009568662173 2
76.7489251943763 14.7205680833612 2
78.0000992814682 15.3926948743562 1
78.0427581692644 16.8126287584248 5
79.2935188065622 17.4851928416482 4
79.3368481614665 18.9050257641283 2
80.5882154706691 19.5771330917381 2
80.6317787849032 20.9969603006418 4
81.8828046066469 21.6695996365503 0
81.9254933089759 23.0894991327641 0
83.1764700995259 23.7621121496094 0
83.2198160335048 25.1816289519511 1
84.4710267913214 25.8542017471289 5
84.5143519997934 27.2739131824386 3
85.765339699448 27.9470431212223 3
85.8085918057385 29.3666553273526 0
87.0599606795715 30.0389496107056 1
87.1028272729119 31.4585163421145 5
88.353815994613 32.1308066533165 1
88.3966135557801 33.5507400947967 2
89.6476303782933 34.2232290817538 1
89.6912436235129 35.6430097469277 2
90.9426007370749 36.3150482879264 2
90.985376516902 37.734968358572 3
92.2362775513774 38.4074474276664 0
92.2789447633755 39.827300096452 4
23.3819781748649 40.4996097830882 3
93.5736418500833 41.9192332157799 2
24.6767247053895 42.59204284013 1
94.8680537770457 44.0118467304264 0
25.9709974009972 44.684918820457 0
96.1621534317195 46.1043884604185 0
27.2653258326636 46.7766860209205 5
97.4564504544816 48.1962833368718 1
28.5593381036827 48.8689679259476 2
98.7506760005885 50.2888274312002 1
29.8538400446687 50.961243020612 2
100.045494248164 52.3809499650967 1
31.1486767352214 53.0529830750422 2
101.339255734919 54.4729314622583 3
32.4419605864869 55.1454185804371 0
102.633122819082 56.5652022708679 3
33.7363574126706 57.2374108666247 1
103.928021358759 58.6571902406008 2
35.03089 59.330263 0
