x           y           stackinginfo
0.0 0.0 0
1.355386 0.424803 0
1.66495025276844 1.81081660800891 3
3.02040862179398 2.23554186512151 1
3.33026540129606 3.62158066556039 1
4.68558652570224 4.04700269095051 1
4.99559994063616 5.43322376184404 3
6.35102601940306 5.85836271172466 2
6.66123061882791 7.24435278586068 2
8.01681027513921 7.66850527012347 1
8.32594781595999 9.05493092649991 1
9.68105189012425 9.47961272453677 3
9.99030129141331 10.8661314498185 2
11.3456303601126 11.2905777438216 2
11.656091453648 12.6766403668847 2
13.0117017483944 13.1010150632327 2
13.3217702758152 14.487316783329 4
14.6770522121317 14.9125798375358 0
14.9863679467157 16.298962302126 0
16.3417084329535 16.7238823755333 0
16.6515775348949 18.1098037805261 1
18.0070642797181 18.5345987167528 1
18.3170519145494 19.9206791105557 5
19.6723818718708 20.3462654657742 1
19.9823953064083 21.7324136547726 0
21.3379177212098 22.1573688933981 2
21.6477670208277 23.5433474042106 2
23.0032556037703 23.9676027578362 1
23.3124460918403 25.3540390554691 1
24.6675150616602 25.7788851989856 4
24.9771108432792 27.1653088597559 2
26.3325881335209 27.589637744391 2
26.643134390157 28.9757069403383 2
27.9986908120681 29.4000550778803 2
28.3082709592716 30.7864997670499 0
29.6634808907322 31.2116030062861 0
29.9727424185481 32.5979833646536 0
31.3280923464484 33.0226997990942 3
31.6382581911927 34.4086147489965 1
32.9937603264823 34.8335758517765 5
33.3038862272271 36.2197018629314 3
34.6592016505542 36.6454081336344 3
34.9691220877945 38.0314988979555 0
36.3246974604265 38.4562733498175 2
36.6342641695228 39.8422549562685 5
37.9896334547581 40.2667018275087 1
38.2989561798064 41.6531216382918 5
39.6540549661633 42.0781704948891 2
39.9640500449779 43.4644779905098 5
41.3196265836096 43.88871510459 2
41.6301008953607 45.2748033693502 5
42.9855868824169 45.6990992750263 4
43.2947479164844 47.0856464125792 0
44.6498760481873 47.5106004489686 0
44.9592281271536 48.896940913192 4
46.3146296603963 49.3214694127771 1
46.6250127565311 50.7074163644868 2
47.9804965030529 51.1325289277384 5
48.2906375053137 52.5187140741315 0
49.6459538776332 52.9444232894723 0
49.9557339686433 54.3304656490231 0
51.3113069739254 54.7550971242562 2
51.620855496949 56.1410644852244 1
52.9761606884713 56.5657692346535 1
53.285637595457 57.9521566431587 1
54.64081198086 58.3773990448504 2
54.9510718567249 59.763592799138 5
56.3067050842603 60.1877624102305 2
56.6168351704206 61.5739139791932 1
57.9722536910654 61.9981882692949 3
58.2812367821876 63.3847783277022 3
59.6363155722929 63.8096152648633 0
59.9459083250829 65.1958793297715 4
61.3014041878588 65.6202589279812 1
61.6118841066315 67.0062713595113 1
62.9673223571266 67.4314897232627 1
24.2034145769409 1.13990933094642 0
25.5587461198405 1.56548404270841 0
25.8683695241798 2.9514995022134 0
27.2238956598784 3.37606874002311 5
27.5336154332445 4.76201013621049 1
28.8889261271165 5.18700444313333 1
29.1986268665489 6.57333197454722 1
30.5538822344307 6.99871093355269 1
30.8642281260415 8.38479875694955 2
32.2198747200105 8.80893939834802 5
32.5295116709027 10.1951824602759 1
33.8848315858947 10.6195289944988 3
34.1938269613074 12.0061214743604 4
35.5489211693982 12.4308609088666 4
35.8588682277746 13.8170393170012 2
37.2144591181913 14.2413361213332 1
37.5249502497719 15.6274265994675 2
38.880332566679 16.0526707505773 0
39.1899253547826 17.4390524469459 0
40.545257297021 17.8643823872275 0
40.854835901833 19.2503822241679 3
42.2103251045596 19.6749641304637 1
42.5202365919208 21.060903863962 5
43.8755828848132 21.4861598514748 1
44.1855192879328 22.8724060210533 3
45.5408498978457 23.2978081820893 5
45.8511479018956 24.683802549418 2
47.2067831843916 25.1079540979663 1
47.51607449166 26.4942687256891 1
48.8712722563383 26.9187696584577 3
49.1803895162314 28.3053342015832 2
50.5355738576472 28.7299817867187 2
50.8458562512202 30.1161021234639 2
52.2014896200309 30.5403733103063 2
52.5118155218911 31.9265698829345 4
53.8671399924597 32.3517433378759 0
54.1764758551085 33.7381868111943 0
55.5317744769572 34.1632639450597 0
55.8414791895961 35.5492425285296 3
57.1969723160107 35.9738908674891 1
57.507007006767 37.3598820867076 5
58.8623654896934 37.7853476183702 1
59.1723818375777 39.1715332337861 3
60.5278003088261 39.5968224776221 2
60.8378532582776 40.9827688808505 2
62.1934341088994 41.4069798014218 1
62.5026518663413 42.7933261555805 1
63.8577720990459 43.2180072471428 5
64.1671164209237 44.6045104019983 2
65.5224477529296 45.0290562555625 2
65.8329163235993 46.4151527688536 2
67.188534173527 46.839395958037 2
67.4984397798891 48.2257343255537 4
68.8536996224518 48.6507731919267 0
69.1628891838799 50.0372399756174 0
70.5181757395984 50.4620845266819 0
70.8281642802986 51.8480345732737 1
72.1836879993608 52.2727838452429 1
72.49383892622 53.6588488440361 5
73.8491798228328 54.0844756697469 3
74.1591131958821 55.4706315110187 0
75.5146098418416 55.8957351691588 4
75.8243380414044 57.2816753470017 2
77.1798115521263 57.7060315237823 1
77.4891354021917 59.0923757522352 1
78.8442475226887 59.5172890487978 2
79.1539599423443 60.9036899688018 1
80.5094248704325 61.3281405093422 2
80.819951098422 62.7142195401382 2
82.1755142602065 63.1384175166123 2
82.4849105784695 64.5248892153124 3
83.8400822974857 64.9498117366768 0
84.1492725376281 66.3362617697314 0
85.5045894855453 66.7608796426505 3
46.7410406168973 0.468959682473655 1
48.0965791105052 0.893822435510488 2
48.4068171584892 2.27995868045109 4
49.7621344244245 2.70566724733818 3
50.0719269583369 4.09179522642868 0
51.4274570273925 4.51670421002697 4
51.7370226805465 5.90264276313205 5
53.0923968784505 6.32722664759924 1
53.4018568517928 7.71355477982532 1
54.757014547507 8.13873831092287 2
55.0670822139099 9.52501658306082 5
56.4226431369275 9.94938476635808 2
56.7330322619915 11.3354665637302 5
58.0885363344045 11.759629695774 3
58.3976022545716 13.1461828789083 3
59.7526924490811 13.5710305252066 0
60.0620211542909 14.9574259193557 4
61.4174240397452 15.3818365249649 1
61.7278867852643 16.7678085796776 2
63.0834004261174 17.192770720794 2
63.3935296240859 18.5790025134466 0
64.7488444051678 19.0046541412115 0
65.0584746402592 20.3907562524529 0
66.4139922470811 20.8154927142166 4
66.7236436114967 22.2014114891705 1
68.078989388419 22.6262561288121 1
68.388598990678 24.012558822538 1
69.7438226406676 24.4379682772184 1
70.0540611664536 25.8241277560176 5
71.40968475247 26.2484169267056 2
71.7196772336867 27.6345491548476 1
73.0751089984764 28.0587489894901 3
73.384096482218 29.4453307269233 3
74.7391483305346 29.8701475647513 0
75.0487655509235 31.2564566651175 2
76.4042859315321 31.6807280394934 5
76.7148106415545 33.0667596886501 2
78.0702696180593 33.4917819565284 4
78.3800638922772 34.8781385308831 0
79.7353740074114 35.303606045155 0
80.0448931076314 36.6896913857572 0
81.4003787488405 37.1143269431818 3
81.710245597619 38.5002244851303 1
83.0656112759624 38.925330197208 1
83.3754443524014 40.3115818679331 1
84.7307221481472 40.737120931779 1
85.0409886865286 42.1231673858171 2
86.3966386084228 42.5474089060935 2
86.7061900327449 43.9336040137111 1
88.0615037556339 44.3579355700981 3
88.3705710215188 45.7445086347869 5
89.7256484252088 46.1693141743415 4
90.0356573343669 47.5555311930163 2
91.3912676407303 47.9797465828958 5
91.7017575726921 49.3658523615968 2
93.0571448388249 49.7908703486896 0
93.3665752053631 51.1773321827455 0
94.7218487014191 51.6025588129278 0
95.0314041613899 52.98862404003 3
96.3868811475657 53.4132351174455 1
96.6969472953679 54.7991527701998 5
98.0523300748308 55.2244863636165 1
98.3623333854891 56.6106850636868 3
99.7176665238979 57.0362237494737 5
100.027826783536 58.4221821761694 4
101.383464399359 58.8464157153347 2
101.692778643581 60.2326523794721 1
103.047976909627 60.6571658701014 1
103.357184599207 62.0437059292136 2
104.712366861763 62.4684711562623 2
105.022684451984 63.8546239934755 2
106.378322603977 64.2788136630237 2
106.688541685688 65.6650343347325 4
108.043857734497 66.0899649925881 0
108.353043352158 67.4764810079531 3
70.6344400341914 0.223616759293633 0
70.9442243595325 1.60963936718991 3
72.2997342130022 2.03426490764623 1
72.6099441032474 3.42025076009222 2
73.9653197661082 3.84575451479733 1
74.2753196386338 5.23193189757237 0
75.6307326989214 5.65732089645561 4
75.9406309176576 7.04324115221673 4
77.2962078792438 7.46751270871788 2
77.6055395945028 8.85376143227361 1
78.9606943830055 9.2784963652195 5
79.270151966941 10.6649707736219 2
80.6254766451935 11.089672403184 2
80.9359366956893 12.4757861485648 2
82.2915573751181 12.8999277061828 2
82.6012760733739 14.2862919397976 3
83.9565194926691 14.71110965755 0
84.2656027737513 16.0976399615492 0
85.6208401872266 16.522386678858 0
85.9309149694792 17.908374867505 1
87.2864705127632 18.333038264632 2
87.5967616248304 19.7191166116044 4
88.9521032314363 20.1447513509351 3
89.2619406318912 21.5309400739795 0
90.6174040311376 21.9561525613902 4
90.9270563822201 23.3420722772432 1
14.134856893558 23.7665368678515 5
92.5919985780391 25.1527714556154 1
15.799508628608 25.5778052215095 2
16.1093369957398 26.9641674283873 1
17.4647812689324 27.3888093665499 2
17.7752646078745 28.7748818048342 2
19.1308356733585 29.1989881902119 5
19.4400826250106 30.5854686210698 3
20.7952274017488 31.0102463747693 0
21.1043710328995 32.3967447197901 4
22.4596701891567 32.8212522036046 3
22.770023926873 34.2072242415664 5
24.1255958852831 34.6319406822084 2
24.4358878364295 36.018109761649 4
25.7912058329369 36.4437579065645 0
26.1008610416295 37.8299438691786 0
27.4563386181739 38.2549386255401 4
27.7659462558404 39.6408532194057 1
29.1213444659777 40.0655456014745 1
29.4309451893601 41.4517762013791 1
30.7861695038844 41.8771072287852 1
31.0962635376016 43.2633468856205 5
32.451804680851 43.6879070253785 2
32.7620775209452 45.073972786527 2
34.1175954021699 45.4980924801113 1
34.4266268893229 46.8846351606345 3
35.7816934509516 47.3094325474012 0
36.0910243266121 48.6958670338468 2
37.4464407070446 49.1201857822968 5
37.7569426891277 50.5061849351944 2
39.1124824316975 50.93095915639 2
39.4225312830546 52.3172513451582 0
40.7778360416061 52.7427821689025 0
41.0873302867735 54.1289635252514 0
42.4427915734086 54.553755707143 3
42.7525575030207 55.9396519556711 1
44.1079561251398 56.3645707438189 1
44.4177089035815 57.75079080316 1
45.7729820395739 58.1763198791291 1
46.083165072567 59.5624414225865 4
47.4387811184211 59.9868846277279 2
47.7486505430174 61.3729774026514 2
49.1040822032248 61.7971795146881 1
49.4131428558964 63.1837313071825 5
50.7681797747714 63.6085827467866 4
51.0778758415854 64.9949167604562 2
52.4334182726349 65.4191301489813 5
52.7439711540811 66.805177128293 5
54.099443531724 67.2299811121277 3
15.3352487554329 0.938546113747213 0
16.6905150249126 1.36388140000307 0
16.9999576157071 2.75005070037701 0
18.3554041124919 3.17472617520106 3
18.6654233992298 4.56061337108115 1
20.0208351579169 4.98577806220567 1
20.3307878963491 6.37197071271958 3
21.6860841542697 6.79761322187543 1
21.996232570388 8.18363225131974 4
23.3518791854207 8.60799637845632 2
23.6613748770662 9.99412704445795 2
25.0166771966595 10.4184939341036 1
25.3258419965206 11.8050317842804 5
26.6809203623688 12.2299301103095 2
26.9910027624868 13.6161688142234 2
28.3466260959573 14.040328483752 2
28.6570798281532 15.4264488334542 2
30.0124738657545 15.8512114622822 0
30.3217378285208 17.2377356455794 0
31.6769447405947 17.6628487662656 0
31.9864907202574 19.0489869073664 3
33.3419564925258 19.4735931822986 1
33.6521753748194 20.8595232501597 2
35.00758048796 21.2848912706748 1
35.3176264289842 22.6710703723504 3
36.6729620427599 23.0966901795632 4
36.9829647453655 24.482636657776 4
38.338589907301 24.9069673620817 2
38.6479757422727 26.2931104976834 5
40.0031904435185 26.7176895196112 1
40.3125138931018 28.1041887363902 2
41.6677050527955 28.5290993476877 2
41.9780502427486 29.9152654334112 2
43.3336956505439 30.3393805487929 2
43.6437735867879 31.7256195114964 5
44.9990988398149 32.1502881816755 0
45.3081502126307 33.536856773548 0
46.6633241986825 33.9617410697677 0
46.9731254048738 35.3478246815465 3
48.3286509153592 35.7723813337547 1
48.6389798570812 37.1583965056659 2
49.9943578573102 37.5839083299561 3
50.3042957934412 38.9701151257012 0
51.6596865340049 39.3955898973417 4
51.9694548989069 40.7815104799658 4
53.3250035623348 41.2059032584118 2
53.6345014117327 42.5920341707121 1
54.9897062347643 43.0168942194436 5
55.2993120254657 44.4033154235749 1
56.6546278741273 44.8282231396574 2
56.9650810845656 46.2143256999262 2
58.320704386879 46.638404320019 2
58.630253679502 48.0247744771654 1
59.9854905361403 48.4494033269907 0
60.2945151740153 49.8359691014495 0
61.6497161382465 50.2606188043192 0
61.9598421845221 51.6466466612774 5
63.3154266348808 52.0711834824008 2
63.6258146461426 53.4572871319943 4
64.9811566386713 53.8828621847536 0
65.2908758934807 55.2691056330658 0
66.6463021887692 55.6943616406729 0
66.9559261217714 57.0802792599354 3
68.3113904242731 57.5048320731916 5
68.6210351086468 58.8909565916958 1
69.9762775256256 59.3161393672122 2
70.2861993264707 60.7024485603483 1
71.6416221407329 61.1273281970498 2
71.9520370294752 62.513376162647 2
73.307618460421 62.9374616725601 5
73.6167834844908 64.3239285460484 1
74.9719128124608 64.7486173296233 0
75.2810488965681 66.1351427010455 4
76.6363409522835 66.559587198107 4
37.8729019304278 0.267733376881164 5
39.2285003777966 0.692288132379002 2
39.5387797371037 2.07849917744839 4
40.8940937597424 2.50402271048314 0
41.2036138695578 3.89028478667133 0
42.5590323090979 4.31530379755825 0
42.868714250493 5.70121232532541 1
44.2241482993955 6.1259611724041 1
44.5339031611019 7.5121029918134 1
45.8891871509585 7.93755514016226 1
46.199272227134 9.32375306021525 3
47.5547944454503 9.7485222488915 2
47.8649296939163 11.1345552609017 2
49.2204534929942 11.5586959101303 1
49.5295162785828 12.945205839623 1
50.8845742166997 13.3699904136646 4
51.1939592770708 14.7564425933647 2
52.5493928072576 15.1807331919771 5
52.8599212364817 16.566761102853 2
54.2154806572605 16.991340109507 2
54.5254038065889 18.3776897198775 0
55.8806822464738 18.8030619949355 0
56.1900697237153 20.1893320924987 0
57.5454756908056 20.6141421460857 3
57.855385536167 22.0000339742176 1
59.2108314416404 22.4249875473824 1
59.5207375879714 23.8111424643606 1
60.8760389403814 24.2367647247831 1
61.1861253063022 25.6228654198437 4
62.5417253622315 26.0474833524332 2
62.8514606858373 27.4335299955157 2
64.2068780740578 27.8577895676894 1
64.5160218846757 29.24429990623 5
65.8710654522303 29.6691991246265 4
66.1808423891238 31.055545931881 2
67.5364030573406 31.4797417228602 2
67.8469572418567 32.8658076264766 2
69.2024437685954 33.2903769336275 4
69.5119038868022 34.6768604551351 0
70.8671169127281 35.1020438610653 0
71.1764973435428 36.488301001896 0
72.5319103373348 36.912968291905 3
72.8420858777884 38.2988701777108 1
74.1975354856882 38.7240362802993 5
74.5075973440578 40.1101961265559 3
75.8629054098131 40.5358967789543 3
76.1729137924611 41.9219132902977 4
77.5285412628831 42.3464086183269 2
77.8380195566265 43.7324667161848 5
79.1933162188883 44.1569240204024 1
79.5025912721513 45.5434106399559 5
80.8576919515155 45.9684240188087 2
81.1678449491019 47.3546669462566 5
82.5234729487902 47.7788002882027 2
82.8338500521835 49.164932763601 5
84.1892593044598 49.5894429935769 0
84.4983747240277 50.9760077352434 0
85.8535190635033 51.4009989277254 0
86.163053798172 52.7872081802378 4
87.5185139279071 53.2117583056454 1
87.828864096734 54.5977176184501 2
89.184287219343 55.0230596193633 5
89.4943417312341 56.4092527797478 0
90.8496750181904 56.8349108525812 0
91.15951638536 58.2208745238184 0
92.515110421211 58.6453195990782 2
92.8246088909441 60.0313664652068 1
94.1798550134535 60.4560837785233 1
94.489312500743 61.8425252601458 1
95.8445175698998 62.267625186894 2
96.1548749190932 63.6537813432559 2
97.5105219506424 64.0778699286357 2
97.8204476851957 65.4641130286467 1
99.1757849159115 65.8885751006948 0
99.4847637818707 67.2751687234733 1
61.7660570350187 0.0221035058359542 0
62.0758790566384 1.40823955271072 5
63.4314214851106 1.83269257770986 1
63.7418548216231 3.21873444644035 2
65.0972393204139 3.64417615374823 3
65.4070902251362 5.03043542348947 0
66.7624627014792 5.45591436841526 0
67.0721326851268 6.84185641523757 0
68.4276572930318 7.26634082215105 5
68.7373265392646 8.65236548639665 1
70.0925933310304 9.07738381368285 5
70.4023405032202 10.4637377255337 1
71.7576522032944 10.8888803772217 5
72.0680734354898 12.2749509951062 2
73.4237034816318 12.6990243385918 5
73.733126911921 14.0853803954692 1
75.0883614882452 14.5098888460255 0
75.3973763804015 15.8964700241293 4
76.7525517093104 16.3210794847797 4
77.0627085792594 17.7071535689358 5
78.4183170312514 18.1315605819803 2
78.7287384388373 19.5176947462793 4
80.0840806339708 19.9431413564263 0
80.3936561785231 21.3294638389185 0
81.7490373643124 21.7546959990186 0
82.058661278064 23.1406331294135 3
83.4141345271021 23.5652399619435 1
83.7239424189664 24.951276348202 1
85.0792484604004 25.3765901331156 1
85.3892296247486 26.7628427446088 1
86.744635887848 27.1879517675813 2
87.0549447325898 28.5739601112955 2
88.410537915685 28.9980764018966 1
88.7196888756313 30.3845056021012 1
90.0748129223406 30.8091513026864 3
90.3839852078562 32.195686881041 2
91.7392764963883 32.6201470961553 2
92.0496926815577 34.0061984356321 2
93.4053082728062 34.4306065343907 2
93.7155087379688 35.8168615207515 4
95.0708094243106 36.2422112615845 0
95.3801945658539 37.6285652844936 0
96.7355524993813 38.0535542065412 0
97.0453269937511 39.4394751465404 1
98.4007994414484 39.8642336342825 1
98.710713053248 41.2503120154679 5
100.066038037795 41.6758417155153 1
100.376079188711 43.0620096309057 3
101.731584967381 43.4869685081082 2
102.041564877398 44.872958267939 2
103.397083991673 45.2971599623747 1
103.706221641013 46.6836150986214 1
105.061287959048 47.1084098765233 1
105.37075868522 48.494863249725 2
28.5785385702238 48.919199134679 2
107.03673744606 50.3052598708805 2
30.2446448245173 50.7296602130629 2
30.5543965498721 52.1160611743651 2
31.9096362364917 52.5412543218865 0
32.2189201867972 53.9276178071964 0
33.5742757974944 54.3524005449382 3
33.8843323541468 55.7383091749822 1
35.23982238969 56.1632442971573 5
35.549876500212 57.5493649793966 3
36.9051923025941 57.9750456647299 3
37.2151618819765 59.3611494369049 0
38.5707358927844 59.7859359604673 2
38.8803555860622 61.1719362061644 2
40.2357552902227 61.5963013378601 1
40.5449814792454 62.9827636199046 5
41.9000882359525 63.4076406492989 2
42.2099837328573 64.7939646386849 2
43.5655572160591 65.2181852021811 2
43.8761681060723 66.6042413547112 2
45.2316494667245 67.0286244852738 2
6.46710119834421 0.737282263657461 0
7.82225233144722 1.16232504991832 0
8.13157456921258 2.54866171646531 0
9.48695763955303 2.97327143040622 3
9.79726789168655 4.35919963971661 1
11.1527477328819 4.78431211770949 5
11.4628900566262 6.17047384794447 0
12.8182005972419 6.59620353277609 3
13.1280562850276 7.98224643881155 0
14.483644439731 8.40688091771458 2
14.7931537066342 9.79287022013559 5
16.1484595354426 10.2174720736454 1
16.4578575985162 11.6038904050198 5
17.8129976065787 12.0290507799612 2
18.123200195866 13.4152795383556 5
19.4788248521496 13.8394445401524 2
19.7890911933571 15.2255788999132 5
21.1445222578102 15.6498894587784 3
21.4535397223125 17.0364727661001 0
22.8086353778319 17.4613568940841 0
23.1181557954975 18.847628872329 4
24.4736223671724 19.2720712519017 1
24.7840679710509 20.6580597229601 2
26.1395130978743 21.0832966395578 4
26.4495284667025 22.4695362865546 0
27.8048576804108 22.8951742254465 0
28.1145486040241 24.2811810297449 0
29.4700999113376 24.7057346794408 5
29.7797336176203 26.0916990466895 1
31.1350253696662 26.516582886182 1
31.4446253297606 27.9029498046661 1
32.7998546770248 28.328253624881 1
33.1101985468958 29.7143782392499 2
34.4658454659191 30.1385016532415 5
34.7756317600892 31.5247297156291 1
36.1309800695444 31.9490646670807 3
36.439949421258 33.3356623658534 4
37.795040843723 33.760420445247 0
38.104882733594 35.1466077653312 2
39.4604482254426 35.5709423846531 1
39.7709361080193 36.957008167402 2
41.1263313309809 37.382299375987 4
41.4360416311321 38.7686379512798 0
42.7913875897606 39.1940544440314 0
43.1009748259585 40.5800441115856 0
44.4564758123707 41.0046004556955 1
44.7663034512904 42.3905499339344 1
46.1216291440473 42.8157137980089 1
46.4314895574546 44.2019971259039 1
47.7868006114317 44.6273587410395 5
48.0971507238783 46.0133850339787 2
49.4527897686414 46.4375100817681 5
49.7621495705228 47.8238247164344 1
51.117378719229 48.2482852650271 3
51.4264407429904 49.6348622675533 4
52.781599105587 50.0595113065655 4
53.0917989686574 51.4456309021902 2
54.447425233688 51.8699287859581 2
54.7578319142096 53.2560881015074 4
56.1131719955472 53.6813441766466 0
56.422602995639 55.0677541213511 0
57.7779263445764 55.4929132397462 0
58.0875767140834 56.878885839865 3
59.4430620063959 57.3035136581444 1
59.753032662347 58.6894944196608 5
61.1083828584951 59.1148975076226 1
61.4183968787814 60.5011023824495 3
62.7737933644085 60.9263950298842 2
63.0839641572066 62.3123579280152 2
64.4395631785863 62.7365329004681 1
64.7487587312501 64.1228955979927 1
66.1038870183555 64.5475297254024 3
66.4131370337153 65.9340569387923 2
67.7684288081223 66.3586023031644 2
29.0050311768825 0.0668329782715675 2
30.3606547986943 0.491116215138762 2
30.6707231189033 1.87740954821569 4
32.0260045291927 2.30254365005948 0
32.3352517725137 3.68898802609398 0
33.6905510041563 4.11391221990616 0
34.000433997891 5.49986009059249 1
35.3559409344886 5.92459464697301 1
35.6660207310025 7.31064341143819 5
37.0213654790222 7.73622551368249 1
37.3313462195782 9.12238541270717 0
38.6868322967417 9.54750383507999 2
38.9966678253275 10.9334517690806 2
40.3521745340452 11.3577388473704 1
40.6614302802234 12.7441107341178 1
42.0165272741084 13.1689427939057 5
42.3261095245092 14.5553791842412 2
43.6815487009862 14.9798162849132 2
43.9920767175023 16.3658972447041 2
45.347654851296 16.7901391816274 2
45.6572189369033 18.1765748450005 3
47.012422712828 18.601568663006 0
47.3216188320316 19.9880101112231 0
48.6769329584004 20.4127086961306 3
48.9871228779395 21.7986421432486 1
50.3426530406558 22.2235010216648 5
50.6528515471472 23.6096150680624 4
52.0081738622064 24.0353125547757 3
52.3180340753582 25.4214381259154 0
53.6735727164986 25.8463603241582 4
53.9831569622389 27.2323095241121 5
55.3385506415355 27.6567959811309 1
55.6479406879428 29.0431533547443 5
57.0030688528797 29.4682340159704 2
57.3130403096938 30.8545517253401 5
58.6685852898381 31.2788985212654 2
58.9790541589012 32.664977187424 5
60.3345690163604 33.089171706048 4
60.6437160682074 34.475709422823 3
61.9988321227062 34.9005985577545 0
62.3081192396516 36.2869982114645 4
63.6634959576477 36.7114859632941 3
63.973908004705 38.0974404973749 1
65.3294229923484 38.5224210736145 2
65.639603232199 39.9086144777545 0
66.994916746943 40.3343128607326 0
67.3046234832671 41.720405221267 0
68.6601611830188 42.1451578889443 4
68.9697482892688 43.5310932430769 1
70.3250844190384 43.9558413363523 1
70.6346156140316 45.3421749369438 1
71.9898084357284 45.7674972012789 2
72.3000241297644 47.1536950241677 5
73.6556386645885 47.5779666592056 2
73.9657795068229 48.9640884005976 1
75.3212295905602 49.3882849279829 3
75.6302160175123 50.7748664304651 3
76.9852779164772 51.1996934882523 0
77.2948014805735 52.5860159791318 2
78.6502861007179 53.0103405991041 1
78.9607923798552 54.3963512283139 2
80.316260946597 54.82141503139 4
80.6261824008951 56.2077217019927 0
81.9815003151051 56.6332751101193 0
82.2910636874174 58.019345305233 0
83.6465673798379 58.4439831928786 3
83.9563418575967 59.8298924381315 1
85.3116863010522 60.2549117614972 1
85.621427124379 61.641197009381 1
86.9766850505926 62.0666798478638 1
87.2869762286275 63.4527630479171 2
88.6426219636454 63.8769839467306 2
88.9522970964495 65.2631759111129 1
90.3076448109533 65.6874690186467 3
90.6166658995985 67.074052333294 1
91.9717331053584 67.498846176784 3
53.2077968975568 1.20721362648845 2
54.5633845840744 1.63145656007967 5
54.873899204361 3.01753717185757 2
56.2293028886989 3.44262311643151 4
56.538859569524 4.82904335108866 0
57.8941593713864 5.25435936363235 0
58.2037021082893 6.64041179373182 0
59.5591827498185 7.06501585732174 1
59.8691716110628 8.45092507787933 5
61.2245446259455 8.87618670192789 1
61.5345031958569 10.262407537052 3
62.8898198405692 10.6879277423577 5
63.2000601356392 12.0739109970082 2
64.5557071082051 12.4981154564888 2
64.865053855987 13.8843636859071 1
66.2202783145792 14.3088193271884 3
66.5294225166387 15.6953769946886 2
67.8845741145446 16.1201210505157 2
68.1948199638262 17.5062793674074 2
69.5504572262775 17.9304893662947 2
69.8607946356565 19.3166719808055 4
71.2161314923188 19.7416872169444 0
71.5254016437439 21.1281780690525 0
72.8806593633633 21.5532475405776 0
73.190343702055 22.9392727931902 3
74.5458394268834 23.3638957740788 1
74.8559654699803 24.7498638911777 5
76.211338860495 25.1753260411936 1
76.5213532889552 26.561509374739 3
77.8767429542705 26.9869336376885 4
78.1867547004659 28.3728648068286 4
79.5423494017465 28.7971139737212 2
79.8516357483188 30.1833853484414 1
81.2067852555591 30.6080447650171 5
81.5161402797768 31.994546786267 2
82.8714314620425 32.4192232587347 2
83.181870540746 33.8053421792487 2
84.5374994327392 34.2295174553436 2
84.847399365749 35.6158401599155 3
86.202666882119 36.0407365604538 0
86.5117860848318 37.4272532725937 0
87.8670305041293 37.8520858151721 0
88.1770076370363 39.2380720081039 1
89.532545864848 39.6627454706647 1
89.8427803484127 41.0487980893191 2
91.1981300103205 41.4744095196901 3
91.5080340953588 42.8605881532042 0
92.8634940325719 43.2858297887885 4
93.1732159412565 44.6717520515008 4
94.5287084520533 45.0961399143525 2
94.838111571331 46.4824054052707 1
96.1932599679418 46.9073296523543 5
96.5029665745971 48.2937326552805 1
97.8583885426273 48.71833756671 2
98.1688919727319 50.1044209251302 2
99.5244745027469 50.5285513537637 2
99.8338590200832 51.9150054658003 3
101.189034003551 52.3398233065097 0
101.49816189841 53.7263222927322 0
102.853445070461 54.1509132771152 3
103.163722544842 55.5368774470808 1
104.519286853236 55.9616157764694 2
104.829582148419 57.3477517526056 4
106.184903821393 57.7734267412879 0
106.494635728491 59.1595997062018 0
107.850125826846 59.5846335357112 4
108.159711528319 60.9705555689176 1
109.515112604352 61.3951686902566 5
109.824643089447 62.7814256096449 1
111.179833581802 63.2066572836481 2
111.489862879354 64.5929384379017 5
112.845379896667 65.0174848586775 2
113.155746705251 66.4035531406178 2
114.511251573832 66.8277044785774 2
75.7466047654439 0.536348543868981 3
77.1017150108093 0.961126453122312 0
77.4109785192888 2.34755671735444 4
78.7663973608256 2.77181227440821 2
79.0768266065882 4.15781539465251 2
80.4323667251058 4.58263892038926 2
80.7425042864079 5.96888898810884 0
3.95014871285732 6.39450479777243 3
82.4073715065174 7.78066894412523 3
5.61518568121138 8.20550667563562 4
5.92487199583886 9.59141237657964 1
7.28025003468365 10.016272063881 1
7.58992113765521 11.4025182738952 5
8.94516722859694 11.8279923052101 1
9.25535279428915 13.2141534716627 5
10.6109527480984 13.6385910280604 2
10.9209576369787 15.0246869818552 2
12.2764142186376 15.4488616775156 1
12.5854290740773 16.8354250322355 3
13.9404702520021 17.2602555092053 4
14.2500377764201 18.6466128147662 2
15.6055468626575 19.0708552240496 5
15.9160874601046 20.4568849650725 2
17.2715760335073 20.881739462289 4
17.5813598109354 22.2681176219186 0
18.936649945795 22.6935411148524 0
19.2461137344123 24.0796924155337 0
20.601572869081 24.5043820180604 3
20.911492188734 25.8902685243186 1
22.2668891489789 26.3153651500818 1
22.5767638924121 27.7015798070715 1
23.9320481572672 28.1271853667845 1
24.242242887956 29.5132346270267 4
25.5978872032545 29.9375833728093 2
25.9074740060199 31.323722171012 2
27.2628118402728 31.7480312696267 1
27.5719202474688 33.1345853266843 5
28.926979506016 33.5594529610043 4
29.2369491391878 34.9457103009745 2
30.5925557226719 35.3698907652456 5
30.9030631727234 36.7559856295398 2
32.2584745637907 37.1808284972496 4
32.5678606147367 38.5673195640051 0
33.9230991378739 38.9925181023187 0
34.2326084898164 40.3786474428594 0
35.5880702874857 40.8032695430734 1
35.898209520187 42.1891795845502 2
37.2536135111472 42.6144946345986 1
37.5636392572784 44.0006787149872 3
38.9189622354052 44.4262980986135 3
39.2290527919944 45.8122599731182 4
40.5846939006009 46.236562900597 2
40.8940639129062 47.6227290767563 5
42.2492907179833 48.0472270542738 1
42.5585338590066 49.4337509248748 2
43.9136912657905 49.8586210852583 2
44.2239768171138 51.2448017058038 2
45.5796216071557 51.6689377704997 2
45.889848834819 53.0551400842347 5
47.2451905381501 53.4798899878272 0
47.5543109261967 54.8664399965562 0
48.9095050135435 55.2914040952413 0
49.2192281064187 56.6774867065013 3
50.5747350362209 57.1020672148607 1
50.8850144816655 58.4880509097929 2
52.2403988124312 58.9135357947216 3
52.550397059409 60.2997243253257 0
53.9057764989322 60.7252337823862 4
54.2156439418072 62.1111537490027 4
55.5712201743239 62.5354986497499 2
55.8806470113757 63.921660102414 1
57.235834254572 64.346414035909 5
57.5453242483573 65.7328720762049 1
58.9006097065829 66.1577321143629 2
59.2110489511787 67.5438537732846 2
21.4928476802986 0.290092061305052 2
21.8025696100451 1.67643013508027 3
23.1578310541326 2.10110887152256 0
23.4668605517476 3.48767221850841 0
24.8220574818946 3.9124045969387 0
25.1320924126739 5.29843348887475 5
26.487657579539 5.72300456491138 1
26.798014671139 7.10907951036379 2
28.1533643926468 7.53466760297528 3
28.4631692681526 8.92088905363992 0
29.8185983148154 9.34619856394628 4
30.1282514530323 10.7321150429467 3
31.4837342278767 11.1566017419305 5
31.7933031096604 12.5427529168576 1
33.1485165278821 12.9678183337312 5
33.4583422826747 14.3541714297321 1
34.8137439815549 14.7790029807073 5
35.124203632961 16.1650690739669 2
36.4797932877128 16.589150280729 5
36.7890491122712 17.9756020960981 1
38.1442066504486 18.4002923299928 0
38.4533049092903 19.7868252278329 4
39.8085711380876 20.2113280096096 4
40.1188999029784 21.5973268134702 5
41.4744946059983 22.0219116880451 2
41.7848262287809 23.4080829017065 4
43.1401480836228 23.8336620577236 0
43.4497461502905 25.2199011781197 0
44.8051843804469 25.6449761996893 0
45.1148165323681 27.0308881454202 1
46.4702454308651 27.4555735909021 1
46.7799317886451 28.8417322808557 1
48.1351932518292 29.2670946125324 1
48.4452543510283 30.6533304427833 5
49.8007583229172 31.0780777631567 2
50.1110176898482 32.4641197549048 2
51.4665589642946 32.888231263483 1
51.7756164797745 34.2747443657462 1
53.1306897787732 34.6995051380283 0
53.4399817473154 36.0859759699616 2
54.7953756394489 36.5102987711487 5
55.1058749122777 37.896310772027 2
56.4614440313015 38.3209294907619 2
56.7715056414144 39.707229064006 0
58.1268022060452 40.1326856700789 0
58.4362423125371 41.5189318724603 0
59.7916641029576 41.9437873689392 3
60.1014733117204 43.3296817288306 1
61.4569025258946 43.7545797505305 1
61.7667262247193 45.1407485359037 1
63.1220169364574 45.5663187378957 1
63.4321341008617 46.9524479838127 4
64.7877218217922 47.3770603206394 2
65.0975876170577 48.7631146875637 2
66.4530387719701 49.1873226597538 1
66.7621292318069 50.5738483721769 1
68.117167247574 50.9987086379413 4
68.4268170145813 52.3850815988304 2
69.7823473627686 52.8092956234519 5
70.0929054505566 54.1953455081754 2
71.4484088120996 54.6199784364808 4
71.7580263214401 56.0064188552308 0
73.1132702089667 56.4316918780344 0
73.4226563491 57.8179328195913 0
74.7780739125553 58.242637724649 3
75.0881494108276 59.6285285734181 1
76.4435909272867 60.053647561023 1
76.7535927697147 61.4398128966383 3
78.1088948071027 61.865492353945 3
78.4189644178338 63.2515272034394 4
79.7745961573973 63.676013957149 2
80.0841230549531 65.0620876113713 2
81.4394475488048 65.4864648079427 1
81.7486615431431 66.8729726009917 1
83.103733987371 67.2979338871312 1
44.3399546974518 1.00633913293261 2
45.6955698117236 1.43048963226457 2
46.0060376349406 2.81659762690831 2
47.3614601188463 3.24118738321252 4
47.6706820186772 4.62772784037496 0
49.0258555737097 5.05280032486059 0
49.335344580765 6.43900589585298 0
50.6907905191744 6.8636008217674 1
51.0010781770494 8.24953373670367 2
52.3565043166186 8.67484873339868 5
52.6665783641192 10.06102506634 0
54.0219035028676 10.486699442988 3
54.331836074481 11.8726661389107 4
55.6874528777414 12.2970840455152 2
55.996900549713 13.6831577792677 5
57.352145092145 14.1077651831227 1
57.6615152395565 15.4942363166653 2
59.0166882469855 15.9192689687507 2
59.3270078605911 17.3054492108264 2
60.6826554110043 17.7295458122705 2
60.9927477874672 19.1157582685664 5
62.3481022396814 19.540272214667 0
62.6571136003265 20.9268578940098 0
64.012250653238 21.3517215169597 0
64.3219880021097 22.7378632255193 5
65.677506923504 23.1623600256354 1
65.9878981329852 24.5483745683636 2
67.3432914487403 24.9738184774711 3
67.6532236878651 26.3600471419963 0
69.0085912294585 26.7855828197252 0
69.3183203552482 28.171521605313 0
70.6738702311113 28.5959646627102 5
70.9834497721572 29.9820194487548 1
72.3386913953417 30.406921783279 5
72.6483239191966 31.7933196925376 1
74.0036082817231 32.2184024385781 5
74.3140322126505 33.6045031312493 2
75.6696656592933 34.0285770289492 5
75.9792324007094 35.4149120099423 1
77.3344944793751 35.8394293135142 0
77.6434883677554 37.2260144680945 4
78.9986511156043 37.6506762763614 0
79.3087192253469 39.0367504653085 5
80.6643096058238 39.4611949012116 2
80.9747394960723 40.8472971912247 2
82.3300911470348 41.2727880558556 0
82.6397657930011 42.6590772746025 0
83.9951598158269 43.0843837286917 0
84.3047799607483 44.4703154222932 3
85.660260333713 44.8948743999473 1
85.9699979209379 46.2809247264235 1
87.3252787959257 46.7061393118927 1
87.6351971119503 48.0924319084575 1
88.9905817313739 48.5175069811418 5
89.3009665431209 49.9035377222221 2
90.6565672892393 50.3276314081546 5
90.965763604881 51.7140574265618 1
92.3209123378443 52.1386782064538 0
92.6300239930006 53.5252265130975 4
93.9852813519874 53.9497137932606 4
94.2956398837809 55.3357550723324 5
95.6512555604303 55.7601950895018 2
95.9615548257112 57.146406200723 4
97.3168694445445 57.5718347137797 0
97.626330461209 58.9581592189389 0
98.9817081555952 59.3832194346036 0
99.2914075535012 60.7691403440531 1
100.646867941537 61.1938584877187 1
100.956711999119 62.5799398698848 1
102.312024876513 63.0054050107257 1
102.622075259105 64.3915993473776 3
103.97755992612 64.8165572852622 2
104.287674305446 66.202558836828 2
105.643216096639 66.6267206872121 2
66.8784919615386 0.335325547678897 1
68.2335618666113 0.760084222834369 4
68.5429331258385 2.14655948812731 2
69.8983377167985 2.57090792143236 2
70.2088650353437 3.95695221574934 2
71.5644505242813 4.3813927337827 2
71.874377860151 5.76774197001334 0
73.2296484878035 6.19301284604498 0
73.5389770028185 7.57935127831679 0
74.8943492473301 8.00417600280287 3
75.2042942076258 9.3900800051229 1
76.5597752298485 9.81496005614437 5
76.8697487473787 11.2010802192595 5
78.2250668459907 11.6267095892714 1
78.535084921617 13.0128280570446 0
79.8906545825513 13.4376099116223 2
80.2003877234849 14.8236160102947 2
81.5558234248687 15.2479035975371 1
81.8650167054809 16.6343723490056 1
83.2200732327997 17.0592834309715 2
83.5298207125478 18.4456566334713 2
84.8853572042947 18.8699016679388 2
85.195910003154 20.2559712566582 2
86.5514242406729 20.6803922236309 4
86.8608590788709 22.0668796463447 0
88.2160503939112 22.4919907548895 0
88.5253688654415 23.8783180239493 0
89.8807505222924 24.3029841559749 3
90.190976954504 25.6888965011726 1
91.5464556561296 26.1139819164844 5
91.8565709438887 27.5001295211541 3
93.2118808742316 27.9258509003531 3
93.5218101701744 29.3118989646123 0
94.8774114632029 29.7365282774513 1
95.1869215011122 31.1225359883956 5
18.394578822426 31.5470347985852 5
96.8515723403281 32.9334797088199 1
20.0590170831249 33.3585603084625 2
20.3691420910155 34.744820480795 5
21.7247557979687 35.168986563209 2
22.0351418013583 36.5551021136205 2
23.3905837861919 36.9794670024162 4
23.6996706665223 38.3660361488067 0
25.0547889859625 38.7909824893229 0
25.36425361062 40.1772580128714 4
26.7196951194964 40.6017665066741 1
27.0300955867004 41.9877303022877 2
28.3855448431966 42.4129724721217 5
28.6956213350959 43.7991774342524 0
30.0509451759175 44.2248600389149 0
30.3607154129099 45.610861635545 0
31.7162914948488 46.0353998107416 2
32.0258478960655 47.4213900021223 1
33.3811263044396 47.8461600738173 1
33.6906298281138 49.2325638588551 1
35.0458288473422 49.6577894834367 2
35.3561522988985 51.0439493510678 2
36.7117985717731 51.4680645390898 2
37.0217439736918 52.8542734223154 1
38.3771139433832 53.2786206139925 3
38.6860754042499 54.6652203487452 0
40.041170346439 55.0900149665774 0
40.3509104839051 56.4762135805467 2
41.7064492378364 56.9005911769449 1
42.0169102414579 58.2866354917998 2
43.3723228007151 58.7119402299411 4
43.6821468085711 60.0982341916843 0
45.0375041720014 60.523714135122 0
45.3471356223505 61.909689389583 0
46.7026584360481 62.3342110760996 5
47.0124177165818 63.7201721054668 1
48.3677185152746 64.1452372181436 5
48.6775062219993 65.5315559711424 1
50.0327905387619 65.9568738311593 5
50.3431754039752 67.3429326874562 2
12.6249801430646 0.0891847876377451 5
12.9344443051793 1.47549123293383 1
14.2897025026547 1.89993045640638 3
14.5987189574927 3.28651720396933 4
15.9538556350255 3.71118556028681 4
16.263959639198 5.0973071596351 2
17.6195701070565 5.52163910293135 2
17.930018418843 6.90776653305183 2
19.2853705898939 7.33309507110631 0
19.5948967975558 8.71946993184411 0
20.9502424237839 9.14471553559281 0
21.2598568033143 10.5306823255172 3
22.6153398878725 10.9552841504498 1
22.9252403767096 12.3412641231114 5
24.2805762341194 12.7665928917119 1
24.5905565662715 14.1528273692662 3
25.9459312466322 14.5781077798147 5
26.2562007088862 15.9640930266963 2
27.6118125455345 16.388235654383 1
27.9210132915223 17.7746083148151 1
29.2761600534327 18.1992010508372 3
29.5853305767223 19.5857477583988 2
30.9405847594302 20.0102956040971 2
31.250969371464 21.3963818939292 2
32.6065968537716 21.8206982252411 2
32.9168036952909 23.206946946696 4
34.2721048262399 23.6321733685487 0
34.5814240991872 25.0185905284805 0
35.9367412876354 25.4435902044001 0
36.2465277779493 26.8295363544734 1
37.6020203643929 27.2542469879722 1
37.9120281268735 28.6402837238631 5
39.2673729635657 29.065811358713 1
39.5773861829196 30.4519823636038 3
40.9328568362114 30.8771097959941 2
41.2428147554363 32.2630682393036 2
42.5983525592922 32.687296886947 1
42.9075485009295 34.0736925901353 1
44.2626397594087 34.4984585062821 5
44.5720965590446 35.8849269488606 2
45.9275043224126 36.309358061753 2
46.2380200390148 37.6954372010098 2
47.5936123527254 38.119723982288 2
47.9033516256971 39.5061184097561 0
49.2585856417903 39.9311946395599 0
49.5678033210995 41.3176221630662 0
50.9231221547392 41.7423963293111 3
51.2332073030178 43.1283235916439 1
52.5887259293859 43.5531672949028 5
52.8988620634514 44.939265356567 4
54.2541897101615 45.364935061535 3
54.5641099952611 46.7510626767942 0
55.9196504774829 47.1759962719419 2
56.2292922642401 48.5619548636795 5
57.5847141131737 48.9863520135244 1
57.8940365767809 50.3727375093748 1
59.2491383390656 50.7977260249114 2
59.5589949030075 52.1840808121238 1
60.9145214793838 52.6084142648178 2
61.2250433582298 53.9944901132141 5
62.5805697882104 54.4187314428327 4
62.8898372887251 55.8052450398296 3
64.2449826337273 56.2301942631375 0
64.5542475084375 57.6165923534105 0
65.9096058320729 58.0411617433192 3
66.2199539119181 59.4270999562067 1
67.5754670669426 59.8520882835018 5
67.8856631186484 61.2382505026285 0
69.2409752479287 61.6639737039716 0
69.5507599778934 63.0500603136524 0
70.9063145940401 63.4748246938204 4
71.2158617423823 64.8607765509143 5
72.5711970127936 65.2854239651266 1
72.8806566108666 66.6717874793017 1
74.23581646977 67.0970174383199 1
35.472154301215 0.805391176526367 5
36.8277580615016 1.22964763400438 2
37.1380339202184 2.61575763009529 5
38.4934971698413 3.03997017733093 3
38.8025096007902 4.4265464381433 3
40.1575876461703 4.85140022422157 0
40.4670374342674 6.23773279659289 4
41.822488357334 6.66212130566256 1
42.1329667307651 8.04811044206042 2
43.4884423096148 8.47320497501015 4
43.7984701457899 9.85946463806916 0
45.1537898570175 10.2850909475254 0
45.463415497682 11.6711484452368 0
46.8189416777831 12.0957871809746 5
47.1286293153339 13.481713440711 1
48.4839549595865 13.9066349380369 1
48.7936012299886 15.2929556919843 1
50.1488357407715 15.7183661563582 1
50.4591342901963 17.1044873689695 2
51.8147768468505 17.5286860115487 2
52.1245958885669 18.914869141343 1
53.47997457953 19.3391343524367 3
53.7889608616529 20.7257247090427 3
55.1440267805241 21.1505141254109 4
55.4538086566339 22.5367560682324 2
56.8093695194424 22.9610309492765 1
57.1198846472281 24.3470891906793 2
58.4753040284741 24.7722276127924 4
58.7849873449422 26.1586028021367 0
60.1403075464466 26.5840070942442 0
60.4498530609982 27.9700470482792 0
61.8053439183463 28.3946387633782 1
62.1152430777236 29.7805510793215 1
63.4705994515912 30.205731943317 1
63.7804847805 31.5919844110862 1
65.1357833313889 32.0174720173319 5
65.446077066511 33.4034876003148 2
66.8017260060552 33.8276691883638 2
67.1111356907464 35.2139233835975 1
68.466390264411 35.6383349701473 3
68.7754753845592 37.0249077562171 2
70.1305992111763 37.4496447689227 4
70.4407547158136 38.8358092313099 2
71.7963818806722 39.2600477739549 2
72.1068033261717 40.6461956857352 2
73.4621556194253 41.0713011472061 0
73.771526527239 42.4577601397898 0
75.126810211572 42.8829151318874 0
75.4364374689726 44.268933739521 3
76.7919245220061 44.6935501427774 1
77.101982552781 46.0795000519575 5
78.4573526290327 46.5049036856329 1
78.7673676164974 47.8910980927114 3
80.1227382125601 48.3165291101033 5
80.4328608205491 49.7024750577994 2
81.7884752958354 50.1266863945242 2
82.0977316988966 51.5129787667785 1
83.4528872911736 51.9375754954057 3
83.7621487480804 53.3241027332314 2
85.1174028650507 53.7487639666217 2
85.4278055405312 55.1348853141312 2
86.7834389138762 55.5590968307516 2
87.0935065618723 56.9453765734475 4
88.4487943775513 57.3703651198977 0
88.757970372627 58.756862461145 0
90.1132273280987 59.1817803713377 0
90.4231046774647 60.5677647817394 1
91.7786247424146 60.9924399624242 1
92.0887951858672 62.3784686008613 5
93.4441509552537 62.8040426764318 1
93.7541099560666 64.1902161157198 0
95.1095600025815 64.6154818124456 4
95.4193792364343 66.0014082863848 4
96.7749028082967 66.425728526102 2
58.0104030918927 0.13416232800375 1
59.3655324849592 0.558990459726613 5
59.6751130146537 1.94543047010509 2
61.0305089741219 2.37000731757113 2
61.3410164747754 3.75609834474071 2
62.6966118912711 4.1802626591955 2
63.0061665978824 5.56668195862005 3
64.3613724714172 5.99155776236347 0
64.6705074607181 7.37805043519539 0
66.025785030529 7.80272534956308 3
66.3359798191238 9.18868208272222 1
67.6915349357501 9.61342956165313 2
68.001806649459 10.9995363251531 4
69.3571365432171 11.4252079442301 3
69.6669457584212 12.8113703163328 0
71.0224469977704 13.236425402585 4
71.3320470651036 14.6223532814721 5
72.6874670179043 15.0468691137477 1
72.9969316513279 16.4331541578084 1
74.352096524826 16.8582640631933 2
74.6620441318874 18.244586760524 1
76.0175515760122 18.6690837431389 2
76.3280049996787 20.0551550964857 5
77.6835449385385 20.4792833093435 5
77.9926837816254 21.8658060905966 3
79.3477959586285 22.2906293590059 0
79.6570210714135 23.6770811777337 4
81.0123723371841 24.1015327732526 3
81.3227940796916 25.487498881418 1
82.6783404908795 25.9123343505556 2
82.9885577827645 27.2985361269024 0
84.3438710055904 27.7241971504028 0
84.6535100521776 29.1103435084967 0
86.0090094407592 29.5352055136419 4
86.3186320579526 30.9211212648189 1
87.6740011089976 31.3458918751093 1
87.9835968166037 32.7321641477648 1
89.3388167962493 33.1575481388233 1
89.6489878707554 34.5437476893672 5
91.0045762935221 34.9681617936772 2
91.3147245634052 36.3542541059119 1
92.6702022108069 36.7784073998963 3
92.9792049381853 38.1649731249585 3
94.3342571021956 38.5897932205319 0
94.6437224553688 39.9761676095457 2
95.9991940839747 40.4004534962983 5
96.3097169972887 41.7864642721455 2
97.6652168546241 42.2113634425641 4
97.9751383996678 43.5976904969852 0
99.3304430588533 44.0232011973891 0
99.6399463373937 45.4093340796686 0
100.995421511787 45.8340397025385 3
101.305243122577 47.2199323254051 1
102.660621179852 47.6449548772182 1
102.970407721308 49.0311965123584 1
104.325676183334 49.4567524382197 1
104.635901957766 50.8428362126707 4
105.991539824984 51.2671685543958 2
106.301244899077 52.6533102550724 1
107.65661807788 53.077572784469 1
107.965673103871 54.4641403399523 5
109.320721450908 54.8889853296344 1
109.630569777167 56.2752614635748 5
32.8384887366569 56.6994681167102 5
111.296681442678 58.0855414837457 2
34.5044458275386 58.5104601281006 3
34.8139610862206 59.8969130229338 0
36.1692270988659 60.3222088891815 0
36.4787116799503 61.7083287773977 0
37.8341709861826 62.1329770716116 1
38.1441990205264 63.518883296509 1
39.4995857675754 63.9441720905219 1
39.8094847510537 65.3304157357804 3
41.164894405468 65.7557927357399 5
41.4752560916296 67.1417010616266 4
42.8308578394458 67.5660508266534 2
4.06639636909204 1.27437241533882 1
5.42163271966913 1.698833691298 1
5.7307991003832 3.08537816157872 2
7.08591787896489 3.5102345131617 2
7.39612380115375 4.89642769484997 2
8.75175845771677 5.32060171152982 2
9.06210638462936 6.70676878188893 2
10.4174590778849 7.1316220843564 0
10.7266670461596 8.51814913581531 0
12.0818820742661 8.94320769579319 0
12.3915304253821 10.3292888432941 3
13.7470192028911 10.7538941817145 1
14.0572308080423 12.1398518473493 2
15.4126171139516 12.5653007731471 1
15.7226393314798 13.951483648086 0
17.0780048428262 14.3770153231825 4
17.38796859564 15.7629431163164 4
18.7435712799997 16.1872430451253 2
19.0529308472968 17.5734356189196 1
20.408111987869 17.9980920283562 1
20.7174919174034 19.3845830145531 2
22.072746185661 19.8093997220888 2
22.3831581696661 21.1955361577982 2
23.7387956469151 21.61966127835 2
24.0486961625405 23.0059625657152 3
25.4039801838421 23.4307086716152 0
25.713037064791 24.8172633145745 0
27.0682394854488 25.2420805757965 0
27.3781821521856 26.6281107738981 5
28.7337281161786 27.0527082426708 1
29.0440388482872 28.4387551123783 2
30.3993974375613 28.864334553547 3
30.7092799877223 30.2505373438871 0
32.064706354492 30.675889487054 4
32.3744186984137 32.0618053389357 4
33.7299276731587 32.4862234737475 5
34.0394177097819 33.8724052758676 1
35.3946049768245 34.2973523848882 5
35.7043156785528 35.6837485066616 1
37.059694992399 36.1085297792193 2
37.370173763593 37.4946140629421 2
38.7257731681711 37.9187033199531 5
39.0351569006627 39.305132602088 3
40.3903445250571 39.7298426251001 0
40.6994193849252 41.1163798023865 4
42.0546680547084 41.5409540515047 3
42.3649196681603 42.9269474549734 5
43.7205057824196 43.3515604722564 2
44.0308526205155 44.7376970405668 4
45.3861812775401 45.1633129509212 0
45.6958597577519 46.5495325326763 0
47.0513137954856 46.9746572564336 4
47.3609210334456 48.3605723794299 3
48.7163532871526 48.7851854545828 1
49.025972665398 50.171365191249 1
50.3812071595631 50.5966209948484 1
50.691217824754 51.9828973321765 1
52.0467039125779 52.4076119122115 2
52.3570680037715 53.7936623273229 2
53.7126215456404 54.2177566663014 5
54.0217078711458 55.6042653011191 1
55.3768011969916 56.0290158209489 0
55.6860274480001 57.4154990182389 4
57.0413835277765 57.839869921618 5
57.351849682027 59.2258653464324 5
58.7074235780184 59.6505224595771 2
59.0176005053351 61.0367730840552 0
60.3729074179613 61.4623102049942 0
60.6824147492239 62.8485326514736 0
62.0378538661137 63.2734387765792 0
62.3475783101776 64.6593382915662 1
63.7029913131873 65.0841775116916 1
64.012736538786 66.4703637180366 1
65.3680100086513 66.8958715802828 1
26.6043106612391 0.60417233374829 5
27.9598828067736 1.02877533162841 2
28.2698893691198 2.41483518207259 2
29.625368664272 2.83900339515291 1
29.9344179909086 4.22554012614766 1
31.2894584161842 4.65037020718043 4
31.5989857218778 6.03676744650783 2
32.9544797599463 6.46100574053276 5
33.265027978473 7.84703893564393 2
34.6205463093193 8.27172651019841 4
34.9303208815495 9.6581188003977 0
36.28559176158 10.0834808080168 0
36.5949990245124 11.4697023064123 0
37.9504267649546 11.8944377752037 3
38.2603965457302 13.2803240960887 1
39.6158252815963 13.7053866568722 1
39.9257510715977 15.0915652101097 3
41.2810458730505 15.5172104729574 1
41.5911646331788 16.9032700769653 4
42.9467946086131 17.3277473573955 2
43.2564067482663 18.7138324487983 2
44.6117666835748 19.1381401131106 1
44.9209217166977 20.5246668132303 5
46.2759739579346 20.9495822940516 2
46.5859094676293 22.3358732419468 2
47.9415080120273 22.760039690951 5
48.2520303034414 24.1461259075402 2
49.6074697226044 24.5707921190764 4
49.9168174776616 25.9573017568848 0
51.2720243516141 26.3824567028265 0
51.5814795438917 27.7686545852356 0
52.9369200117435 28.1932821227969 1
53.2471273915361 29.5791934740642 2
54.6025543989959 30.0044659037906 1
54.9126129867739 31.3906374504935 3
56.2679299792692 31.8163116370116 3
56.5779456374876 33.2022886970286 4
57.9335797293285 33.626683051004 2
58.2430040716061 35.0127809467531 5
59.5982574647595 35.4372928860933 1
59.9075487131255 36.8237899867135 2
61.2626877725917 37.2487674403801 2
61.5729480420895 38.6349688157833 2
62.9285912840092 39.0590833756584 2
63.2388328205157 40.4452641126609 5
64.5941996280794 40.8698532386924 0
64.9032706818286 42.2564247460685 0
66.2584246279848 42.6813688237135 0
66.5680877901873 44.0675131136487 3
67.9235832118683 44.4920563273779 1
68.2339279535902 45.8780412369422 2
69.5893266305372 46.3034761412965 3
69.8993247292831 47.6896788207507 0
71.2546828493788 48.1152588851818 0
71.5644963443687 49.5011951283668 4
72.9200734726362 49.9255975825055 2
73.2295741874599 51.3116828747659 1
74.5847976720603 51.7364679864207 5
74.8943178473264 53.1229047307002 1
76.2495736388438 53.5479233424639 2
76.5599853671174 54.9340502456942 2
77.9156247354235 55.3581297078122 2
78.2253578693874 56.7444370129108 1
79.5806452122689 57.1689824320347 0
79.8896352970198 58.5555677926971 0
81.2447937416066 58.9802950646582 0
81.5547708109957 60.3663721269292 5
82.9103399716061 60.7908563978767 1
83.220751736689 62.1769295873353 2
84.576112331088 62.6024469777322 3
84.8858858069093 63.9887048705709 0
86.2412843845541 64.4140795753198 0
86.5509283921173 65.8000061866717 3
87.9064243720133 66.2245132755898 5
88.2160857307113 67.6105851417799 1
50.4975070007279 0.357825893082728 5
50.8073391784904 1.74416149744506 1
52.1627019318061 2.16918827193004 5
52.4731349841259 3.55524303636106 2
53.8287416554066 3.97932261449479 5
54.1380221076458 5.3657371984644 1
55.4931992767833 5.79034392969003 0
55.8022690287032 7.17690089442125 4
57.1574995831205 7.60142802706245 4
57.4677921304391 8.98746105699021 5
58.8234030060202 9.41193126521859 2
59.133768151685 10.7981017730433 4
60.4890942268982 11.2235939801298 0
60.7986386304242 12.60988906785 0
62.1540384380806 13.0350162973614 0
62.4636891022136 14.4209361915821 3
63.8191446420043 14.8456029288986 1
64.1289250827779 16.2316923816239 1
65.4842219145641 16.6570741186243 1
65.7942577441625 18.0433018650708 3
67.1497238444939 18.4682412208785 2
67.459961114479 19.854256876743 2
68.8155237880973 20.2783777677179 1
69.124616730522 21.6648522316309 1
70.4797035903945 22.0895717766924 0
70.7889675563322 23.4760710224118 2
72.1443324773078 23.9004362124082 2
72.4548160140259 25.2864705449704 2
73.8104090891177 25.7109541661924 2
74.1204756365868 27.0972578247456 0
75.4757639573912 27.5226258500918 0
75.7851434234793 28.908940901534 0
77.1405249647685 29.3338383256506 0
77.4503672322774 30.7197421855654 1
78.8058277394211 31.1445928802425 1
79.115728238024 32.5307144064127 1
80.4710398558936 32.9562980098752 1
80.7810988343199 34.3424361399224 4
82.1366558320807 34.7672198056193 2
82.4465157762035 36.1532348834061 2
83.801986016425 36.5774617362628 1
84.1111219363236 37.9639488773862 1
85.466170590315 38.3888070105081 4
85.7757892809756 39.7752092690652 2
87.1312974034394 40.1994630648763 2
87.4418539900842 41.5855210313563 2
88.7973851769057 42.0100009771697 4
89.1069832785579 43.3964474233412 0
90.4622071519201 43.821644702387 0
90.7715320910143 45.2079571580914 0
92.1269167532036 45.6326767244203 3
92.4370421677444 47.0185774182107 1
93.7925141355637 47.4436270716211 5
94.1025733786585 48.8297699847192 3
95.4578819985891 49.2554699756994 3
95.7678732346529 50.6415295659109 0
97.123480547334 51.0661557174168 2
97.4330293841016 52.4521792151363 5
98.7883757031978 52.876586302456 1
99.0976410778094 54.2630554676186 5
100.452720297087 54.6880667759064 2
100.762742993721 56.0743569127279 5
102.118342535229 56.4985312423066 2
102.428816621059 57.884628961703 5
103.784270010694 58.3090609694914 4
104.093455901826 59.6956089161764 0
105.448601688474 60.1206295360038 0
105.758022340663 61.5069040200068 0
107.113444376759 61.9314773157384 1
107.423784202216 63.3174171191144 2
108.779233400986 63.7426536198315 5
109.089335706025 65.1288326769779 0
110.444649161916 65.5545478971219 0
110.754504962569 66.9405471396046 0
112.110093361009 67.3650849605792 2
73.3458087980659 1.07322575467618 5
74.7010885687023 1.49787748788881 1
75.0105255386007 2.88430446147312 1
76.3657022747209 3.30942378803003 2
76.6759918532628 4.69560840870891 2
78.0316527789345 5.11966876930865 2
78.3417409477464 6.50586227568267 5
79.6971274285438 6.93024293099102 0
80.0061037632558 8.3168405228272 0
81.3612073054773 8.74169296986966 0
81.6708660181624 10.1278988922309 4
83.0263730606872 10.5523410563393 2
83.3368111771236 11.9383569263059 2
84.6922234354334 12.363707102929 4
85.0021494377054 13.7499624301903 0
8.20983334890651 14.1755341422969 3
86.667175953335 15.5615057273289 1
9.87505421333516 15.9860104351535 5
10.1847086131305 17.3720011105373 1
11.5399850194966 17.7969546112649 5
11.8496499690963 19.1833209496036 2
13.2049134983084 19.6085660938945 5
13.515303139271 20.9946610728423 2
14.8709447985961 21.4187549506258 5
15.1805432100136 22.8050469071792 1
16.5358337514116 23.2294696851502 3
16.8448189055037 24.6160632808977 4
18.1999454566977 25.0407567551444 4
18.5099519545255 26.4268821978042 2
19.8655439193305 26.8512469692369 1
20.1760078733408 28.2373450472287 2
21.5313726563416 28.6627262444558 0
21.8410053195345 30.0490628067704 0
23.1963683693919 30.4743921140651 0
23.5059740358814 31.8603512105876 3
24.8614629401218 32.2849191934205 1
25.1712911988725 33.6709065220104 5
26.52660686013 34.0961467283381 1
26.8365303792613 35.4824174573094 1
28.1918836391968 35.9076698981499 5
28.5022301876366 37.2936813885159 2
29.857849176733 37.717797656182 1
30.1670887798148 39.1041727208564 1
31.52226087761 39.5287302617638 3
31.831366374497 40.9152918742094 2
33.1865870182508 41.339850325311 4
33.4969074006078 42.7259305624731 2
34.8525341695942 43.1502777834677 2
35.1628477279301 44.5364846909582 4
36.5181652341248 44.9617977802896 0
36.8275643836949 46.3481850848644 0
38.1829028204814 46.7732614378907 0
38.4926096707478 48.1592061535445 3
39.8480909678366 48.5838872987757 1
40.158027529785 49.969918148209 5
41.5133667947133 50.3953834279813 1
41.8233911076034 51.781574569186 3
43.1788431525222 52.206702412043 2
43.488925699153 53.5926752929975 2
44.8444911566431 54.0168502504184 1
45.1536447097187 55.40326385629 1
46.5087416967904 55.8279712100681 4
46.8180882615858 57.2144659308703 2
48.1734611943729 57.638892543333 2
48.4839606259908 59.0249629240261 2
49.8395655271943 59.4492904736243 2
50.1494850130888 60.8356367865751 0
51.5047455773515 61.2608046387227 0
51.8140126932707 62.6472095530442 0
53.1693395051693 63.0720601887821 0
53.4793223535219 64.4579814045192 1
54.8348237124183 64.8828081752949 1
55.1448899750228 66.2688942448837 5
56.5002187091308 66.6945306268319 1
17.7363598360023 0.402803496943195 0
19.0918928921754 0.827752498099863 2
19.4016259407875 2.21372062797883 2
20.7570796040206 2.63804334651513 1
21.0663337472223 4.02445593914889 1
22.4214138525677 4.44936826265578 2
22.7311400091504 5.83575903182047 2
24.0866440080452 6.26008815663182 2
24.3971871287366 7.64616204311068 2
25.7527273656259 8.07045702095889 4
26.0621407486562 9.45693990106978 0
27.4173180597293 9.88196161135329 0
27.7265724696099 11.2683537761819 0
29.0819221391515 11.6930001386859 3
29.3921861084409 13.0789253964164 1
30.747695382433 13.5039064641429 5
31.0578704249221 14.8900464832482 4
32.4131836489387 15.3157702716237 3
32.7230401095929 16.7018562989966 0
34.0786080820715 17.1266263652785 2
34.388146315835 18.5125937515636 5
35.7434929567676 18.9371380565112 1
36.0528836782891 20.3235302342104 5
37.4080117527155 20.74866624429 2
37.718107726279 22.1349382016517 5
39.0736989661619 22.5591819973422 2
39.3840886782413 23.9452803351572 5
40.739563156208 24.3695269885611 4
41.0486334766183 25.7560919632179 3
42.4037338030802 26.1809886233957 0
42.7131275163918 27.567327248464 4
44.0685499400277 27.9917857961991 1
44.3789879451093 29.3777534612475 2
45.7344683272796 29.8028652109866 5
46.0445700722288 31.1890839416538 0
47.3998882736289 31.6147637112136 0
47.7095869892585 33.0008121776908 0
49.0651372020705 33.4254492229204 4
49.3747447123969 34.8113962151238 1
50.7300565579527 35.2362109939097 1
51.0396112373107 36.622567177856 1
52.3948176621479 37.0478946935349 1
52.7051033981034 38.4340539322601 2
54.0607425793964 38.8582335268208 2
54.3707147266022 40.2444032754873 1
55.7261174107952 40.6686598459401 3
56.03508778479 42.0552530011719 3
57.3901580285414 42.4800549699875 0
57.6998363305228 43.8663091166391 2
59.0553659219561 44.2906288388861 1
59.3658683046378 45.676664680899 2
60.7212991952366 46.1018471751712 4
61.0311087004692 47.4881747892321 0
62.386439071756 47.9136675552477 0
62.6960131593616 49.2996942896091 0
64.0515191976883 49.7242747924639 5
64.361329343068 51.1101979100535 1
65.7166633783575 51.535290830947 1
66.0264629978792 52.9215789880567 1
67.3817414396431 53.3470200047658 5
67.6920719596946 54.7330705618068 2
69.0477196312817 55.1572313817321 5
69.3572294181772 56.5434831684188 1
70.712516933426 56.9678575332146 3
71.021553176856 58.3544413852677 4
72.3766577217471 58.7791759886859 4
72.686712310195 60.1653466826464 2
74.0423239349875 60.5896132892094 2
74.3527954091421 61.9757306547568 2
75.7081629492603 62.4009135530103 0
76.0176416210566 63.7873360462381 0
77.3729513752 64.2125781239864 0
77.6825431538176 65.5985880599456 3
79.0380276147502 66.0231907970672 1
79.3480150679016 67.4091308054967 1
41.6295443992323 0.15660490336663 1
41.9395333268203 1.54282074619276 3
43.2948836218667 1.96824603199128 5
43.6051046239515 3.35421315939539 2
44.9607321868339 3.77839338266774 1
45.2699899163332 5.16470029836874 1
46.6251619410929 5.58924641344654 3
46.9343460105012 6.97579422910187 2
48.2895630636251 7.40044656782086 2
48.5999153807469 8.78656751720647 2
49.9555504867341 9.21081126620064 2
50.2657640025982 10.5970479339488 4
51.6210708011656 11.0221310241869 0
51.9303223060127 12.4086033018578 0
53.2855979047078 12.8336018380153 0
53.5953828490604 14.2195835914936 3
54.9508876523426 14.6442491347752 1
55.2609920250108 16.0302563225245 5
56.6163518970649 16.4557795552194 1
56.926350593839 17.8419544836467 0
58.2817873881725 18.2672342725448 4
58.5917205854425 19.6531684197477 2
59.9472758134851 20.0774270841073 1
60.256542176536 21.4637505072988 1
61.6116632377041 21.8884943880902 5
61.9211186600024 23.2749685056684 2
63.2764858164675 23.6995230486534 2
63.5869770865054 25.0856196857092 2
64.9425859328868 25.5098204109241 2
65.2523142393248 26.8962019935122 3
66.6075491680363 27.3211515724233 0
66.9166986958823 28.7076352011973 0
68.271977652917 29.1323958010161 0
68.5820700010248 30.518349497054 1
69.9376102002625 30.9431033645263 2
70.2478263920098 32.3291881810299 4
71.6031615113793 32.7548466134087 3
71.9130359936665 34.1410040458709 0
73.2685375083332 34.5660873114021 4
73.5781840905158 35.952021466477 5
74.9336269772875 36.3764556948831 1
75.2430213904754 37.7627703764392 1
76.598156917635 38.1877780136169 2
76.9079953125463 39.5741406365892 1
78.2634824488989 39.9986118269335 2
78.5739863891453 41.384686793928 5
79.929536790143 41.8088448762127 5
80.2387881466553 43.1953457475011 3
81.5939288671017 43.6202100761622 0
81.9031288609385 45.0066633477149 4
83.2584585115227 45.4311964036585 3
83.5688187105328 46.8171489967268 1
84.9243629980563 47.2420026522425 2
85.2346083707487 48.6281682197588 4
86.5899230874031 49.0538643734363 0
86.899639703436 50.4399995228795 0
88.255156593536 50.8648880936785 4
88.5647355074708 52.2508156225419 1
89.9201019347056 52.6754951530161 1
90.2296272928773 54.0617952160335 1
91.5848165001005 54.4870815125929 2
91.8949479682118 55.8733206660698 5
93.250523211151 56.2977121321148 2
93.560801511826 57.6837994629132 1
94.9162937324853 58.1079493452979 3
95.2253107717605 59.4945121217896 3
96.5803788711154 59.9193383803887 0
96.8897636629306 61.3057258856812 4
98.2451979547939 61.7300701562412 5
98.5556949257928 63.1160616285367 2
99.9112021123047 63.5409991576396 2
100.221242436797 64.9272762526349 0
101.576553303855 65.3528676936317 0
101.886114705699 66.7389832276818 0
103.241608353586 67.1637081338258 3
64.4775114368511 0.871749253115546 1
65.8328696835705 1.29669120250628 1
66.1425732563913 2.68296054376674 1
67.4978213095673 3.10845245438515 1
67.8080718593914 4.49457063038083 2
69.1637035743777 4.91888034019365 2
69.4735556474192 6.30501677413723 1
70.8289635911059 6.72923515748945 3
71.1379816395718 8.1158097875332 3
72.4930317853835 8.54062559611172 4
72.8027621145212 9.92691749462424 2
74.1583196608543 10.3511396223715 5
74.4688520056503 11.7371917268618 2
75.82430065962 12.162155812578 4
76.1339544724948 13.5485628101974 0
77.4892491350608 13.9739362708422 0
77.7987420767461 15.3600387457696 0
79.1542147901438 15.7846713337837 1
79.4641741977202 17.1705651935355 1
80.8195586673179 17.5957483739163 1
81.1294722789975 18.9819712599137 3
82.4847665900558 19.4075523696103 5
82.7949908374529 20.7935656417391 4
84.1506428789704 21.2178279169131 2
84.4600987385073 22.6040201333037 1
85.8153778106069 23.0283997876103 1
86.1244986337021 24.4149596291207 5
87.4795946915778 24.8397829720502 2
87.7897112058751 26.2259877268215 2
89.145337658688 26.6501799156749 2
89.4557753595747 28.0363141562406 2
90.8111455516425 28.4612528062215 0
91.1204602135955 29.8477500305148 0
92.4757044427199 30.2728907457836 0
92.7852974359355 31.6589654586736 3
94.1407774578453 32.0835770430756 1
94.4509195824132 33.4695111376352 2
95.80630679017 33.894906591233 1
96.1163333449267 35.2810919703171 3
97.4716837166685 35.706632267919 4
97.7817507879713 37.0925719246794 4
99.1373746187432 37.5168345154595 1
99.4466958901603 38.9030521657624 1
100.801880564249 39.3276288362824 1
101.11116722425 40.7141467856895 1
24.318723098233 41.138932349259 2
24.6290959399872 42.5250786445426 2
25.9847362813086 42.9492345734661 2
26.2948065383345 44.335496090175 2
27.6501088316337 44.760327536798 0
27.9592171441708 46.1468667803356 0
29.3144315710286 46.5717714795086 0
29.6242810038429 47.9578021397944 3
30.9798070447718 48.3824192631967 1
31.2900613418147 49.7684383423103 2
32.6454270164018 50.193993546569 3
32.9553718739221 51.5801830527936 0
34.3107894706411 52.005570598061 4
34.6205852935964 53.3914884696354 4
35.976123589261 53.8158445446074 2
36.2855338588357 55.2020595680282 1
37.6406995634587 55.6268986429907 5
37.9502806818041 57.0133369065353 1
39.3056342922355 57.4380753187481 2
39.6161028547798 58.8241795013333 2
40.9717148258666 59.248285549097 2
41.2812423027226 60.6346920867303 3
42.6364735934337 61.0594018101437 0
42.9455460902625 62.4459334117234 0
44.3007953405297 62.8705660684218 0
44.6109866575519 64.2565468909192 5
45.9665620516268 64.6811858863907 2
46.2769309768316 66.0672812336817 4
47.6322575711605 66.4929305531317 3
8.86819047458275 0.201269393020767 0
10.2236472136679 0.626452006299202 4
10.5332596497031 2.0123692240218 3
11.8886998503103 2.4369163198173 5
12.1982488979329 3.82312170882005 1
13.5534500495283 4.2482722700677 2
13.8633800208826 5.63459187430025 1
15.2188439945837 6.05927513112278 2
15.5292796230384 7.4453365691084 2
16.8848404113713 7.86943287838519 5
17.1939849638176 9.25593190071536 3
18.5491011630022 9.68068968497311 0
18.8582753214977 11.0671830040016 4
20.2135985819904 11.4916169341969 3
20.52401340142 12.8775997574281 5
21.8795881695921 13.302289566414 2
22.1898391789975 14.6884973273243 4
23.5451527828286 15.1140988864917 0
23.8547303221009 16.5003016049596 0
25.2101896596233 16.925253621311 4
25.519844293649 18.3111605956935 1
26.8752468667884 18.7359296594023 1
27.184917127303 20.1221367004382 1
28.5401689278805 20.5475634513979 1
28.850294930152 21.9337632058482 5
30.2058520098205 22.3583474622609 2
30.5159982970791 23.7444107593635 2
31.8715002941516 24.1685477315426 1
32.1805283818296 25.5550900839581 1
33.5355792482554 25.9798971128191 0
33.8449983411342 27.366314918743 2
35.2004537550337 27.790586316882 5
35.5109837877225 29.1766021284434 2
36.8665145847194 29.601335865951 2
37.1764370971455 30.987677368395 0
38.5317285660206 31.4131264338737 0
38.8411732777996 32.799326962725 0
40.1966155372443 33.2240914948459 3
40.5064812104453 34.6099795052056 1
41.8618933881572 35.0349788901969 1
42.171734245798 36.4211764485801 1
43.5270185659271 36.8467754676657 1
43.8371737935817 38.2328652669714 4
45.1927969113094 38.6573306251011 2
45.5025220563683 40.043423514594 2
46.8579190912431 40.467672711219 1
47.1670158580126 41.8542159458158 5
48.5220571286455 42.2790926514062 4
48.8318670074937 43.6654074183429 2
50.1874428995685 44.0895903092469 5
50.497988486077 45.4756570621834 2
51.8534466235505 45.9003921577028 4
52.1629345683453 47.2868637426441 0
53.5181745115931 47.7121037002927 0
53.8276146301552 49.0982890018693 0
55.1830564835373 49.5229408351495 1
55.4931747052743 50.9088360631899 1
56.8485978644259 51.3340568069603 1
57.1586164564246 52.7202336687097 3
58.513924295444 53.1458967327661 3
58.8240156670031 54.5318905338945 4
60.1796597636051 54.9562678671424 2
60.4891024807006 56.3423841694523 5
61.8443754947 56.7668175932292 1
62.1536021978705 58.1533359710514 5
63.5087081856534 58.578270745302 2
63.818891185695 59.9644905002349 2
65.17452598261 60.388628751936 2
65.4848920502907 61.7747777452746 5
66.8402708174309 62.1994542932221 0
67.149428651509 63.5860050496237 0
68.5046058882362 64.0110344084548 0
68.8142047211671 65.3971775122263 3
70.1696813523055 65.8217588178811 1
70.4799692553361 67.2077147695835 1
71.8353716966678 67.6331247187938 1
33.0715766789551 1.34144864035602 0
34.4269236714207 1.76705686358132 4
34.7368308403418 3.15299534666115 4
36.0924337818458 3.57736008539832 2
36.4018660512988 4.96347582819728 5
37.757079904219 5.38815146693947 1
38.0664955886132 6.77462204394442 2
39.4217200894632 7.19958215223427 2
39.7321059914511 8.58573089980058 2
41.0877498534945 9.00982500644624 2
41.3976589339101 10.3960996134587 5
42.7529672377722 10.8206966964704 0
43.06197609722 12.2072767372808 0
44.4171384474894 12.6320798073409 0
44.7270267711619 14.0181604396255 5
46.082573966225 14.4426832098896 1
46.3929503216507 15.828727668014 2
47.7483202338706 16.2542513110525 3
48.0581846537372 17.6404809921764 0
49.4135819705168 18.0659118833792 0
49.7232767930947 19.4518343718663 4
51.078796929484 19.8762843340703 5
51.388376624733 21.2623839580807 1
52.7436036300694 21.6873644609178 5
53.0533285345169 23.0737439101604 1
54.4086692692411 23.498710875996 5
54.719122267874 24.8847904986035 2
56.0747367807192 25.3088630728056 5
56.384134849562 26.6952592278393 1
57.7393427850955 27.1198651687752 0
58.0483804077613 28.5064288311389 4
59.4035925245245 28.9310088568185 4
59.7138033725419 30.3170383454486 5
61.0694038567827 30.7415398858565 2
61.3797943823766 32.1276756240058 4
62.7351290533506 32.5532171670086 0
63.0447572077643 33.9394860011188 0
64.4001740221087 34.3646793911779 0
64.7097957300496 35.7505988748036 3
66.0652513840604 36.1752112911741 1
66.3749642919704 37.5613155622099 1
67.7302359334739 37.9866049110438 1
68.0402275423507 39.3728719589241 1
69.3956717849064 39.797788236379 2
69.7060116292134 41.1838193748487 2
71.0615852863393 41.607917971546 1
71.370697082017 42.9943922556913 1
72.7258027002612 43.4190913563296 0
73.0349929093042 44.805605751568 2
74.3903187975571 45.2300043254342 5
74.7007624733476 46.6160245130518 5
76.0563604790795 47.040545527859 2
76.366550517795 48.4268010467045 4
77.7218540859596 48.852252485996 0
78.0313005236475 50.2385403662696 0
79.3866992834887 50.6634988226664 0
79.6964516897482 52.0494043832053 1
81.0518971842691 52.4742074376462 1
81.3617224056853 53.8603369201833 1
82.7170231892696 54.2858615457149 1
83.0271047482231 55.6720267773424 3
84.3826451210402 56.0968072393193 2
84.6926421464228 57.4828316090978 2
86.0481420607556 57.9070107490038 1
86.3572316730079 59.293512130906 1
87.7122807199238 59.7183295783761 4
88.0217756898987 61.1047587710671 2
89.3772481602595 61.5290280269614 2
89.6877950335352 62.9150719354787 2
91.0433411181587 63.3396059918328 2
91.3531057058042 64.7260056857532 0
92.7083587644676 65.1512920214587 0
93.0177074404222 66.5375848576928 0
94.3730999823323 66.9623527705245 3
55.6092869083454 0.670384578040651 1
56.9647470581252 1.09539120202067 5
57.2747353711034 2.48153670232719 3
58.6300411494364 2.90720465627769 1
58.9400875472158 4.29328122174645 4
60.2956939000732 4.7179051633755 2
60.6053242045695 6.1039405250576 2
61.9607044923173 6.52826787418057 1
62.2699125974031 7.91475779344898 5
63.6249700202604 8.33970774621984 2
63.9348782259443 9.72602552530662 2
65.2904619305307 10.1502076080524 2
65.6009947483436 11.5362878701265 2
66.9564649428035 11.9607861658977 4
67.2657810214019 13.3473046922163 0
68.6209617800242 13.7723995540471 0
68.9303562367099 15.1586673483111 0
70.285771887489 15.5832868050465 1
70.5960381503607 16.969205181581 1
71.9514918639056 17.3944065182025 5
72.261589468437 18.7805707781049 3
73.6169035545061 19.2062785745582 3
73.9268380642651 20.5922841156456 0
75.2824546993552 21.0167893293891 2
75.5919235680252 22.4028282082007 5
76.947203189355 22.8273779417514 1
77.2565448834176 24.2138409193724 5
78.6116780485134 24.6389155845321 2
78.9219099432399 26.0251336210205 5
80.2775475477295 26.449253158799 2
80.5878015337528 27.8354117330536 5
81.943199586187 28.2598497866869 0
82.2522357440567 29.6464321583778 0
83.6073568696924 30.0713474117041 0
83.9169501531937 31.4575557939256 4
85.2724317879528 31.8820519018894 1
85.5828326210686 33.2680390068214 2
86.9382515409969 33.6933914740075 5
87.2482568399979 35.0796112473144 0
88.6035984123088 35.5052341709006 0
88.9133534600095 36.8911996620847 0
90.2689220526354 37.315673143314 2
90.5784934155415 38.7016911525682 1
91.9337513005485 39.126525070328 1
92.2433092034516 40.5129312639549 1
93.5985453986652 40.9381024383518 2
93.9089262686984 42.3242298704466 2
95.2645715201055 42.7483154407243 2
95.5743272387315 44.134585771552 1
96.92964430803 44.5590151269541 0
97.2386141385688 45.9456115317078 0
98.5937368056441 46.3703477610291 0
98.9036462724998 47.7564787212954 5
100.25921484635 48.1808841854592 1
100.569669223682 49.5669549216938 2
101.925044603544 49.9923743231111 0
102.234785668868 51.3786723261438 0
103.59015689725 51.8040819290917 0
103.899777951627 53.1900332512078 3
105.255279964447 53.6145635374253 5
105.565027925888 55.000566989302 1
106.920318156859 55.4257063348687 1
107.230160521365 56.8120184255762 1
108.585491574625 57.2372290944849 5
108.895886517918 58.6232702842273 2
110.251508472468 59.0473695669781 5
110.560820235082 60.4337398077795 1
111.916019723212 60.8582763598674 3
112.225069930873 62.2448503188147 4
113.58025939422 62.6694425019519 2
113.89049329666 64.0555210304397 2
115.246103708071 64.4799324562166 2
115.556443811011 65.8661104095327 4
38.764029 66.291662 3
