-0.00401187849414564
-0.00301822448365086
-0.00144063306878883
0.000597489787373284
0.00130227842703931
0.000954922167318961
-2.35918634810782e-07
-0.00181900575078639
-0.00412639188347896
-0.00532755277220226
-0.00396611022997982
-0.00178030080282204
4.58836826498506e-07
0.00114164669503536
0.00116990509954062
0.0011896240796811
-0.00199005138502917
-0.00328822193692574
-0.00393187350137947
-0.0030785537424573
-0.00228875994359062
-0.000675594906694554
0.00114813923360541
0.00224082428280811
0.00244876731238096
0.00101004858151256
-0.000847503285146059
-0.00267437625943867
-0.00380948586896269
-0.0022491509857189
-0.00104196998618717
0.00088263467134243
0.00266630730879869
0.00154836973514391
0.00157546958165145
-0.000855120353940475
-0.000910585048730761
-0.0029885496594772
-0.00205952202552784
-0.00113071827606787
0.00140216516787986
0.00349452673931802
0.00420655065845787
0.00432815011530141
0.0026352474707214
0.000673880586230274
-0.0012132473035681
-0.00220561701160893
-0.00137117003284401
0.000326458662443851
0.00242545952438115
0.00409472957281082
0.00481005039212504
0.00278544078871573
0.000832359868034649
-0.0009473152969105
-0.00207952031754993
-0.00226361700101028
-0.00136320866812652
0.000338026978866271
0.00240404057512295
0.00412669674571689
0.00473500898117193
0.00279309616982401
0.000931057058901841
-0.000800665039767195
-0.00211952201061733
-0.00112077151215853
0.00138809545107171
0.00335284481554388
0.00416802964384808
0.00435225145122384
0.00264170580873047
0.000711876995563368
-0.0012196783422979
-0.0022716182150605
-0.00383448583782259
-0.0022682636223505
-0.00099693831316755
0.000844712876075866
0.00262489283272639
0.00152685757577481
0.00161456991790404
-0.000838295756550145
-0.000868632055473384
-0.00301855370681242
-0.00233888783119846
-0.000721140686700983
0.00113394278158335
0.00228889995023979
0.00246635984934021
0.00103189869785341
-0.000888366160066219
-0.00269346365252683
-0.00383748940487072
-0.00528755273323864
-0.0039862510564446
-0.00172904350325782
-4.40166103511498e-06
0.00113012335244095
0.00121738496228371
0.00114310235568199
-0.0019239436393868
-0.00308806800375916
-0.00401187845056028
-0.00319838096291902
-0.00142291578155551
0.000222331474722448
0.00108523183575979
0.00098548320981863
2.19730933174196e-05
-0.00184557725188803
-0.0041352530531317
-0.0054375571964734
-0.00386348583782248
-0.0022612636223505
-0.00100493831316754
0.000903712876075786
0.00256489283272648
0.00151685757577483
0.00155456991790404
-0.000848295756549988
-0.000878632055473338
-0.00302855370681332
-0.0023188878311981
-0.000691140686701064
0.00116394278158344
0.00223889995023971
0.00249635984934032
0.00102589869785337
-0.000886366160066238
-0.00270446365252672
-0.00379448940487066
-0.00226361700101021
-0.00135620866812654
0.000382026978866315
0.00239404057512299
0.00409669674571678
0.00474500898117194
0.00276309616982406
0.000861057058901882
-0.00093066503976752
-0.00142952201061747
-0.00112077151215853
0.00133809545107152
0.00340284481554398
0.00421802964384813
0.00434225145122391
0.00263170580873054
0.000683876995563382
-0.00120267834229777
-0.00227161821506028
-0.00210952202552764
-0.00113071827606773
0.00142216516787963
0.00338452673931791
0.00420655065845793
0.00431815011530154
0.00261524747072155
0.000676880586230263
-0.00122324730356816
-0.00225161701160882
-0.001349170032844
0.000334458662443915
0.00240545952438115
0.00418472957281088
0.00472005039212506
0.00284544078871576
0.00083235986803451
-0.000937315296910574
-0.00210952031754985
-0.003058553742457
-0.00234875994359091
-0.000735594906694281
0.00109813923360541
0.00226082428280799
0.00246876731238091
0.0010110485815125
-0.000884503285146158
-0.00266937625943869
-0.00382248586896279
-0.00232515098571895
-0.0010119699861872
0.000878634671342381
0.00270630730879866
0.00156836973514396
0.00152546958165123
-0.000775120353940562
-0.000820585048730949
-0.00305854965947688
-0.00390187849414564
-0.00316822448365084
-0.00147063306878886
0.000157489787373288
0.00113227842703933
0.000957922167318964
-2.35320534810782e-07
-0.0018130057507864
-0.00432639188347897
-0.00531755277220225
-0.00391611022997983
-0.00175130080282204
4.59453826498506e-07
0.00112464669503536
0.00118990509954064
0.00121962407968113
-0.00192005138502921
-0.00338822193692573
-0.0039618735013795
