0.449551878494146
0.430678224483651
0.376740633068789
0.295232510212627
0.197037721572961
0.094545077832681
2.42918634810782e-07
-0.0759119942492136
-0.124923608116521
-0.141852447227798
-0.12492388977002
-0.075892699197178
-4.85836826498506e-07
0.0945233533049646
0.197090094900459
0.295260375920319
0.376740051385029
0.430668221936926
0.449551873501379
0.391588553742457
0.376158759943591
0.332115594906695
0.265711860766395
0.185969175717192
0.103051232687619
0.0268649514184874
-0.0340864967148539
-0.0733306237405613
-0.0868655141310373
-0.0733308490142811
-0.0340710300138128
0.0268643653286576
0.103033692691201
0.186011630264856
0.265734530418349
0.33211512035394
0.376150585048731
0.391588549659477
0.241329522025528
0.234890718276068
0.21668783483212
0.189755473260682
0.158273449341542
0.126601849884699
0.0985247525292786
0.0768121194137697
0.0632022473035681
0.0585776170116089
0.063202170032844
0.0768175413375562
0.0985245404756188
0.126595270427189
0.158289949607875
0.189764559211284
0.216687640131965
0.234887315296911
0.24132952031755
0.0585776170010103
0.0632022086681265
0.0768129730211337
0.0985259594248771
0.126603303254283
0.158274991018828
0.189756903830176
0.216688942941098
0.234890665039767
0.241329522010617
0.234890771512159
0.216681904548928
0.189757155184456
0.158281970356152
0.126587748548776
0.0985182941912695
0.0768131230044366
0.0632046783422979
0.0585776182150605
-0.0868655141621774
-0.0733307363776495
-0.0340840616868325
0.0268682871239241
0.103055107167274
0.185973142424225
0.265715430082096
0.33211829575655
0.376158632055473
0.391588553706812
0.376158887831198
0.332101140686701
0.265716057218417
0.18599110004976
0.10301364015066
0.0268471013021466
-0.0340836338399338
-0.0733235363474732
-0.0868655105951293
-0.141852447266761
-0.124923748943555
-0.0759089564967422
4.39059903511498e-06
0.0945498766475591
0.197042615037716
0.295236897644318
0.376743943639387
0.430678068003759
0.44955187845056
0.430678380962919
0.376722915781556
0.295237668525278
0.19706476816424
0.0944985167901814
-2.19522723174196e-05
-0.075908422748112
-0.124914746946868
-0.141852442803527
-0.0868655141621775
-0.0733307363776495
-0.0340840616868325
0.0268682871239242
0.103055107167274
0.185973142424225
0.265715430082096
0.33211829575655
0.376158632055473
0.391588553706813
0.376158887831198
0.332101140686701
0.265716057218417
0.18599110004976
0.10301364015066
0.0268471013021466
-0.0340836338399338
-0.0733235363474733
-0.0868655105951293
0.0585776170010102
0.0632022086681265
0.0768129730211337
0.098525959424877
0.126603303254283
0.158274991018828
0.189756903830176
0.216688942941098
0.234890665039768
0.241329522010617
0.234890771512159
0.216681904548928
0.189757155184456
0.158281970356152
0.126587748548776
0.0985182941912695
0.0768131230044366
0.0632046783422978
0.0585776182150603
0.241329522025528
0.234890718276068
0.21668783483212
0.189755473260682
0.158273449341542
0.126601849884698
0.0985247525292784
0.0768121194137697
0.0632022473035682
0.0585776170116088
0.063202170032844
0.0768175413375561
0.0985245404756189
0.126595270427189
0.158289949607875
0.189764559211284
0.216687640131965
0.234887315296911
0.24132952031755
0.391588553742457
0.376158759943591
0.332115594906694
0.265711860766395
0.185969175717192
0.103051232687619
0.0268649514184875
-0.0340864967148538
-0.0733306237405613
-0.0868655141310372
-0.0733308490142811
-0.0340710300138128
0.0268643653286576
0.103033692691201
0.186011630264856
0.265734530418349
0.332115120353941
0.376150585048731
0.391588549659477
0.449551878494146
0.430678224483651
0.376740633068789
0.295232510212627
0.197037721572961
0.094545077832681
2.42918634810782e-07
-0.0759119942492136
-0.124923608116521
-0.141852447227798
-0.12492388977002
-0.075892699197178
-4.85836826498506e-07
0.0945233533049646
0.197090094900459
0.295260375920319
0.376740051385029
0.430668221936926
0.449551873501379
