9.99999962405744e-10
-8.49189818307734e-19
-6.28041253591791e-18
-1.32736019763801e-17
-2.7132047763027e-17
1.66092638006218e-17
-3.78517659150665e-17
9.99999994418932e-10
1.0000000037309e-09
9.99999985249851e-10
1.40166413716893e-18
6.11940516085937e-18
5.19780563727211e-19
-4.97946762801784e-18
7.46132592378086e-18
-2.51971183602936e-17
1.00000001078879e-09
-8.80906655634643e-18
2.00000001114572e-09
-0.000787342753885527
-0.00113781257988926
-0.00216995915711404
-0.00267802928966146
-0.00146992016850432
-0.000238098729139005
-0.00023624427275077
-0.000503164470398356
0.000494951173917128
-0.000911194259681294
-0.00260555685554965
-0.00112094052834306
-0.00083547990515645
-0.00111109743492022
-0.00243518608440332
-0.000821576929075939
0.000723502814259796
-0.00056293059382069
-0.000811346966457203
-0.00182169535426502
-0.00178668188675019
-0.00177061714135981
-0.0014735276093128
-0.00100055393305851
-0.000738766235132277
-0.00108253584320232
-0.000836646303168626
0.00129611936034321
0.00121193386497458
-0.000534144028012884
0.000311616178295809
0.000381765821795943
-2.86372044391581e-05
-0.000582544268551421
0.000961095075160248
0.00137239416647536
-0.00096983523029625
-0.00179254735910404
-0.00110466089799706
0.000504322281172087
-0.000347404897510395
-0.00034176585100637
-7.73415360642848e-05
0.000732233815999545
-0.000938501181317872
-0.00140603360525917
0.00100373336191153
0.00176597183202469
0.00178685978853421
0.00179484241366354
0.00122352758017727
0.000954589643372972
0.000788416973374256
0.00109711095055681
0.000855008492470388
-0.00131022888084713
-0.001079475324073
0.000878507093499258
0.00255666719855978
0.00123735587965497
0.000945479887065198
0.0011373951160577
0.00250237438819488
0.000821605907328431
-0.000730752940153137
0.000558364813529749
0.00081766126827431
0.00110592235436129
0.00212639714720454
0.00267802927169214
0.00152624123158457
0.000225224238243157
0.000257242853793312
0.000495916978805858
-0.000516529335611218
0.000890563684711361
2.21930000401567e-09
4.4930999895156e-10
8.5340999357333e-10
2.8657000281306e-10
-3.12410002691681e-10
-2.36710015182689e-10
1.48320004808864e-10
1.34290000995402e-09
1.55760001519993e-09
4.0000000054451e-09
2.68449998645364e-09
4.49169996834285e-09
3.12390004023399e-09
4.20420000408933e-09
4.27119995558006e-09
4.58849999182259e-09
4.04349998715723e-09
3.3952999997426e-09
2.43889999812438e-09
-0.000838507093499322
-0.00258366719855981
-0.00119735587965494
-0.000635479887065485
-0.0012573951160577
-0.00251337438819488
-0.000850605907328432
0.000729752940153174
-0.000556364813529761
-0.00080666126827434
-0.00113092235436138
-0.00215639714720454
-0.0026980292716922
-0.00147624123158462
-0.000268224238243228
-0.000233242853793385
-0.000493916978805881
0.000519529335611151
-0.000946563684711375
0.00110666089799678
-0.000474322281171918
0.00051740489751026
0.000281765851006671
1.73415360644191e-05
-0.000712233815999386
0.000914501181317945
0.00138503360525923
-0.000956733361911433
-0.0022939718320247
-0.00178685978853438
-0.00165484241366373
-0.00133352758017699
-0.00103458964337319
-0.000768416973374542
-0.00107811095055686
-0.000837008492470342
0.00132722888084719
0.00106147532407301
0.0017816953542649
0.00178668188674991
0.00181061714135977
0.00127352760931285
0.00101055393305818
0.000718766235131979
0.00106253584320207
0.000833646303168616
-0.00128811936034332
-0.00114993386497476
0.000524144028012846
-0.000351616178295822
-0.000311765821795956
-0.000171362795560875
0.000712544268551246
-0.00100809507516024
-0.00137639416647546
0.000972835230296197
0.00175254735910402
0.000800342753885512
0.00110081257988916
0.00212995915711395
0.00263802928966124
0.0014799201685043
0.000265098729138921
0.000238244272750744
0.000497164470398315
-0.000492951173917164
0.000894194259681312
0.00243255685554961
0.00123094052834299
0.000885479905156222
0.00102109743492022
0.00242618608440323
0.000844576929075865
-0.000740502814259837
0.000574930593820619
0.000780346966457256
5.09809996240574e-09
4.77419999915081e-09
7.03749999371959e-09
5.6543999867264e-09
6.49379997286795e-09
6.82510001660926e-09
7.13399996214823e-09
6.46259999441893e-09
4.0038000037309e-09
3.12989998524985e-09
1.77190000140166e-09
1.41790006119405e-10
-4.82539999480219e-10
-6.34370004979468e-10
-8.87049925386741e-11
8.70979974802882e-10
1.72710001078879e-09
3.98709999119093e-09
5.75830001114572e-09
