-3.00000005709076e-09
0.0017274320157598
0.00225111285348006
0.000833670310270429
-0.00223878197510818
-0.00563679609668982
-0.00677722003238557
-0.00551321517229014
-0.00206916069356428
0.00161249084277809
0.00367055306192107
0.00214237433349353
-4.61474068282652e-07
-0.00278906536218147
-0.0052713203994344
-0.00562536895317686
-0.00420788829141415
-0.00222992294937452
-4.33907081148395e-05
0.0010865890772224
0.00283515846240137
0.00308072127616721
0.00164554694627755
-0.00112752259741272
-0.00336217103312958
-0.00498961103283035
-0.00371924440993798
-0.00105783156579192
0.00243272273162842
0.00432026750179271
0.00351529644757313
0.00124420748909678
-0.00132842127740896
-0.00327697606906457
-0.00345820150890613
-0.0026152274903416
-0.00113685469238107
0.0010537209149236
0.00277473157053781
0.00455780506698084
0.00482852808248679
0.00372979745505322
0.00125038349495313
-0.000997421585371139
-0.00235501774867974
-0.00139620331272791
0.000970256730972618
0.00343267348742943
0.004678351721319
0.00552535906874994
0.003642593507793
0.00143296411970613
-0.000681351402648731
-0.00193853373504449
-0.000976896730253307
0.000944277132668189
0.00275411577833859
0.00324127637840677
0.00469848399219427
0.00553776350206622
0.00362397925304107
0.00146657208519395
-0.000717517555434331
-0.0019425334451192
-0.000956401698344864
0.000970669735215632
0.00275455290410363
0.00454792976168115
0.00481047090895947
0.00358144002871444
0.00120636524469514
-0.000973162250689302
-0.00234501734079992
-0.00128689911458479
0.000954275594638371
0.00326622990186634
0.00250923690111687
0.00438060783256441
0.00341504765626945
0.00123503751869163
-0.00131427650318459
-0.00325512205022516
-0.00346720065706495
-0.00262269966501895
-0.001153997943752
0.00108533139327704
0.00282549088071771
0.0030399903888656
0.00164964521349464
-0.00101294293308934
-0.00343596163925947
-0.00493961005777965
-0.00365091591613215
-0.00102240965989225
0.00255654664477356
0.00151820603179592
0.00370097290557814
0.002052294774606
4.28672537771931e-06
-0.00276566696669345
-0.00528650619016031
-0.00559536788731835
-0.00423972891062444
-0.00226731945753082
-4.07065701829584e-06
0.00171084373912865
0.0022355385355782
0.000568707932629864
-0.00251091092396005
-0.00572366984433831
-0.00686721884007102
-0.00540526037492672
-0.00209702980877696
0.00188406750427539
0.0025992369011168
0.00434060783256454
0.00343504765626956
0.00128003751869161
-0.00128627650318457
-0.00325212205022514
-0.00344320065706484
-0.00261869966501892
-0.00115299794375202
0.00108433139327705
0.00283549088071774
0.00304999038886547
0.00166964521349472
-0.00109294293308948
-0.00335596163925994
-0.00504961005778021
-0.00371091591613215
-0.000972409659892259
0.00242654664477376
0.00324127637840638
0.0047284839921945
0.0056177635020663
0.00360797925304118
0.00144657208519408
-0.000712517555434146
-0.00194753344511916
-0.000972401698344776
0.000944669735215606
0.00299355290410375
0.00455792976168114
0.00477047090895946
0.00358144002871458
0.00128636524469511
-0.0010031622506893
-0.00237501734080009
-0.00135689911458492
0.00100427559463848
0.00323622990186626
0.00275773157053787
0.00454780506698081
0.00484852808248684
0.00359979745505312
0.00126038349495294
-0.00101742158537113
-0.00237501774867968
-0.00137620331272806
0.000950256730972626
0.00328267348742939
0.00468835172131893
0.00553535906874987
0.00361359350779303
0.00148196411970615
-0.000712351402648775
-0.00192653373504443
-0.000976896730253217
0.000946277132668441
0.00274811577833864
0.00108658907722235
0.00282515846240131
0.00306072127616713
0.00161554694627764
-0.00110752259741292
-0.00330217103312991
-0.00497961103282984
-0.00368924440993812
-0.00108783156579201
0.00247272273162807
0.00453026750179261
0.00344529644757308
0.00123720748909675
-0.001349421277409
-0.00327897606906465
-0.00344020150890627
-0.00263222749034167
-0.00114385469238105
0.00105272091492365
-2.69620005709076e-09
0.0017154320157598
0.00224111285348008
0.000523670310270452
-0.00248878197510821
-0.00562679609668981
-0.00684722003238553
-0.00554321517229017
-0.00154916069356431
0.00157249084277811
0.00361055306192107
0.00208737433349353
-4.61546068282652e-07
-0.00278506536218147
-0.00529132039943442
-0.00568536895317684
-0.00422788829141417
-0.00222092294937451
-4.33910191148395e-05
