2.69596335300492e-18
-7.07952401291576e-18
-5.17181001258738e-18
-1.89550038727111e-17
-3.11249848658941e-18
-4.26221773237655e-18
-3.21428053958169e-17
9.99999987972297e-10
1.00000001730852e-09
2.00000000252591e-09
9.99999978020856e-10
9.99999932258762e-10
9.99999990010319e-10
1.00000000204582e-09
-1.37493420403648e-17
1.00000000739524e-09
-1.48372791334513e-18
-3.79922066273403e-18
-2.62431362758969e-18
-0.000739708505132955
-0.00118616489038875
-0.00287383795834421
-0.00143165109114095
4.41259315801627e-05
-0.000836074799770263
-0.000531535271606903
-0.000429767684239121
-0.00159800790664243
-0.00271037488958166
-0.00197789151112455
-0.00107266568873227
-0.000906241268750704
-0.000992463001471756
-0.000102257492072318
-0.00148231455553655
-0.00289961834829974
-0.00103242110491869
-0.000719706641992737
0.000466664126382299
8.64640388476556e-05
-0.0008857477455044
0.000526895625428556
0.000873895360689679
-0.000954284293757338
-0.00109480947378615
-0.000855435092604606
-0.00113161231621089
-0.00131012831373306
-0.00141142361589469
-0.00125823468976452
-0.00154833327387099
-0.00109434515552095
0.000847926446354987
0.000400659849585316
-0.0010353929773681
5.25097426719856e-05
0.000456667134723615
0.00123012828753888
0.00143151796586319
0.00126745022432342
0.00153451974385428
0.00113036335611894
-0.000867814920181134
-0.00041318186176785
0.000997766857363414
-0.000156558617792069
-0.000426664152644612
-8.63694602830367e-05
0.000854941980329871
-0.000460705048010879
-0.000857869541343273
0.000929409198389394
0.00107930615838216
0.000917804293135926
0.00112754905751203
0.00124013128814282
0.00276037487342581
0.00202794970876652
0.000973011123249309
0.000853208575462887
0.000994977088568112
8.47785871088171e-05
0.00147033004775469
0.0028990878373624
0.00101610632263546
0.000719708488867543
0.0011962234579065
0.00287514892912856
0.00143362504382855
-2.75995170757395e-05
0.000808617541631581
0.00053458101588242
0.000434229601760927
0.00163166985121176
0.00277037672404797
4.86140000423872e-09
3.86739999482764e-09
4.14430002981989e-09
3.42819999834439e-09
3.28379996044724e-09
2.07989997588331e-09
1.74080001545581e-09
1.05289999537756e-09
4.22350004336662e-10
-2.39229996338061e-10
-3.21459995900049e-10
-1.901699929624e-10
3.46560017181759e-10
8.34580017981583e-10
1.46629998509717e-09
3.03590001167293e-09
4.2912000223441e-09
4.95169999393626e-09
5.22350003418913e-09
-0.00281037487342603
-0.00200794970876654
-0.00100401112324933
-0.00100620857546303
-0.000966977088568074
-8.47785871088171e-05
-0.00147733004775474
-0.00290008783736241
-0.00102610632263546
-0.0007297084888679
-0.00118622345790648
-0.00287114892912847
-0.00143262504382854
3.2599517075755e-05
-0.000824617541631573
-0.000512581015882425
-0.000430229601760992
-0.00164166985121182
-0.00269037672404805
-0.00124012828753864
-0.00145151796586332
-0.00136745022432366
-0.00151151974385434
-0.00111836335611885
0.000867814920181217
0.000408181861767887
-0.00102776685736339
5.65586177919686e-05
0.00079666415264476
8.63694602831477e-05
-0.000924941980329802
0.000477705048010937
0.000856869541343321
-0.000926409198389343
-0.00107030615838209
-0.000867804293136043
-0.00116754905751207
-0.00122013128814308
-0.000436664126382408
-8.64640388476834e-05
0.000875747745504141
-0.000473895625428614
-0.000873895360689693
0.000951284293757272
0.00108480947378602
0.000855435092604273
0.0011116123162109
0.0012801283137332
0.00142142361589445
0.00127823468976435
0.00151933327387076
0.0011303451555209
-0.000837926446355039
-0.000408659849585449
0.00103539297736793
-6.25097426722732e-05
-0.000436667134723567
0.000729708505132681
0.00119616489038875
0.00288183795834411
0.00143165109114081
-4.21259315801573e-05
0.000845074799770182
0.000534535271606768
0.000436767684238962
0.00159800790664232
0.00274037488958165
0.00215789151112453
0.000989665688732322
0.000884241268750648
0.00101246300147172
9.92574920722598e-05
0.00148731455553656
0.00289261834829969
0.000992421104918623
0.00073970664199266
3.32140002695963e-10
-6.94940007079524e-10
6.6923999482819e-10
-1.74820018955004e-10
1.3237999968875e-09
2.68039999573778e-09
4.19619996785719e-09
7.1229999879723e-09
7.20760001730852e-09
9.43800000252591e-09
7.81429997802086e-09
7.93229993225876e-09
6.80379999001032e-09
5.64930000204582e-09
4.20749998625066e-09
3.45630000739524e-09
2.20509999851627e-09
3.16389996200779e-10
-4.84180002624314e-10
