-2.69596335300492e-18
7.07952401291576e-18
5.17181001258738e-18
1.89550038727111e-17
3.11249848658941e-18
4.26221773237655e-18
3.21428053958169e-17
1.20277030398022e-17
-1.73085156014387e-17
-2.52590934468138e-18
2.19791436326871e-17
6.77412378968069e-17
9.9896811060826e-18
-2.04581556679289e-18
1.37493420403648e-17
-7.39523677600697e-18
1.48372791334513e-18
3.79922066273403e-18
2.62431362758969e-18
0.117509708505133
0.110456164890389
0.0901808379583442
0.0592006510911409
0.0213068740684198
-0.0189489252002297
-0.0567564647283931
-0.0876042323157609
-0.107761992093358
-0.114769625110418
-0.107762108488875
-0.0875963343112677
-0.0567567587312493
-0.0189575369985282
0.0213272574920723
0.0592113145555366
0.0901806183482997
0.110452421104919
0.117509706641993
0.188763335873618
0.177373535961152
0.144625747745504
0.0945651043745714
0.0332951046393103
-0.0318397157062427
-0.0930561905262138
-0.143034564907395
-0.175708387683789
-0.187069871686267
-0.175708576384105
-0.143021765310235
-0.093056666726129
-0.0318536548444791
0.033328073553645
0.0945823401504147
0.144625392977368
0.177367490257328
0.188763332865276
0.187069871712461
0.175708482034137
0.143032549775677
0.0930534802561457
0.0318366366438811
-0.0332981850798189
-0.0945678181382321
-0.144627766857363
-0.177373441382208
-0.188763335847355
-0.177373630539717
-0.14461494198033
-0.0945682949519891
-0.0333121304586567
0.0318695908016106
0.0930706938416178
0.143032195706864
0.175702450942488
0.187069868711857
0.114769625126574
0.107762050291233
0.0876029888767507
0.0567547914245371
0.0189470229114319
-0.0213087785871088
-0.0592023300477547
-0.0901820878373624
-0.110456106322635
-0.117509708488868
-0.110456223457906
-0.0901741489291286
-0.0592026250438286
-0.0213174004829243
0.0189673824583684
0.0567654189841176
0.0876027703982391
0.107758330148788
0.114769623275952
-4.23871759398636e-18
5.17235534016646e-18
-2.98198851666953e-17
1.65560693429551e-18
3.95527585910526e-17
2.41166906572725e-17
-1.54558110705628e-17
4.62244213860215e-18
-4.336662135222e-18
-3.66193878234303e-18
-4.09995106587839e-18
-7.03760022388629e-18
-1.7181759255416e-17
-1.79815833993005e-17
1.49028269616107e-17
-1.16729279859896e-17
-2.23441041423495e-17
6.06373988512619e-18
-3.41891350104672e-17
-0.114769625126574
-0.107762050291233
-0.0876029888767507
-0.056754791424537
-0.0189470229114319
0.0213087785871088
0.0592023300477547
0.0901820878373624
0.110456106322635
0.117509708488868
0.110456223457906
0.0901741489291285
0.0592026250438285
0.0213174004829242
-0.0189673824583684
-0.0567654189841176
-0.087602770398239
-0.107758330148788
-0.114769623275952
-0.187069871712461
-0.175708482034137
-0.143032549775676
-0.0930534802561457
-0.0318366366438811
0.0332981850798188
0.0945678181382321
0.144627766857363
0.177373441382208
0.188763335847355
0.177373630539717
0.14461494198033
0.0945682949519891
0.0333121304586567
-0.0318695908016107
-0.0930706938416179
-0.143032195706864
-0.175702450942488
-0.187069868711857
-0.188763335873618
-0.177373535961152
-0.144625747745504
-0.0945651043745714
-0.0332951046393103
0.0318397157062427
0.093056190526214
0.143034564907396
0.175708387683789
0.187069871686267
0.175708576384106
0.143021765310236
0.0930566667261292
0.0318536548444791
-0.033328073553645
-0.0945823401504146
-0.144625392977368
-0.177367490257328
-0.188763332865276
-0.117509708505133
-0.110456164890389
-0.0901808379583441
-0.0592006510911408
-0.0213068740684198
0.0189489252002298
0.0567564647283932
0.087604232315761
0.107761992093358
0.114769625110418
0.107762108488875
0.0875963343112677
0.0567567587312494
0.0189575369985283
-0.0213272574920723
-0.0592113145555366
-0.0901806183482997
-0.110452421104919
-0.117509706641993
-2.69596335300492e-18
7.07952401291576e-18
5.17181001258738e-18
1.89550038727111e-17
3.11249848658941e-18
4.26221773237655e-18
3.21428053958169e-17
1.20277030398022e-17
-1.73085156014387e-17
-2.52590934468137e-18
2.19791436326871e-17
6.77412378968069e-17
9.98968110608262e-18
-2.04581556679286e-18
1.37493420403649e-17
-7.39523677600694e-18
1.48372791334516e-18
3.79922066273405e-18
2.62431362758969e-18
