0.44554
0.42766
0.3753
0.29583
0.19834
0.0955
7e-09
-0.077731
-0.12905
-0.14718
-0.12889
-0.077673
-2.7e-08
0.095665
0.19826
0.29645
0.37475
0.42738
0.44562
0.38851
0.37387
0.33144
0.26686
0.18821
0.1055
0.027875
-0.034934
-0.076005
-0.090675
-0.07558
-0.035113
0.027747
0.1057
0.18756
0.26731
0.33126
0.37524
0.3886
0.23927
0.23376
0.21809
0.19325
0.16248
0.13093
0.10116
0.077486
0.061989
0.056372
0.061831
0.077144
0.10095
0.13069
0.1631
0.19255
0.21752
0.23394
0.23925
0.056314
0.061839
0.077151
0.10093
0.13073
0.16301
0.19255
0.21762
0.23409
0.23921
0.23377
0.21807
0.19311
0.16245
0.13094
0.10116
0.077525
0.061985
0.056306
-0.0907
-0.075599
-0.035081
0.027713
0.10568
0.1875
0.26733
0.33128
0.37529
0.38857
0.37382
0.33138
0.26685
0.18828
0.10548
0.027879
-0.034972
-0.076017
-0.090703
-0.14714
-0.12891
-0.077638
-1.1062e-08
0.09568
0.19826
0.29638
0.37482
0.42759
0.44554
0.42748
0.3753
0.29546
0.19815
0.095484
2.0821e-08
-0.077754
-0.12905
-0.14729
-0.090729
-0.075592
-0.035089
0.027772
0.10562
0.18749
0.26727
0.33127
0.37528
0.38856
0.37384
0.33141
0.26688
0.18823
0.10551
0.027873
-0.03497
-0.076028
-0.09066
0.056314
0.061846
0.077195
0.10092
0.1307
0.16302
0.19252
0.21755
0.23396
0.2399
0.23377
0.21802
0.19316
0.1625
0.13093
0.10115
0.077497
0.062002
0.056306
0.23922
0.23376
0.21811
0.19314
0.16248
0.13092
0.10114
0.077489
0.061979
0.056326
0.061853
0.077152
0.10093
0.13078
0.16301
0.19261
0.21752
0.23395
0.23922
0.38853
0.37381
0.33138
0.26681
0.18823
0.10552
0.027876
-0.034971
-0.076
-0.090688
-0.075656
-0.035083
0.027743
0.10574
0.18758
0.26726
0.33134
0.37533
0.38853
0.44565
0.42751
0.37527
0.29539
0.19817
0.095503
7.5981e-09
-0.077725
-0.12925
-0.14717
-0.12884
-0.077644
-2.6383e-08
0.095648
0.19828
0.29648
0.37482
0.42728
0.44559
