1e-09
0
0
0
0
0
0
1e-09
1e-09
1e-09
0
0
0
0
0
0
1e-09
0
2e-09
-0.057822
-0.08917
-0.11046
-0.11801
-0.10976
-0.088269
-0.057271
-0.019541
0.021906
0.058583
0.088017
0.10988
0.11725
0.10989
0.088174
0.058662
0.022135
-0.019592
-0.057864
-0.095334
-0.14552
-0.17834
-0.18946
-0.17757
-0.14447
-0.094595
-0.032826
0.034754
0.096246
0.1448
0.17856
0.19007
0.17822
0.14473
0.095978
0.034831
-0.032945
-0.095334
-0.096136
-0.14483
-0.17859
-0.19003
-0.17832
-0.1446
-0.09597
-0.034861
0.032996
0.095281
0.14552
0.17837
0.18921
0.17753
0.1445
0.094595
0.032848
-0.034751
-0.09614
-0.058614
-0.088066
-0.10976
-0.11714
-0.10986
-0.088119
-0.058671
-0.02214
0.019598
0.057854
0.089138
0.11042
0.11801
0.10982
0.088244
0.057283
0.019536
-0.021917
-0.05862
2.2193e-09
4.4931e-10
8.5341e-10
2.8657e-10
-3.1241e-10
-2.3671e-10
1.4832e-10
1.3429e-09
1.5576e-09
4e-09
2.6845e-09
4.4917e-09
3.1239e-09
4.2042e-09
4.2712e-09
4.5885e-09
4.0435e-09
3.3953e-09
2.4389e-09
0.058654
0.088039
0.1098
0.11745
0.10974
0.088108
0.058642
0.022139
-0.019596
-0.057843
-0.089163
-0.11045
-0.11803
-0.10977
-0.088287
-0.057259
-0.019534
0.02192
0.058564
0.096138
0.14486
0.17876
0.18997
0.17826
0.14462
0.095946
0.03484
-0.032949
-0.095809
-0.14552
-0.17823
-0.18932
-0.17761
-0.14448
-0.094576
-0.03283
0.034768
0.096122
0.095294
0.14552
0.17838
0.18926
0.17758
0.14445
0.094575
0.032823
-0.034746
-0.096184
-0.14481
-0.1786
-0.19
-0.17842
-0.1446
-0.096025
-0.034835
0.032948
0.095294
0.057835
0.089133
0.11042
0.11797
0.10977
0.088296
0.057273
0.019535
-0.021904
-0.0586
-0.08819
-0.10977
-0.1172
-0.10998
-0.088183
-0.058639
-0.022152
0.019604
0.057833
5.0981e-09
4.7742e-09
7.0375e-09
5.6544e-09
6.4938e-09
6.8251e-09
7.134e-09
6.4626e-09
4.0038e-09
3.1299e-09
1.7719e-09
1.4179e-10
-4.8254e-10
-6.3437e-10
-8.8705e-11
8.7098e-10
1.7271e-09
3.9871e-09
5.7583e-09
