3.75942562313911e-17
8.49189818307734e-19
6.28041253591791e-18
1.32736019763801e-17
2.7132047763027e-17
-1.66092638006218e-17
3.78517659150665e-17
5.58106755113445e-18
-3.73090423336725e-18
1.47501485358965e-17
-1.40166413716893e-18
-6.11940516085937e-18
-5.19780563727211e-19
4.97946762801784e-18
-7.46132592378086e-18
2.51971183602936e-17
-1.0788786400354e-17
8.80906655634643e-18
-1.11457187075881e-17
-0.0570346572461145
-0.0880321874201107
-0.108290040842886
-0.115331970710339
-0.108290079831496
-0.088030901270861
-0.0570347557272492
-0.0190378355296016
0.0214110488260829
0.0594941942596813
0.0906225568555497
0.111000940528343
0.118085479905156
0.11100109743492
0.0906091860844033
0.0594835769290759
0.0214114971857402
-0.0190290694061793
-0.0570526530335428
-0.093512304645735
-0.14373331811325
-0.17656938285864
-0.187986472390687
-0.176569446066941
-0.143731233764868
-0.0935124641567977
-0.0319893536968314
0.0334578806396568
0.0950340661350254
0.145334144028013
0.178248383821704
0.189688234178204
0.178248637204439
0.145312544268551
0.0950169049248397
0.0334586058335246
-0.0319751647697038
-0.093541452640896
-0.0950313391020029
-0.145334322281172
-0.17824259510249
-0.189688234148994
-0.178242658463936
-0.145332233816
-0.0950314988186821
-0.0334549663947408
0.0319922666380885
0.0935150281679753
0.143733140211466
0.176575157586336
0.187986472419823
0.176575410356627
0.143711583026626
0.0934978890494432
0.0319929915075296
-0.0334407711191529
-0.095060524675927
-0.0594925070934993
-0.0906226671985598
-0.110997355879655
-0.118085479887065
-0.110997395116058
-0.0906213743881949
-0.0594926059073284
-0.0214092470598469
0.0190396351864703
0.0570363387317257
0.0880320776456387
0.108293602852795
0.115331970728308
0.108293758768415
0.0880187757617568
0.0570257571462067
0.0190400830211941
-0.0214004706643888
-0.0595105636847114
-4.01567082154602e-18
1.048439584607e-18
6.42667014132669e-18
-2.81305976905769e-18
2.69168112006503e-18
1.51826886297275e-17
-4.80886417387887e-18
-9.95402478224619e-18
-1.51999317703459e-17
-5.44510199262405e-18
1.35463631566368e-17
3.16571456024377e-17
-4.02339929510408e-17
-4.08932634154599e-18
4.44199450438424e-17
8.1774069546367e-18
1.28427717554983e-17
2.57402050245064e-19
1.87561796237603e-18
0.0594925070934993
0.0906226671985598
0.110997355879655
0.118085479887065
0.110997395116058
0.0906213743881949
0.0594926059073284
0.0214092470598468
-0.0190396351864702
-0.0570363387317257
-0.0880320776456386
-0.108293602852795
-0.115331970728308
-0.108293758768415
-0.0880187757617568
-0.0570257571462066
-0.0190400830211941
0.0214004706643888
0.0595105636847114
0.0950313391020032
0.145334322281172
0.17824259510249
0.189688234148993
0.178242658463936
0.145332233815999
0.0950314988186821
0.0334549663947408
-0.0319922666380886
-0.0935150281679753
-0.143733140211466
-0.176575157586336
-0.187986472419823
-0.176575410356627
-0.143711583026625
-0.0934978890494431
-0.0319929915075297
0.0334407711191528
0.095060524675927
0.0935123046457351
0.14373331811325
0.17656938285864
0.187986472390687
0.176569446066942
0.143731233764868
0.0935124641567979
0.0319893536968314
-0.0334578806396567
-0.0950340661350252
-0.145334144028013
-0.178248383821704
-0.189688234178204
-0.178248637204439
-0.145312544268551
-0.0950169049248398
-0.0334586058335245
0.0319751647697038
0.093541452640896
0.0570346572461145
0.0880321874201108
0.108290040842886
0.115331970710339
0.108290079831496
0.0880309012708611
0.0570347557272493
0.0190378355296017
-0.0214110488260828
-0.0594941942596813
-0.0906225568555496
-0.111000940528343
-0.118085479905156
-0.11100109743492
-0.0906091860844032
-0.0594835769290759
-0.0214114971857402
0.0190290694061794
0.0570526530335427
3.75942562313911e-17
8.49189818307741e-19
6.28041253591793e-18
1.32736019763802e-17
2.7132047763027e-17
-1.66092638006218e-17
3.78517659150665e-17
5.58106755113447e-18
-3.73090423336722e-18
1.47501485358965e-17
-1.4016641371689e-18
-6.11940516085935e-18
-5.1978056372721e-19
4.9794676280178e-18
-7.46132592378094e-18
2.51971183602934e-17
-1.07887864003543e-17
8.809066556346e-18
-1.11457187075887e-17
