-3e-09
0.094066
0.19468
0.28917
0.36569
0.41497
0.43226
0.41509
0.36586
0.28994
0.1961
0.094456
1.3e-08
-0.076906
-0.12729
-0.14416
-0.12621
-0.07638
-3.5e-08
0.027323
0.10348
0.1847
0.26115
0.32322
0.364
0.37744
0.36364
0.32329
0.26193
0.18594
0.10414
0.027481
-0.034602
-0.074906
-0.088292
-0.074231
-0.034437
0.027325
0.098995
0.1282
0.1594
0.18905
0.21287
0.2284
0.23333
0.228
0.21259
0.18875
0.15925
0.12916
0.099863
0.076454
0.061038
0.055269
0.060747
0.075956
0.098987
0.18856
0.15927
0.12918
0.099843
0.076483
0.061006
0.055265
0.060768
0.075987
0.098976
0.12819
0.15939
0.1889
0.21282
0.22843
0.23334
0.22811
0.21258
0.18857
0.26201
0.186
0.10406
0.027468
-0.034601
-0.074872
-0.088301
-0.074237
-0.034441
0.027325
0.10347
0.18468
0.26115
0.32332
0.36394
0.37749
0.36371
0.32334
0.26202
0.28985
0.19613
0.094391
-1.134e-09
-0.076899
-0.12729
-0.14413
-0.12624
-0.076401
-1.999e-08
0.094049
0.19469
0.2889
0.3654
0.4149
0.43217
0.4152
0.36585
0.29017
0.2621
0.18596
0.10408
0.027513
-0.034573
-0.074869
-0.088277
-0.074233
-0.03444
0.027324
0.10348
0.18469
0.26117
0.32324
0.36402
0.37738
0.36365
0.32339
0.26189
0.18856
0.1593
0.12926
0.099827
0.076463
0.061011
0.05526
0.060752
0.075961
0.099215
0.1282
0.15935
0.1889
0.2129
0.2284
0.23331
0.22804
0.21263
0.18854
0.098978
0.12819
0.15942
0.18892
0.21288
0.22838
0.23331
0.22802
0.21257
0.1886
0.15926
0.12917
0.099834
0.076503
0.061007
0.055281
0.060747
0.075958
0.098981
0.027323
0.10347
0.18468
0.26112
0.32324
0.36406
0.37745
0.36367
0.32326
0.26197
0.18615
0.10407
0.027474
-0.034623
-0.074908
-0.088274
-0.074248
-0.034444
0.027324
-2.6962e-09
0.094054
0.19467
0.28886
0.36544
0.41498
0.43219
0.41506
0.36638
0.2899
0.19604
0.094401
1.2928e-08
-0.076902
-0.12731
-0.14422
-0.12623
-0.076371
-3.5311e-08
