5.70907615345155e-17
0.0923385679842402
0.19242888714652
0.28833632968973
0.367928781975108
0.42060679609669
0.439037220032386
0.42060321517229
0.367929160693564
0.288327509157222
0.192429446938079
0.0923136256665065
4.74474068282652e-07
-0.0741169346378185
-0.122018679600566
-0.138534631046823
-0.122002111708586
-0.0741500770506255
4.33557081148395e-05
0.0262364109227776
0.100644841537599
0.181619278723833
0.259504453053722
0.324347522597413
0.36736217103313
0.38242961103283
0.367359244409938
0.324347831565792
0.259497277268372
0.181619732498207
0.100624703552427
0.0262367925109032
-0.033273578722591
-0.0716290239309354
-0.0848337984910939
-0.0716157725096584
-0.0333001453076189
0.0262712790850764
0.0962202684294622
0.123642194933019
0.154571471917513
0.185320202544947
0.211619616505047
0.229397421585371
0.23568501774868
0.229396203312728
0.211619743269027
0.185317326512571
0.154571648278681
0.12363464093125
0.096220406492207
0.0750210358802939
0.0617193514026487
0.0572075337350445
0.0617238967302533
0.0750117228673318
0.0962328842216614
0.185318723621593
0.154571516007806
0.123642236497934
0.0962190207469589
0.075016427914806
0.0617235175554343
0.0572075334451192
0.0617244016983449
0.0750163302647844
0.0962214470958964
0.123642070238319
0.154579529091041
0.185318559971286
0.211613634755305
0.229403162250689
0.2356850173408
0.229396899114585
0.211625724405362
0.185303770098134
0.259500763098883
0.181619392167436
0.100644952343731
0.0262329624813084
-0.0332867234968154
-0.0716168779497748
-0.0848337993429351
-0.071614300334981
-0.033287002056248
0.026239668606723
0.100644509119282
0.181640009611134
0.259500354786505
0.324332942933089
0.367375961639259
0.38242961005778
0.367360915916132
0.324362409659892
0.259463453355226
0.288331793968204
0.192429027094422
0.092338705225394
-4.28785937771931e-06
-0.0741333330333065
-0.12200349380984
-0.138534632112682
-0.122000271089376
-0.0741336805424692
4.05066701829584e-06
0.0923381562608713
0.192454461464422
0.28833129206737
0.36791091092396
0.420623669844338
0.439037218840071
0.420605260374927
0.367947029808777
0.288285932495725
0.259500763098883
0.181619392167435
0.10064495234373
0.0262329624813084
-0.0332867234968154
-0.0716168779497749
-0.0848337993429352
-0.0716143003349811
-0.033287002056248
0.0262396686067229
0.100644509119282
0.181640009611135
0.259500354786505
0.32433294293309
0.36737596163926
0.38242961005778
0.367360915916132
0.324362409659892
0.259463453355226
0.185318723621594
0.154571516007805
0.123642236497934
0.0962190207469588
0.0750164279148059
0.0617235175554341
0.0572075334451192
0.0617244016983448
0.0750163302647844
0.0962214470958963
0.123642070238319
0.154579529091041
0.185318559971285
0.211613634755305
0.229403162250689
0.2356850173408
0.229396899114585
0.211625724405362
0.185303770098134
0.0962202684294621
0.123642194933019
0.154571471917513
0.185320202544947
0.211619616505047
0.229397421585371
0.23568501774868
0.229396203312728
0.211619743269027
0.185317326512571
0.154571648278681
0.12363464093125
0.096220406492207
0.0750210358802939
0.0617193514026488
0.0572075337350444
0.0617238967302532
0.0750117228673316
0.0962328842216614
0.0262364109227777
0.100644841537599
0.181619278723833
0.259504453053722
0.324347522597413
0.36736217103313
0.38242961103283
0.367359244409938
0.324347831565792
0.259497277268372
0.181619732498207
0.100624703552427
0.0262367925109033
-0.033273578722591
-0.0716290239309354
-0.0848337984910937
-0.0716157725096583
-0.0333001453076189
0.0262712790850764
5.70907615345155e-17
0.0923385679842402
0.19242888714652
0.28833632968973
0.367928781975108
0.42060679609669
0.439037220032386
0.42060321517229
0.367929160693564
0.288327509157222
0.192429446938079
0.0923136256665065
4.74474068282652e-07
-0.0741169346378185
-0.122018679600566
-0.138534631046823
-0.122002111708586
-0.0741500770506255
4.33557081148395e-05
