0
0
0
0
0
0
0
1e-09
1e-09
2e-09
1e-09
1e-09
1e-09
1e-09
0
1e-09
0
0
0
0.11677
0.10927
0.087307
0.057769
0.021351
-0.019785
-0.057288
-0.088034
-0.10936
-0.11748
-0.10974
-0.088669
-0.057663
-0.01995
0.021225
0.057729
0.087281
0.10942
0.11679
0.18923
0.17746
0.14374
0.095092
0.034169
-0.032794
-0.094151
-0.14389
-0.17684
-0.18838
-0.17712
-0.14428
-0.094605
-0.032948
0.034176
0.094983
0.14359
0.17742
0.18922
0.1883
0.17714
0.1443
0.094588
0.032967
-0.034166
-0.094981
-0.14363
-0.17753
-0.18919
-0.17746
-0.14376
-0.095029
-0.03417
0.032799
0.09415
0.14395
0.17683
0.18831
0.11753
0.10979
0.088576
0.057608
0.019942
-0.021224
-0.057732
-0.087283
-0.10944
-0.11679
-0.10926
-0.087299
-0.057769
-0.021345
0.019776
0.0573
0.088037
0.10939
0.11754
4.8614e-09
3.8674e-09
4.1443e-09
3.4282e-09
3.2838e-09
2.0799e-09
1.7408e-09
1.0529e-09
4.2235e-10
-2.3923e-10
-3.2146e-10
-1.9017e-10
3.4656e-10
8.3458e-10
1.4663e-09
3.0359e-09
4.2912e-09
4.9517e-09
5.2235e-09
-0.11758
-0.10977
-0.088607
-0.057761
-0.019914
0.021224
0.057725
0.087282
0.10943
0.11678
0.10927
0.087303
0.05777
0.02135
-0.019792
-0.057278
-0.088033
-0.1094
-0.11746
-0.18831
-0.17716
-0.1444
-0.094565
-0.032955
0.034166
0.094976
0.1436
0.17743
0.18956
0.17746
0.14369
0.095046
0.034169
-0.032796
-0.094141
-0.1439
-0.17687
-0.18829
-0.1892
-0.17746
-0.14375
-0.095039
-0.034169
0.032791
0.094141
0.14389
0.17682
0.18835
0.17713
0.1443
0.094576
0.032984
-0.034166
-0.094991
-0.14359
-0.17743
-0.1892
-0.11678
-0.10926
-0.087299
-0.057769
-0.021349
0.019794
0.057291
0.088041
0.10936
0.11751
0.10992
0.088586
0.057641
0.01997
-0.021228
-0.057724
-0.087288
-0.10946
-0.11677
3.3214e-10
-6.9494e-10
6.6924e-10
-1.7482e-10
1.3238e-09
2.6804e-09
4.1962e-09
7.123e-09
7.2076e-09
9.438e-09
7.8143e-09
7.9323e-09
6.8038e-09
5.6493e-09
4.2075e-09
3.4563e-09
2.2051e-09
3.1639e-10
-4.8418e-10
