0.385890605292829
0.369778211285912
0.32368655834243
0.253910079446403
0.169655938175983
0.0815005583316849
2.09614471743168e-07
-0.0655548152930392
-0.107930649759257
-0.12257629516866
-0.107930893389158
-0.065538140325826
-4.1922856419594e-07
0.0814818506045486
0.169700930555524
0.253933959570525
0.323686060913839
0.369769669945127
0.385890601031613
0.336216705230844
0.323058628499547
0.285458647565306
0.228654722794051
0.160261100829952
0.0889421081878823
0.0232379267099677
-0.029443302242433
-0.0634148130538967
-0.0751404304011379
-0.0634150081754089
-0.0294299214962622
0.0232374206305862
0.0889270004692877
0.160297564425267
0.228674138460576
0.28545824210803
0.323051655195485
0.336216701749994
0.207289372057422
0.201848534873072
0.186436339570592
0.163545280455491
0.136642403108141
0.109401116893452
0.0850834610894743
0.0661551241372788
0.0542295211140916
0.0501656866552587
0.0542294532635431
0.0661598653427367
0.0850832767764568
0.109395437778395
0.136656547244755
0.163553021576063
0.186436174471715
0.201845657861521
0.2072893706149
0.0501656866459385
0.0542294871887476
0.0661558705754011
0.0850845101000316
0.109402371380674
0.136643724646059
0.163546499284341
0.186437279207893
0.201848489865036
0.207289372044828
0.201848579880931
0.186431310896787
0.16354671343528
0.136649707383779
0.109388945194017
0.0850778476199935
0.0661560017284854
0.054231655780845
0.0501656877135633
-0.0751404304281202
-0.0634149106148506
-0.0294411956200662
0.0232408070391469
0.088945445390804
0.160264507779387
0.228657779773811
0.28546095516789
0.323058519409142
0.336216705200457
0.323058737589517
0.285446297894766
0.228658316891582
0.160279931327999
0.0889097286111065
0.0232225134100357
-0.0294408254757395
-0.0634086742876293
-0.0751404273372848
-0.122576295202373
-0.107930771574454
-0.0655521900380951
3.78864741726249e-06
0.0815046907525909
0.169660142009511
0.253913839352521
0.323689389386543
0.369778077665151
0.38589060525563
0.369778344906139
0.323671407348295
0.253914499975876
0.169679173111233
0.0814604630286486
-1.89426185119364e-05
-0.0655517287674039
-0.107922984859968
-0.122576291340514
-0.0751404304281203
-0.0634149106148506
-0.0294411956200663
0.0232408070391468
0.0889454453908041
0.160264507779387
0.228657779773811
0.28546095516789
0.323058519409142
0.336216705200457
0.323058737589517
0.285446297894766
0.228658316891582
0.160279931327999
0.0889097286111066
0.0232225134100357
-0.0294408254757395
-0.0634086742876293
-0.0751404273372848
0.0501656866459385
0.0542294871887474
0.066155870575401
0.0850845101000315
0.109402371380674
0.136643724646059
0.163546499284341
0.186437279207893
0.201848489865036
0.207289372044828
0.201848579880931
0.186431310896787
0.16354671343528
0.136649707383779
0.109388945194016
0.0850778476199935
0.0661560017284854
0.0542316557808449
0.050165687713563
0.207289372057422
0.201848534873073
0.186436339570592
0.163545280455491
0.136642403108142
0.109401116893452
0.0850834610894742
0.0661551241372787
0.0542295211140916
0.0501656866552584
0.0542294532635431
0.0661598653427367
0.0850832767764567
0.109395437778395
0.136656547244755
0.163553021576063
0.186436174471715
0.201845657861522
0.2072893706149
0.336216705230844
0.323058628499547
0.285458647565306
0.228654722794051
0.160261100829952
0.0889421081878823
0.0232379267099677
-0.029443302242433
-0.0634148130538967
-0.0751404304011379
-0.0634150081754088
-0.0294299214962621
0.0232374206305863
0.0889270004692877
0.160297564425266
0.228674138460577
0.28545824210803
0.323051655195484
0.336216701749993
0.385890605292829
0.369778211285912
0.32368655834243
0.253910079446403
0.169655938175983
0.0815005583316849
2.09614471743168e-07
-0.0655548152930392
-0.107930649759257
-0.12257629516866
-0.107930893389158
-0.065538140325826
-4.1922856419594e-07
0.0814818506045486
0.169700930555524
0.253933959570525
0.323686060913839
0.369769669945127
0.385890601031613
