-3e-09
-0.042676
-0.072709
-0.084581
-0.072434
-0.042364
-1.2e-08
0.054412
0.11127
0.16742
0.21497
0.24259
0.25184
0.2425
0.2154
0.16846
0.11212
0.054722
1.4e-08
0.014712
-0.019327
-0.043082
-0.051821
-0.042894
-0.0192
0.014625
0.058449
0.1057
0.15167
0.18964
0.21304
0.22223
0.21317
0.1895
0.15219
0.10647
0.05873
0.014683
0.05695
0.043928
0.034893
0.032149
0.034735
0.043461
0.056705
0.074375
0.092877
0.11021
0.12436
0.13334
0.13645
0.13335
0.12456
0.10967
0.093126
0.074751
0.057253
0.10996
0.12437
0.13329
0.13647
0.13333
0.12401
0.10954
0.092817
0.074655
0.056827
0.043746
0.034873
0.032127
0.034748
0.043515
0.056805
0.074401
0.092775
0.11036
0.15176
0.18958
0.21353
0.22243
0.21328
0.18993
0.15261
0.10625
0.058735
0.014681
-0.019294
-0.04307
-0.051875
-0.042872
-0.019186
0.014634
0.058603
0.10566
0.15188
0.16743
0.21435
0.24291
0.25159
0.24224
0.21413
0.16734
0.11196
0.054821
4.6962e-09
-0.042645
-0.072995
-0.085396
-0.072474
-0.042365
-2.3588e-08
0.05448
0.11119
0.16735
0.15229
0.18944
0.21296
0.22047
0.21334
0.18981
0.15231
0.10649
0.058855
0.014709
-0.019385
-0.043146
-0.051869
-0.042937
-0.019451
0.014599
0.058206
0.10564
0.15241
0.10997
0.12407
0.13311
0.13653
0.13319
0.12422
0.10956
0.092809
0.075555
0.056943
0.043859
0.034946
0.03214
0.034904
0.043486
0.056712
0.074308
0.092956
0.10998
0.057058
0.043918
0.035024
0.03214
0.034735
0.043471
0.056621
0.074273
0.092855
0.10976
0.12422
0.13332
0.13664
0.13338
0.12367
0.10974
0.093203
0.074698
0.056933
0.014689
-0.019381
-0.043071
-0.051833
-0.042931
-0.019148
0.014588
0.058326
0.10564
0.15162
0.18943
0.21354
0.22082
0.21333
0.18936
0.15212
0.1063
0.058735
0.014781
-1.5981e-09
-0.042628
-0.072697
-0.084509
-0.072506
-0.042532
-1.1758e-08
0.054435
0.11112
0.16723
0.21387
0.24403
0.2498
0.24343
0.21429
0.16749
0.1121
0.054966
1.366e-08
