9.88668071999389e-17
-0.0639353470739909
-0.105268745916139
-0.119553094425689
-0.105268825123157
-0.0639327115305047
-2.04444452592997e-07
0.0794987395996681
0.165471092916433
0.247655233844921
0.315702885095467
0.360665959091834
0.376373065530734
0.360666306538913
0.31567349063234
0.247632156596976
0.165472053462547
0.079517222432956
-3.73586806742022e-05
0.0226646259351027
-0.0287150028473209
-0.0618508244082111
-0.0732871796988352
-0.0618508878445674
-0.0287128879687041
0.022664461402594
0.0867551557077783
0.156308059270004
0.223021359655899
0.278417880760835
0.315097210849991
0.327924314027703
0.31509749451215
0.278393921155847
0.223002596776709
0.156308837733696
0.0867700818267046
0.0226345604954279
0.0829849172628887
0.0645242348398839
0.0528919914391714
0.0489284087572283
0.05289196938014
0.0645249842043283
0.0829848573405047
0.106705385254746
0.133272127312425
0.159514074833251
0.181837998288487
0.196872836252372
0.202176822506543
0.196872953284722
0.181828242176958
0.159506594019644
0.133272429274216
0.106710996162103
0.0829739675791709
0.159512886074882
0.181838078801919
0.196870162565684
0.202176822492949
0.196870191830936
0.181837135484068
0.159512955697934
0.133270913858443
0.106704233361448
0.0829838941378217
0.0645242987990374
0.0528899761253277
0.0489284087471668
0.0528898879116347
0.0645320491017279
0.0829903327010002
0.106703946719547
0.133265003167558
0.159525608666397
0.223018378100489
0.278418078489353
0.315090730379948
0.327924313994899
0.31509080131302
0.278415761845915
0.223018552723952
0.156304930958105
0.0867520914316522
0.0226618166769088
-0.0287148223397995
-0.0618566199654665
-0.0732871797279643
-0.0618568736472478
-0.0286929493269741
0.0226794953728793
0.086751328903796
0.156289693002653
0.223050287777265
0.247651566706879
0.315703127675447
0.360658021407371
0.376373065490576
0.360658108290639
0.315700285539414
0.247651781483497
0.165467232892957
0.0794949451416551
-3.49072229610406e-06
-0.0639351221270629
-0.105275982285207
-0.119553094462084
-0.105276299033924
-0.0639078641829999
1.84764265092006e-05
0.0794940009120538
0.165448430773972
0.247690813708641
0.223018378100489
0.278418078489353
0.315090730379949
0.327924313994899
0.315090801313019
0.278415761845915
0.223018552723952
0.156304930958105
0.0867520914316523
0.0226618166769088
-0.0287148223397995
-0.0618566199654664
-0.0732871797279644
-0.0618568736472478
-0.0286929493269742
0.0226794953728793
0.0867513289037961
0.156289693002653
0.223050287777265
0.159512886074882
0.181838078801919
0.196870162565684
0.202176822492948
0.196870191830936
0.181837135484068
0.159512955697935
0.133270913858443
0.106704233361448
0.0829838941378217
0.0645242987990373
0.0528899761253276
0.0489284087471668
0.0528898879116347
0.0645320491017278
0.0829903327010002
0.106703946719547
0.133265003167558
0.159525608666398
0.0829849172628886
0.0645242348398839
0.0528919914391714
0.0489284087572282
0.05289196938014
0.0645249842043282
0.0829848573405046
0.106705385254746
0.133272127312425
0.159514074833251
0.181837998288487
0.196872836252372
0.202176822506543
0.196872953284722
0.181828242176959
0.159506594019644
0.133272429274216
0.106710996162102
0.0829739675791709
0.0226646259351027
-0.0287150028473209
-0.0618508244082111
-0.0732871796988351
-0.0618508878445673
-0.0287128879687041
0.0226644614025941
0.0867551557077782
0.156308059270003
0.223021359655899
0.278417880760835
0.315097210849991
0.327924314027703
0.315097494512151
0.278393921155847
0.223002596776709
0.156308837733696
0.0867700818267047
0.022634560495428
9.88668071999389e-17
-0.0639353470739909
-0.105268745916139
-0.119553094425689
-0.105268825123157
-0.0639327115305047
-2.04444452592997e-07
0.0794987395996681
0.165471092916433
0.247655233844921
0.315702885095467
0.360665959091834
0.376373065530734
0.360666306538913
0.31567349063234
0.247632156596976
0.165472053462547
0.079517222432956
-3.73586806742022e-05
