1e-09
0.080808
0.16667
0.24772
0.31452
0.35637
0.37066
0.35679
0.31447
0.24861
0.16775
0.081205
1.2e-08
-0.065743
-0.10928
-0.12414
-0.10836
-0.065236
-3e-08
0.02322
0.088527
0.15829
0.2241
0.27779
0.3129
0.32419
0.31278
0.27775
0.22464
0.15821
0.088969
0.023447
-0.029529
-0.064113
-0.076364
-0.064072
-0.029395
0.023189
0.085089
0.11037
0.13717
0.16227
0.18259
0.1961
0.20076
0.19586
0.18253
0.16213
0.13712
0.11022
0.085609
0.065169
0.0523
0.047539
0.052066
0.065173
0.085242
0.16196
0.13713
0.1103
0.085653
0.065203
0.052056
0.047555
0.051988
0.065117
0.085066
0.11021
0.13711
0.16222
0.18261
0.19616
0.2009
0.19589
0.18247
0.16215
0.22463
0.15823
0.089024
0.02346
-0.029554
-0.064155
-0.076397
-0.064015
-0.029403
0.023199
0.088475
0.15828
0.22415
0.27774
0.31287
0.32419
0.31299
0.27768
0.22478
0.24857
0.16757
0.08132
1.366e-09
-0.065635
-0.10908
-0.12388
-0.10832
-0.065158
-1.8124e-08
0.080836
0.16692
0.24854
0.31463
0.35635
0.37099
0.35695
0.31449
0.24852
0.22494
0.15819
0.088988
0.02333
-0.02958
-0.064129
-0.076356
-0.06409
-0.029558
0.023238
0.088577
0.15836
0.22417
0.27789
0.31437
0.324
0.31233
0.27737
0.22504
0.16197
0.13703
0.11015
0.085641
0.06515
0.05218
0.047532
0.051984
0.065367
0.085102
0.11027
0.13724
0.16234
0.18281
0.19613
0.2006
0.19583
0.18259
0.16198
0.085146
0.11033
0.13738
0.16236
0.18263
0.1961
0.20064
0.19581
0.18252
0.16189
0.13708
0.11026
0.085658
0.06519
0.052073
0.047584
0.052087
0.065124
0.085138
0.023191
0.088601
0.1583
0.22408
0.27795
0.3126
0.32392
0.31253
0.27768
0.22462
0.15819
0.089052
0.023382
-0.029578
-0.06409
-0.076339
-0.063992
-0.029398
0.023259
-3.6962e-09
0.080776
0.16683
0.24764
0.31479
0.35676
0.37064
0.35683
0.31432
0.24848
0.16746
0.081456
1.2294e-08
-0.065762
-0.10912
-0.12394
-0.10835
-0.065349
-2.9481e-08
