-0.00442210387437267
-0.00135027024159437
-0.000185097857202859
-0.0011260892681336
-0.00083291728122771
0.000350082770192744
-1.34184930490327e-07
0.000740945536785657
-0.00143147496105768
-0.00434857148013731
-0.00213231435200864
0.000581952835918567
2.5636961093963e-07
0.00073041553497017
-4.25777755045931e-05
-2.1831851479498e-05
-0.000294769935496625
-0.00190463950163278
-0.00392210106523488
-0.00115539335307208
-6.11453234393711e-05
0.00107603043130469
0.000553093751012562
-0.000259523595987202
-0.000345637913438737
-0.000638225149161772
9.20180199456833e-05
-0.00127781612583171
-0.0025428936419014
-0.00144868749514902
6.21969807104369e-05
-0.000429891524562432
-5.56783957274751e-05
3.64383719912154e-05
0.00073029428870991
0.000976297722417641
1.34517138220824e-05
-0.00158539105837829
-0.000952146347199478
-0.000275362944908125
0.000824876082796466
0.00186543441288108
0.00274771864835273
0.00232009342438584
0.000726112413750188
-0.000185689376531621
-0.00139892958909911
-0.00139891283253623
-0.00138088485972884
-3.18149390999001e-05
0.00101823391910856
0.0028228372885991
0.00343339435638718
0.00160033120507634
0.000864984921545325
-0.000353466321846185
-0.000262145396240393
-0.00149791282639206
-0.00135390722436794
-5.7181453720731e-05
0.00103442087060558
0.00283126642409227
0.00301884744597931
0.00148463091979002
0.00045425664219198
-0.000445333274092269
-0.00122214633889758
-0.000785392615606839
0.000808191154195864
0.00181448974426701
0.00279790342346456
0.00244411741922933
0.000845813002185523
-0.000171267914257971
-0.00143133683342956
-0.00137591353020632
-0.00254289362411374
-0.00141875181036002
3.86292634209293e-05
-0.000418123959315987
-3.18379101752683e-05
0.000278230428021983
0.001141078486837
0.000604509181841212
2.89265926355919e-05
-0.00150539333303981
-0.000281217239227416
0.000954171750703448
0.000750724400684438
-0.000311937295489964
-0.000368292204199962
-0.000625064181925008
6.13852517950542e-05
-0.00125886300762813
-0.0026228956616967
-0.00430657145791231
-0.00192039465637078
0.000548214880171372
-2.50630037614791e-06
0.000638358538936644
-0.000665688590093041
-0.00113856792507552
-0.000596964176979242
-0.00140018215428159
-0.00476210384984979
-0.00160035832855532
0.000644890189204411
0.000160996569724764
-0.000778234534305491
0.000459514946449351
1.24986390956451e-05
0.000707910794972094
-0.00137552792122105
-0.00426457400378018
-0.00276989362411366
-0.00136875181035998
9.86292634209511e-05
-0.000561123959315932
-1.38379101753267e-05
0.000208230428021941
0.000981078486837039
0.000994509181841047
0.000398926592635379
-0.00122539333303989
0.000488782760772521
0.00130417175070352
0.000720724400684519
-0.000151937295489984
0.000468707795800008
-0.000651064181924985
0.000204385251795041
-0.00116986300762813
-0.0028228956616967
-0.00148591282639204
-0.00143390722436783
-9.01814537206461e-05
0.00104842087060564
0.00269726642409229
0.00316484744597935
0.00148463091978994
0.000464256642192004
0.00109466672590774
-0.000962146338897518
-0.000475392615606779
0.000998191154196068
0.00190448974426692
0.00306090342346466
0.00235611741922936
0.000709813002185519
-0.000225267914257962
-0.00137033683342951
-0.00148391353020615
-0.000702146347199728
-0.000295362944908228
0.00136487608279634
0.00188543441288114
0.00280571864835259
0.00233709342438586
0.000618112413750226
-0.000239689376531613
-0.00136992958909911
-0.00153091283253606
-0.00138588485972883
-3.68149390998704e-05
0.00111823391910859
0.00282783728859912
0.00277339435638718
0.00166033120507635
0.000954984921545096
-0.00040346632184643
-0.000842145396240557
-0.0013653933530722
0.000488854676560541
0.000986030431304658
0.000613093751012511
-8.95235959870594e-05
-0.000515637913438755
-0.000645225149161779
0.00017501801994568
-0.00124281612583175
-0.00252789364190141
-0.00136568749514909
2.51969807104173e-05
-0.000524891524562466
-2.86783957274966e-05
-8.35616280086271e-05
0.000660294288709673
0.000726297722417724
2.34517138221757e-05
-0.000225391058377988
-0.00430210387437269
-0.00157027024159437
-0.000205097857202852
-0.00127608926813358
-0.000752917281227714
0.000617082770192741
-1.34818930490327e-07
0.000762945536785659
-0.00128847496105769
-0.00416757148013731
-0.00173031435200864
0.00029995283591857
2.5654861093963e-07
0.000919415534970172
-0.00062257777550459
-0.0010218318514795
-0.000334769935496637
-0.000614639501632763
-0.00461210106523491
