0.254392103874373
0.243770270241594
0.213385097857203
0.167386089268134
0.111842917281228
0.0537279172298073
1.38184930490327e-07
-0.0432159455367857
-0.0711515250389423
-0.0808064285198627
-0.0711516856479914
-0.0432049528359186
-2.7636961093963e-07
0.0537155844650298
0.111872577775505
0.167401831851479
0.213384769935497
0.243764639501633
0.254392101065235
0.221645393353072
0.212971145323439
0.188183969568695
0.150736906248987
0.105649523595987
0.0586336379134387
0.0153192251491618
-0.0194100180199457
-0.0418051838741683
-0.0495351063580986
-0.041805312504851
-0.0194011969807104
0.0153188915245624
0.0586236783957275
0.105673561628009
0.15074970571129
0.188183702277582
0.212966548286178
0.221645391058378
0.136652146347199
0.133065362944908
0.122905123917204
0.107814565587119
0.0900792813516473
0.0721209065756142
0.0560898875862498
0.0436116893765316
0.0357499295890991
0.0330709128325362
0.0357498848597288
0.0436148149390999
0.0560897660808914
0.0721171627114009
0.0900886056436128
0.107819668794924
0.122905015078455
0.133063466321846
0.13665214539624
0.0330709128263921
0.0357499072243679
0.0436121814537207
0.0560905791293944
0.0721217335759077
0.0900801525540207
0.10781536908021
0.122905743357808
0.133065333274092
0.136652146338898
0.133065392615607
0.122901808845804
0.107815510255733
0.0900840965765354
0.0721128825807707
0.0560861869978145
0.043612267914258
0.0357513368334296
0.0330709135302063
-0.0495351063758863
-0.04180524818964
-0.0194086292634209
0.015321123959316
0.0586358379101753
0.105651769571978
0.150738921513163
0.188185490818159
0.212971073407364
0.22164539333304
0.212971217239227
0.188175828249297
0.150739275599316
0.10566193729549
0.0586122922042
0.015309064181925
-0.0194083852517951
-0.0418011369923719
-0.0495351043383033
-0.0808064285420877
-0.0711516053436292
-0.0432142148801714
2.49760417614791e-06
0.0537306414610634
0.111845688590093
0.167388567925076
0.213386964176979
0.243770182154282
0.25439210384985
0.243770358328555
0.213375109810796
0.167389003430275
0.111858234534305
0.0537014850535507
-1.24876130956451e-05
-0.0432139107949721
-0.071146472078779
-0.0808064259962198
-0.0495351063758863
-0.04180524818964
-0.019408629263421
0.0153211239593159
0.0586358379101753
0.105651769571978
0.150738921513163
0.188185490818159
0.212971073407365
0.22164539333304
0.212971217239227
0.188175828249296
0.150739275599315
0.10566193729549
0.0586122922042
0.015309064181925
-0.019408385251795
-0.0418011369923719
-0.0495351043383033
0.033070912826392
0.0357499072243678
0.0436121814537206
0.0560905791293944
0.0721217335759077
0.0900801525540206
0.10781536908021
0.122905743357808
0.133065333274092
0.136652146338898
0.133065392615607
0.122901808845804
0.107815510255733
0.0900840965765353
0.0721128825807706
0.0560861869978145
0.043612267914258
0.0357513368334295
0.0330709135302062
0.1366521463472
0.133065362944908
0.122905123917204
0.107814565587119
0.0900792813516474
0.0721209065756141
0.0560898875862498
0.0436116893765316
0.0357499295890991
0.0330709128325361
0.0357498848597288
0.0436148149390999
0.0560897660808914
0.0721171627114009
0.0900886056436128
0.107819668794924
0.122905015078455
0.133063466321846
0.136652145396241
0.221645393353072
0.212971145323439
0.188183969568695
0.150736906248988
0.105649523595987
0.0586336379134388
0.0153192251491618
-0.0194100180199457
-0.0418051838741683
-0.0495351063580986
-0.0418053125048509
-0.0194011969807104
0.0153188915245625
0.0586236783957275
0.105673561628009
0.15074970571129
0.188183702277582
0.212966548286178
0.221645391058378
0.254392103874373
0.243770270241594
0.213385097857203
0.167386089268134
0.111842917281228
0.0537279172298073
1.38184930490327e-07
-0.0432159455367857
-0.0711515250389423
-0.0808064285198627
-0.0711516856479914
-0.0432049528359186
-2.7636961093963e-07
0.0537155844650298
0.111872577775505
0.167401831851479
0.213384769935497
0.243764639501633
0.254392101065235
