8e-09
-4e-09
1e-09
-8e-09
0
-7e-09
2e-09
3e-09
0
1e-09
0
1e-09
0
5e-09
0
-8e-09
8e-09
-3e-09
7e-09
-0.08592
-0.1316
-0.16314
-0.16862
-0.16075
-0.13003
-0.085003
-0.030022
0.030335
0.088452
0.13704
0.16613
0.17571
0.16338
0.13547
0.088857
0.029839
-0.030229
-0.086467
-0.14032
-0.21782
-0.2643
-0.27985
-0.26234
-0.21359
-0.13995
-0.047113
0.04848
0.13939
0.21952
0.26729
0.28266
0.2626
0.21479
0.14056
0.048391
-0.047887
-0.13803
-0.14144
-0.21919
-0.26436
-0.28304
-0.26397
-0.21641
-0.14016
-0.047731
0.04595
0.13935
0.21681
0.26487
0.2828
0.26281
0.21475
0.13762
0.047814
-0.048314
-0.13881
-0.087013
-0.13676
-0.16547
-0.17429
-0.16627
-0.1349
-0.087814
-0.03079
0.029307
0.086366
0.12754
0.16356
0.17195
0.16188
0.13005
0.08463
0.029881
-0.030407
-0.087934
6.1562e-09
6.9347e-10
1.1959e-09
-3.9825e-10
-1.2425e-09
5.7933e-10
4.0653e-09
4.2348e-10
3.0363e-09
7.866e-09
3.8468e-09
1.0754e-08
-7.6981e-09
8.6188e-09
2.7414e-09
8.7487e-09
6.6343e-09
5.9802e-09
4.3085e-09
0.087398
0.13387
0.16588
0.17472
0.16497
0.13345
0.087901
0.030679
-0.030419
-0.087168
-0.13248
-0.16336
-0.17208
-0.16207
-0.13141
-0.085473
-0.029813
0.030067
0.087737
0.14087
0.21874
0.26467
0.28223
0.26611
0.21836
0.13931
0.0483
-0.048004
-0.14081
-0.21548
-0.26515
-0.2813
-0.26319
-0.21284
-0.13888
-0.047457
0.048552
0.14043
0.14084
0.21652
0.25901
0.27882
0.26083
0.21437
0.13958
0.047837
-0.048323
-0.13893
-0.21804
-0.26651
-0.28211
-0.26257
-0.21724
-0.13986
-0.04851
0.048089
0.14099
0.086556
0.1328
0.16333
0.17274
0.16123
0.13038
0.085375
0.029947
-0.030274
-0.08676
-0.13523
-0.16512
-0.17556
-0.16438
-0.137
-0.089058
-0.030448
0.030319
0.086165
1.2428e-08
-7.2454e-09
1.1793e-08
-1.5296e-09
1.1426e-08
8.63e-09
1.0268e-08
8.0966e-09
5.5807e-09
1.0583e-08
1.65e-09
6.4322e-09
-5.34e-10
1.9358e-10
-1.1804e-09
-1.3153e-10
-7.4982e-09
1.0054e-08
8.1865e-09
