1.74173622242063e-17
5.81174882147791e-17
4.16910568040461e-17
-4.36837760323105e-18
-2.90313255176899e-17
-3.35395022251165e-17
2.29803615749434e-17
-2.06161424893784e-17
-1.48464028027536e-17
8.50847528291237e-18
-1.36768929212143e-18
-2.23063079172325e-18
7.54535370358998e-18
-1.33811888717759e-18
1.03848774312318e-17
-1.88141266939355e-17
-3.75819681992322e-17
-1.76555493672492e-18
-3.0622025750594e-17
-0.0842838141071088
-0.130446500764178
-0.160643562163717
-0.171147606701388
-0.160643620309747
-0.1304445844301
-0.0842839607118523
-0.0277297195194079
0.0324938645006149
0.0892730168543319
0.13577897787602
0.166286710258546
0.176906124106293
0.166286945374355
0.135758978560002
0.0892571713143418
0.0324945324101459
-0.0277166723113372
-0.0843106036870129
-0.138865030117319
-0.213729423370558
-0.262740888006063
-0.279796804462546
-0.262740982410137
-0.213726314043457
-0.138865267758178
-0.0472475464973489
0.0501946298110894
0.14195103559783
0.2170249085775
0.266233883726828
0.283355760461914
0.266234262849662
0.216992639527016
0.141925444018028
0.050195709809703
-0.0472264226492146
-0.138908455046206
-0.141946968920865
-0.217025174879672
-0.266225222381773
-0.283355760418182
-0.266225317186038
-0.217022054807126
-0.141947207097708
-0.0501902897573049
0.0472518831557868
0.138869087642665
0.21372915798553
0.262749512788965
0.279796804506082
0.26274989031138
0.213697000061199
0.138843553649565
0.0472529623094399
-0.0501691493747713
-0.141990491807018
-0.0892704988893641
-0.135779142921545
-0.166281338862122
-0.176906124079166
-0.166281397655676
-0.135777209200913
-0.0892706463613504
-0.0324911804571816
0.0277323980690376
0.0842863172643984
0.130446337202627
0.160648874401128
0.171147606728197
0.160649106927396
0.130426517693112
0.0842705649019536
0.0277330646113897
-0.032478106495807
-0.0892974469679709
1.08282750571336e-17
2.97656526099798e-18
4.83302103013239e-18
1.59762229273201e-19
-7.73098659389724e-19
4.94676971936382e-18
1.48026350060677e-17
1.1487793262612e-17
-1.28775913468702e-17
-4.00935987400981e-17
5.54235665295049e-18
4.38946591358821e-17
-4.03574187186813e-17
-5.38815605175157e-17
-5.256713297093e-17
-4.33296033604764e-17
-3.32567058028621e-18
2.8320063652821e-17
-1.54173320644517e-18
0.0892704988893641
0.135779142921545
0.166281338862122
0.176906124079166
0.166281397655676
0.135777209200913
0.0892706463613505
0.0324911804571815
-0.0277323980690376
-0.0842863172643984
-0.130446337202627
-0.160648874401128
-0.171147606728197
-0.160649106927396
-0.130426517693112
-0.0842705649019535
-0.0277330646113898
0.0324781064958069
0.0892974469679709
0.141946968920865
0.217025174879672
0.266225222381773
0.283355760418182
0.266225317186038
0.217022054807125
0.141947207097708
0.0501902897573049
-0.0472518831557869
-0.138869087642665
-0.21372915798553
-0.262749512788965
-0.279796804506082
-0.26274989031138
-0.213697000061199
-0.138843553649565
-0.04725296230944
0.0501691493747713
0.141990491807018
0.138865030117319
0.213729423370558
0.262740888006063
0.279796804462546
0.262740982410137
0.213726314043457
0.138865267758178
0.0472475464973491
-0.0501946298110894
-0.14195103559783
-0.2170249085775
-0.266233883726828
-0.283355760461914
-0.266234262849662
-0.216992639527016
-0.141925444018028
-0.0501957098097029
0.0472264226492146
0.138908455046206
0.0842838141071089
0.130446500764178
0.160643562163717
0.171147606701388
0.160643620309747
0.130444584430101
0.0842839607118522
0.0277297195194079
-0.0324938645006149
-0.0892730168543319
-0.13577897787602
-0.166286710258546
-0.176906124106293
-0.166286945374355
-0.135758978560002
-0.0892571713143417
-0.032494532410146
0.0277166723113373
0.0843106036870131
1.74173622242063e-17
5.81174882147791e-17
4.16910568040461e-17
-4.36837760323104e-18
-2.90313255176898e-17
-3.35395022251164e-17
2.29803615749434e-17
-2.06161424893784e-17
-1.48464028027535e-17
8.50847528291239e-18
-1.36768929212141e-18
-2.23063079172324e-18
7.54535370358998e-18
-1.33811888717761e-18
1.03848774312318e-17
-1.88141266939356e-17
-3.75819681992324e-17
-1.7655549367253e-18
-3.06220257505946e-17
