-1.99999994935432e-09
-5.00000001486728e-09
1.6000000021519e-08
-1.00000000713542e-09
-8.00000000757638e-09
2.00000000052292e-09
5.15249148157829e-18
1.39999999897397e-08
-1.77050981350721e-17
9.99999999867254e-09
-3.99999996693657e-09
-3.00000001611229e-09
2.00000003856834e-09
-1.99999999323672e-09
-2.00000002879263e-09
6.99999999349468e-09
-1.00000001342639e-09
-1.50000000130033e-08
-2.00000005121263e-09
-0.0400671039937143
-0.015204240961819
0.011645577022402
0.0361740452890782
0.0562728170479634
0.0682436520232985
0.0722497897867867
0.068445695215526
0.0563425994703733
0.0366291702321268
0.0124402468354248
-0.0154592695222371
-0.0415773938953581
-0.0624254688702929
-0.0758583112995784
-0.0786933383220609
-0.0725086996123807
-0.059884904780736
-0.0402535940334375
-0.0626816914662832
-0.0225768282323318
0.0206774157896966
0.0611002678414077
0.0930334632906962
0.113236725221291
0.120061153731118
0.111860019856887
0.0931031122276526
0.0601285449575002
0.0213318818828422
-0.023210588983002
-0.0655121613861069
-0.0985385397421393
-0.118946296163241
-0.123829957448211
-0.116553162304741
-0.0951651737006512
-0.0620746308272542
-0.0607245241241967
-0.0212822823129662
0.0231419616046342
0.0653974447618081
0.0986820307298301
0.119341755325901
0.123599956358886
0.115645036054067
0.0934816808758473
0.062725703251394
0.0226474281154931
-0.0206370240799598
-0.0614049951038925
-0.093130029354269
-0.11356120052291
-0.119011154825356
-0.112828138164517
-0.0929665480030363
-0.0601775603171522
-0.0362266806523157
-0.0124204944756475
0.0154673233396051
0.0415244841285655
0.0628052940689086
0.075787833015965
0.0782133376512641
0.0736898537054197
0.0592250784476268
0.0401095789331958
0.0149739938285052
-0.0115864923197342
-0.0365069722688743
-0.0565430841605442
-0.0681940242675171
-0.0721697904655348
-0.0682645282703273
-0.0564223334952693
-0.0364833273699917
8.29969999119413e-09
3.17409999624329e-08
2.15039999851568e-09
8.79419996961099e-09
5.27139991453909e-10
1.12689999461053e-08
4.84410005049248e-09
1.80300000142204e-09
9.67760006290704e-09
1.10530000334856e-08
1.15489997546263e-09
4.94019989360683e-10
2.36770000384217e-09
6.77190000213588e-09
-2.07559995623208e-10
3.32019998523754e-10
-4.74359994781253e-10
1.89079999564926e-09
1.17980000193902e-08
0.0363366806523156
0.0122824944756475
-0.0155183233396051
-0.0414244841285654
-0.0627252940689086
-0.0756478330159649
-0.0783533376512641
-0.0735398537054197
-0.0603450784476269
-0.0401795789331958
-0.0152859938285053
0.0116474923197342
0.0365469722688743
0.0565430841605442
0.068614024267517
0.0724897904655346
0.0681545282703273
0.0559723334952693
0.0364133273699916
0.0606645241241967
0.0212282823129664
-0.0231429616046341
-0.0654274447618081
-0.0991320307298301
-0.119771755325901
-0.123229956358887
-0.116435036054067
-0.0952516808758474
-0.0630157032513939
-0.022476428115493
0.0206400240799599
0.0612249951038925
0.093190029354269
0.11303120052291
0.119601154825356
0.112398138164517
0.0931165480030368
0.0605975603171524
0.0629616914662831
0.0225268282323317
-0.0204644157896968
-0.0609202678414079
-0.0927434632906962
-0.113386725221291
-0.119901153731118
-0.112710019856887
-0.0930831122276525
-0.0602585449575004
-0.0212468818828423
0.023186588983002
0.0654021613861067
0.0986085397421392
0.119566296163241
0.123519957448211
0.116603162304741
0.095345173700651
0.0631046308272541
0.0402271039937143
0.015172240961819
-0.011590577022402
-0.0366740452890782
-0.0563528170479634
-0.0682936520232985
-0.0723797897867871
-0.0683856952155259
-0.0561825994703732
-0.0361491702321269
-0.0122422468354248
0.0151782695222369
0.0415173938953581
0.062645468870293
0.0761883112995783
0.0787733383220607
0.0734886996123806
0.060374904780736
0.0400735940334376
9.19620005064568e-09
-1.51890000148673e-08
-4.806399978481e-09
-4.22160007135418e-10
-1.13700000757638e-09
-1.42769999947708e-09
3.82450005152491e-10
-2.12000001026026e-09
1.9468999822949e-09
4.38769999867254e-09
6.53990003306343e-09
5.36449998388771e-09
1.75830003856833e-09
1.27280000067633e-08
1.65809999712074e-08
-5.75350000650532e-09
-1.92980001342639e-09
4.28749999869967e-08
1.41079999487874e-08
