-2e-09
-5e-09
1.6e-08
-1e-09
-8e-09
2e-09
0
1.4e-08
0
1e-08
-4e-09
-3e-09
2e-09
-2e-09
-2e-09
7e-09
-1e-09
-1.5e-08
-2e-09
-0.1234
-0.042624
0.043773
0.12444
0.19052
0.23265
0.24716
0.23285
0.19059
0.12489
0.044568
-0.042894
-0.12491
-0.19139
-0.2347
-0.24791
-0.23134
-0.18887
-0.12356
-0.19998
-0.069296
0.070306
0.20145
0.30761
0.37646
0.40022
0.37508
0.30768
0.20047
0.070961
-0.069954
-0.20281
-0.30984
-0.37874
-0.40047
-0.37633
-0.3065
-0.19933
-0.20107
-0.070911
0.069861
0.2027
0.31
0.37912
0.40024
0.37542
0.3048
0.20002
0.069367
-0.07029
-0.20175
-0.30769
-0.3768
-0.39917
-0.37605
-0.30756
-0.20048
-0.12449
-0.044548
0.042887
0.12486
0.19178
0.23462
0.24743
0.23252
0.1882
0.12344
0.042394
-0.043729
-0.12477
-0.19078
-0.23261
-0.24708
-0.23267
-0.19068
-0.12472
8.2997e-09
3.1741e-08
2.1504e-09
8.7942e-09
5.2714e-10
1.1269e-08
4.8441e-09
1.803e-09
9.6776e-09
1.1053e-08
1.1549e-09
4.9402e-10
2.3677e-09
6.7719e-09
-2.0756e-10
3.3202e-10
-4.7436e-10
1.8908e-09
1.1798e-08
0.1246
0.04441
-0.042938
-0.12476
-0.1917
-0.23448
-0.24757
-0.23237
-0.18932
-0.12351
-0.042706
0.04379
0.12481
0.19078
0.23303
0.2474
0.23256
0.19023
0.12465
0.20101
0.070857
-0.069862
-0.20273
-0.31045
-0.37955
-0.39987
-0.37621
-0.30657
-0.20031
-0.069196
0.070293
0.20157
0.30775
0.37627
0.39976
0.37562
0.30771
0.2009
0.20026
0.069246
-0.070093
-0.20127
-0.30732
-0.37661
-0.40006
-0.37593
-0.30766
-0.2006
-0.070876
0.06993
0.2027
0.30991
0.37936
0.40016
0.37638
0.30668
0.20036
0.12356
0.042592
-0.043718
-0.12494
-0.1906
-0.2327
-0.24729
-0.23279
-0.19043
-0.12441
-0.04437
0.042613
0.12485
0.19161
0.23503
0.24799
0.23232
0.18936
0.12338
9.1962e-09
-1.5189e-08
-4.8064e-09
-4.2216e-10
-1.137e-09
-1.4277e-09
3.8245e-10
-2.12e-09
1.9469e-09
4.3877e-09
6.5399e-09
5.3645e-09
1.7583e-09
1.2728e-08
1.6581e-08
-5.7535e-09
-1.9298e-09
4.2875e-08
1.4108e-08
