-5.06456810751385e-17
1.48672777766089e-17
-2.15190048036456e-17
7.135418060702e-18
7.57638356713395e-18
-5.229247095989e-19
-5.15249148157829e-18
1.02602638738859e-17
1.77050981350721e-17
1.32746387243645e-18
-3.30634275789576e-17
1.61122898378468e-17
-3.85683348723651e-17
-6.76328381584773e-18
2.87926302399924e-17
6.50532192642617e-18
1.34263933057946e-17
1.30033040062756e-17
5.12126321444202e-17
-0.0833328960062857
-0.027419759038181
0.032127422977598
0.0882659547109218
0.134247182952037
0.164406347976701
0.174910210213213
0.164404304784474
0.134247400529627
0.0882608297678732
0.0321277531645752
-0.0274347304777629
-0.0833326061046419
-0.128964531129707
-0.158841688700422
-0.169216661677939
-0.158831300387619
-0.128985095219264
-0.0833064059665625
-0.137298308533717
-0.0467191717676682
0.0496285842103034
0.140349732158592
0.214576536709304
0.263223274778709
0.280158846268882
0.263219980143113
0.214576887772347
0.1403414550425
0.0496291181171578
-0.046743411016998
-0.137297838613893
-0.211301460257861
-0.259793703836759
-0.276640042551789
-0.259776837695259
-0.211334826299349
-0.137255369172746
-0.140345475875803
-0.0496287176870338
0.0467190383953658
0.137302555238192
0.21131796927017
0.259778244674099
0.276640043641113
0.259774963945933
0.211318319124153
0.137294296748606
0.0467195718845069
-0.0496529759200402
-0.140345004896108
-0.214559970645731
-0.26323879947709
-0.280158845174644
-0.263221861835483
-0.214593451996964
-0.140302439682848
-0.0882633193476843
-0.0321275055243525
0.0274196766603949
0.0833355158714345
0.128974705931091
0.158832166984035
0.169216662348736
0.15883014629458
0.128974921552373
0.0833304210668042
0.0274200061714948
-0.0321425076802658
-0.0882630277311257
-0.134236915839456
-0.164415975732483
-0.174910209534465
-0.164405471729673
-0.134257666504731
-0.0882366726300083
8.80586873680111e-18
3.75671440603413e-17
1.4843242056694e-18
3.0389005786448e-17
8.54609048484346e-18
5.38946529188989e-17
-5.04924822425581e-17
-1.42204322326587e-18
-6.29070438509457e-17
-3.3485595650254e-17
2.45373696987062e-17
1.06393173348332e-17
-3.84216677177968e-18
-2.13588348949696e-18
-4.37679216967517e-18
1.47624566926296e-18
-5.21874740857296e-18
4.35074097673354e-18
-1.93901962891561e-17
0.0882633193476844
0.0321275055243525
-0.0274196766603949
-0.0833355158714346
-0.128974705931091
-0.158832166984035
-0.169216662348736
-0.15883014629458
-0.128974921552373
-0.0833304210668042
-0.0274200061714947
0.0321425076802658
0.0882630277311257
0.134236915839456
0.164415975732483
0.174910209534465
0.164405471729673
0.134257666504731
0.0882366726300084
0.140345475875803
0.0496287176870336
-0.0467190383953658
-0.137302555238192
-0.21131796927017
-0.259778244674099
-0.276640043641113
-0.259774963945933
-0.211318319124153
-0.137294296748606
-0.046719571884507
0.0496529759200401
0.140345004896108
0.214559970645731
0.26323879947709
0.280158845174644
0.263221861835483
0.214593451996963
0.140302439682848
0.137298308533717
0.0467191717676683
-0.0496285842103032
-0.140349732158592
-0.214576536709304
-0.263223274778709
-0.280158846268882
-0.263219980143113
-0.214576887772347
-0.1403414550425
-0.0496291181171577
0.046743411016998
0.137297838613893
0.211301460257861
0.259793703836759
0.276640042551789
0.259776837695259
0.211334826299349
0.137255369172746
0.0833328960062857
0.027419759038181
-0.032127422977598
-0.0882659547109218
-0.134247182952037
-0.164406347976701
-0.174910210213213
-0.164404304784474
-0.134247400529627
-0.0882608297678731
-0.0321277531645752
0.0274347304777631
0.0833326061046419
0.128964531129707
0.158841688700422
0.169216661677939
0.158831300387619
0.128985095219264
0.0833064059665624
-5.06456810751385e-17
1.48672777766089e-17
-2.15190048036456e-17
7.135418060702e-18
7.57638356713395e-18
-5.229247095989e-19
-5.15249148157829e-18
1.02602638738859e-17
1.77050981350721e-17
1.32746387243646e-18
-3.30634275789576e-17
1.61122898378468e-17
-3.85683348723651e-17
-6.76328381584772e-18
2.87926302399924e-17
6.50532192642618e-18
1.34263933057946e-17
1.30033040062756e-17
5.12126321444202e-17
