2.76077532105384e-18
-7.98186047242041e-19
1.00000000209293e-09
-1.00000000862228e-09
6.9999999703414e-09
3.0000000011514e-09
-3.84794791495063e-17
5.99999992902063e-09
3.00000006567814e-09
1.00000000483446e-09
4.99999999276199e-09
2.99999998740611e-09
-1.00000002321284e-09
-2.99999999912271e-09
3.00000002328296e-09
-3.99999999359278e-09
6.00000000343081e-09
2.9999999998532e-09
-8.12312049313826e-18
-0.00263021021329654
-0.00226532640459373
-5.72917408941664e-05
-0.00435168395826617
-0.00380658807109986
-0.00340934550796703
-0.00203324894449593
-0.00198334548871199
-0.00190892957209871
-0.00241333767513022
-0.00361875710207887
-0.00322503758114173
-0.00351781409239554
-0.00395361051064666
-0.00413875724689816
-0.00241649590205485
-0.00445696537394635
-0.00173975266782253
-0.00208020743754847
-0.00182884626901647
0.00156837250036185
-0.000826712240926786
-0.00362121955049499
-0.00329585116375243
-0.00120614039864426
-0.00178192642612937
0.00197113091798831
-0.00317353566014328
0.000350043602356964
-0.00420325564321694
-0.00345783995873253
-0.00221122154698256
-0.00118152202155005
-0.00371263420409202
-0.00257675686453288
-0.000236185645450943
-0.00248263988095759
-0.00704884179411414
0.00409995635875365
0.00369339565139853
0.000901855802737328
0.00241593821347363
0.00147269486004135
0.00339540919138956
0.00280524038602023
0.0033197092835372
0.0131014868973791
0.00338884622995167
-0.000448231898666884
0.000480672847335079
0.00204594685497814
0.00322504371733379
0.001441950005477
-0.000639541628908974
0.00143238058462136
0.00215234533187669
-0.00117003918643988
-0.000556662348818154
0.00331884333691579
0.00271518625820516
0.0028127238853615
0.0042571585840407
0.00424640691749065
0.00348717353944519
-8.50788396261626e-07
0.00644523920908016
0.00232021018906409
0.00749541359975775
-0.000282648958654375
0.00251261096392157
0.00361116804428098
0.00340305119432071
0.00167800493296752
0.00134550969068928
0.00248435568816938
0.00135334039441351
2.73519998346703e-09
5.07440002546799e-09
3.88650004376559e-09
2.66030005366563e-09
7.82639997582782e-09
3.63930001114853e-09
6.65220001903783e-09
1.43569999999849e-09
2.56850000497795e-09
1.81010003108137e-10
-4.99619995274562e-10
-5.92420001200827e-09
-7.77320001543099e-09
2.21219999805703e-09
6.051699994208e-09
-1.62439996170677e-09
7.83069998208495e-09
6.58990001124242e-09
8.5759000180773e-09
-0.00035333765118184
0.000351156663084135
-0.00296518625820538
-0.00305272388536161
-0.00403215858404067
-0.00464240691749062
-0.00335817353944523
-0.000409149211603788
-0.000605239209080122
-0.000550210189064232
-0.0013254135997576
0.000202648958654295
-0.00249561096392163
-0.00358516804428098
-0.00373905119432083
-0.00244300493296756
-0.000905509690689366
-0.000464355688169354
-0.00103334039441375
-0.00299995635875339
-0.00315339565139877
-0.00124185580273747
-0.00199593821347355
-0.00186669486004134
-0.00293140919138944
-0.00389524038602063
-0.00076970928353684
-0.00160148689737916
-0.000418846229951697
-0.00143176810133294
-9.06728473347995e-05
-0.00288594685497806
-0.0031360437173337
-0.000998950005476909
-0.000720458371091109
0.000337619415378632
-0.00297234533187662
-0.00201996081355982
0.000448846269016367
7.16274996382382e-05
0.00535671224092685
0.00394121955049473
0.00353685116375235
0.00139014039864414
0.00139192642612926
0.00136886908201161
0.00260353566014315
-0.000740043602357077
0.00238325564321684
0.00275783995873252
0.00189122154698246
0.0011905220215498
0.00315163420409198
0.00334675686453267
0.000436185645451004
0.00147263988095758
0.000148841794114118
0.00173021021329628
0.000685326404593761
-9.27082591057615e-05
0.00213468395826601
0.00374158807109994
0.00346534550796694
0.00240824894449593
0.00163334548871177
0.00116892957209846
-0.00102666232486975
0.0013287571020788
0.00233503758114151
0.00348181409239552
0.00385361051064671
0.00379375724689814
0.00223949590205481
0.00108696537394629
0.000609752667822455
0.00257020743754821
2.33670027607753e-11
-2.41610000079819e-09
1.31160000209293e-09
-1.99330000862228e-09
-9.0284000296586e-09
7.7129000011514e-09
9.02629996152052e-09
1.40229999290206e-08
1.35690000656781e-08
1.14940000048345e-08
9.88759999276199e-09
1.21389999874061e-08
1.02059999767872e-08
6.92470000087729e-09
7.05990002328296e-09
1.84290000640722e-09
-4.05089999656919e-09
-3.4305000001468e-09
-3.5540000812312e-10
