0
0
1e-09
-1e-09
7e-09
3e-09
0
6e-09
3e-09
1e-09
5e-09
3e-09
-1e-09
-3e-09
3e-09
-4e-09
6e-09
3e-09
0
0.17228
0.16214
0.13419
0.083909
0.028321
-0.030832
-0.085366
-0.13096
-0.16074
-0.17163
-0.16245
-0.13219
-0.086851
-0.031389
0.028019
0.08586
0.12979
0.16266
0.17283
0.27833
0.26479
0.21375
0.13672
0.046333
-0.04793
-0.13908
-0.20935
-0.26295
-0.27629
-0.26398
-0.21476
-0.13951
-0.047926
0.045965
0.13779
0.21434
0.26073
0.27311
0.28074
0.26347
0.21222
0.13971
0.048192
-0.046238
-0.13754
-0.21126
-0.25012
-0.27677
-0.26367
-0.21408
-0.1383
-0.046429
0.04821
0.13668
0.21275
0.26192
0.27547
0.16866
0.16215
0.13169
0.086143
0.031677
-0.027884
-0.084776
-0.13425
-0.15796
-0.17259
-0.15691
-0.13452
-0.085751
-0.028532
0.030853
0.085024
0.13032
0.16131
0.17057
2.7352e-09
5.0744e-09
3.8865e-09
2.6603e-09
7.8264e-09
3.6393e-09
6.6522e-09
1.4357e-09
2.5685e-09
1.8101e-10
-4.9962e-10
-5.9242e-09
-7.7732e-09
2.2122e-09
6.0517e-09
-1.6244e-09
7.8307e-09
6.5899e-09
8.5759e-09
-0.16957
-0.15848
-0.13194
-0.086383
-0.031452
0.027488
0.084905
0.13384
0.1638
0.17436
0.16308
0.13444
0.085768
0.028558
-0.031189
-0.085789
-0.12988
-0.15929
-0.17025
-0.27964
-0.26293
-0.21256
-0.13929
-0.048586
0.046702
0.13645
0.21381
0.26162
0.27974
0.26179
0.21447
0.13746
0.046518
-0.047767
-0.13804
-0.21098
-0.26274
-0.27866
-0.27971
-0.26315
-0.20922
-0.1364
-0.046092
0.048114
0.13869
0.21269
0.26238
0.2759
0.26216
0.21406
0.13919
0.047935
-0.046526
-0.13702
-0.21414
-0.26174
-0.28001
-0.17318
-0.16372
-0.13434
-0.086126
-0.028386
0.030888
0.085741
0.13061
0.16
0.16819
0.16016
0.1313
0.086815
0.031289
-0.028364
-0.086037
-0.13316
-0.16379
-0.17234
2.3367e-11
-2.4161e-09
1.3116e-09
-1.9933e-09
-9.0284e-09
7.7129e-09
9.0263e-09
1.4023e-08
1.3569e-08
1.1494e-08
9.8876e-09
1.2139e-08
1.0206e-08
6.9247e-09
7.0599e-09
1.8429e-09
-4.0509e-09
-3.4305e-09
-3.554e-10
