0,0,8e-09
0,0.096225,-4e-09
0,0.19245,1e-09
0,0.28868,-8e-09
0,0.3849,0
0,0.48113,-7e-09
0,0.57735,2e-09
0,0.67358,3e-09
0,0.7698,0
0,0.86603,1e-09
0,0.96225,0
0,1.0585,1e-09
0,1.1547,0
0,1.2509,5e-09
0,1.3472,0
0,1.4434,-8e-09
0,1.5396,8e-09
0,1.6358,-3e-09
0,1.7321,7e-09
0.1,0,-0.08592
0.1,0.096225,-0.1316
0.1,0.19245,-0.16314
0.1,0.28868,-0.16862
0.1,0.3849,-0.16075
0.1,0.48113,-0.13003
0.1,0.57735,-0.085003
0.1,0.67358,-0.030022
0.1,0.7698,0.030335
0.1,0.86603,0.088452
0.1,0.96225,0.13704
0.1,1.0585,0.16613
0.1,1.1547,0.17571
0.1,1.2509,0.16338
0.1,1.3472,0.13547
0.1,1.4434,0.088857
0.1,1.5396,0.029839
0.1,1.6358,-0.030229
0.1,1.7321,-0.086467
0.2,0,-0.14032
0.2,0.096225,-0.21782
0.2,0.19245,-0.2643
0.2,0.28868,-0.27985
0.2,0.3849,-0.26234
0.2,0.48113,-0.21359
0.2,0.57735,-0.13995
0.2,0.67358,-0.047113
0.2,0.7698,0.04848
0.2,0.86603,0.13939
0.2,0.96225,0.21952
0.2,1.0585,0.26729
0.2,1.1547,0.28266
0.2,1.2509,0.2626
0.2,1.3472,0.21479
0.2,1.4434,0.14056
0.2,1.5396,0.048391
0.2,1.6358,-0.047887
0.2,1.7321,-0.13803
0.3,0,-0.14144
0.3,0.096225,-0.21919
0.3,0.19245,-0.26436
0.3,0.28868,-0.28304
0.3,0.3849,-0.26397
0.3,0.48113,-0.21641
0.3,0.57735,-0.14016
0.3,0.67358,-0.047731
0.3,0.7698,0.04595
0.3,0.86603,0.13935
0.3,0.96225,0.21681
0.3,1.0585,0.26487
0.3,1.1547,0.2828
0.3,1.2509,0.26281
0.3,1.3472,0.21475
0.3,1.4434,0.13762
0.3,1.5396,0.047814
0.3,1.6358,-0.048314
0.3,1.7321,-0.13881
0.4,0,-0.087013
0.4,0.096225,-0.13676
0.4,0.19245,-0.16547
0.4,0.28868,-0.17429
0.4,0.3849,-0.16627
0.4,0.48113,-0.1349
0.4,0.57735,-0.087814
0.4,0.67358,-0.03079
0.4,0.7698,0.029307
0.4,0.86603,0.086366
0.4,0.96225,0.12754
0.4,1.0585,0.16356
0.4,1.1547,0.17195
0.4,1.2509,0.16188
0.4,1.3472,0.13005
0.4,1.4434,0.08463
0.4,1.5396,0.029881
0.4,1.6358,-0.030407
0.4,1.7321,-0.087934
0.5,0,6.1562e-09
0.5,0.096225,6.9347e-10
0.5,0.19245,1.1959e-09
0.5,0.28868,-3.9825e-10
0.5,0.3849,-1.2425e-09
0.5,0.48113,5.7933e-10
0.5,0.57735,4.0653e-09
0.5,0.67358,4.2348e-10
0.5,0.7698,3.0363e-09
0.5,0.86603,7.866e-09
0.5,0.96225,3.8468e-09
0.5,1.0585,1.0754e-08
0.5,1.1547,-7.6981e-09
0.5,1.2509,8.6188e-09
0.5,1.3472,2.7414e-09
0.5,1.4434,8.7487e-09
0.5,1.5396,6.6343e-09
0.5,1.6358,5.9802e-09
0.5,1.7321,4.3085e-09
0.6,0,0.087398
0.6,0.096225,0.13387
0.6,0.19245,0.16588
0.6,0.28868,0.17472
0.6,0.3849,0.16497
0.6,0.48113,0.13345
0.6,0.57735,0.087901
0.6,0.67358,0.030679
0.6,0.7698,-0.030419
0.6,0.86603,-0.087168
0.6,0.96225,-0.13248
0.6,1.0585,-0.16336
0.6,1.1547,-0.17208
0.6,1.2509,-0.16207
0.6,1.3472,-0.13141
0.6,1.4434,-0.085473
0.6,1.5396,-0.029813
0.6,1.6358,0.030067
0.6,1.7321,0.087737
0.7,0,0.14087
0.7,0.096225,0.21874
0.7,0.19245,0.26467
0.7,0.28868,0.28223
0.7,0.3849,0.26611
0.7,0.48113,0.21836
0.7,0.57735,0.13931
0.7,0.67358,0.0483
0.7,0.7698,-0.048004
0.7,0.86603,-0.14081
0.7,0.96225,-0.21548
0.7,1.0585,-0.26515
0.7,1.1547,-0.2813
0.7,1.2509,-0.26319
0.7,1.3472,-0.21284
0.7,1.4434,-0.13888
0.7,1.5396,-0.047457
0.7,1.6358,0.048552
0.7,1.7321,0.14043
0.8,0,0.14084
0.8,0.096225,0.21652
0.8,0.19245,0.25901
0.8,0.28868,0.27882
0.8,0.3849,0.26083
0.8,0.48113,0.21437
0.8,0.57735,0.13958
0.8,0.67358,0.047837
0.8,0.7698,-0.048323
0.8,0.86603,-0.13893
0.8,0.96225,-0.21804
0.8,1.0585,-0.26651
0.8,1.1547,-0.28211
0.8,1.2509,-0.26257
0.8,1.3472,-0.21724
0.8,1.4434,-0.13986
0.8,1.5396,-0.04851
0.8,1.6358,0.048089
0.8,1.7321,0.14099
0.9,0,0.086556
0.9,0.096225,0.1328
0.9,0.19245,0.16333
0.9,0.28868,0.17274
0.9,0.3849,0.16123
0.9,0.48113,0.13038
0.9,0.57735,0.085375
0.9,0.67358,0.029947
0.9,0.7698,-0.030274
0.9,0.86603,-0.08676
0.9,0.96225,-0.13523
0.9,1.0585,-0.16512
0.9,1.1547,-0.17556
0.9,1.2509,-0.16438
0.9,1.3472,-0.137
0.9,1.4434,-0.089058
0.9,1.5396,-0.030448
0.9,1.6358,0.030319
0.9,1.7321,0.086165
1,0,1.2428e-08
1,0.096225,-7.2454e-09
1,0.19245,1.1793e-08
1,0.28868,-1.5296e-09
1,0.3849,1.1426e-08
1,0.48113,8.63e-09
1,0.57735,1.0268e-08
1,0.67358,8.0966e-09
1,0.7698,5.5807e-09
1,0.86603,1.0583e-08
1,0.96225,1.65e-09
1,1.0585,6.4322e-09
1,1.1547,-5.34e-10
1,1.2509,1.9358e-10
1,1.3472,-1.1804e-09
1,1.4434,-1.3153e-10
1,1.5396,-7.4982e-09
1,1.6358,1.0054e-08
1,1.7321,8.1865e-09
