0,0,-2e-09
0,0.096225,-5e-09
0,0.19245,1.6e-08
0,0.28868,-1e-09
0,0.3849,-8e-09
0,0.48113,2e-09
0,0.57735,0
0,0.67358,1.4e-08
0,0.7698,0
0,0.86603,1e-08
0,0.96225,-4e-09
0,1.0585,-3e-09
0,1.1547,2e-09
0,1.2509,-2e-09
0,1.3472,-2e-09
0,1.4434,7e-09
0,1.5396,-1e-09
0,1.6358,-1.5e-08
0,1.7321,-2e-09
0.1,0,-0.1234
0.1,0.096225,-0.042624
0.1,0.19245,0.043773
0.1,0.28868,0.12444
0.1,0.3849,0.19052
0.1,0.48113,0.23265
0.1,0.57735,0.24716
0.1,0.67358,0.23285
0.1,0.7698,0.19059
0.1,0.86603,0.12489
0.1,0.96225,0.044568
0.1,1.0585,-0.042894
0.1,1.1547,-0.12491
0.1,1.2509,-0.19139
0.1,1.3472,-0.2347
0.1,1.4434,-0.24791
0.1,1.5396,-0.23134
0.1,1.6358,-0.18887
0.1,1.7321,-0.12356
0.2,0,-0.19998
0.2,0.096225,-0.069296
0.2,0.19245,0.070306
0.2,0.28868,0.20145
0.2,0.3849,0.30761
0.2,0.48113,0.37646
0.2,0.57735,0.40022
0.2,0.67358,0.37508
0.2,0.7698,0.30768
0.2,0.86603,0.20047
0.2,0.96225,0.070961
0.2,1.0585,-0.069954
0.2,1.1547,-0.20281
0.2,1.2509,-0.30984
0.2,1.3472,-0.37874
0.2,1.4434,-0.40047
0.2,1.5396,-0.37633
0.2,1.6358,-0.3065
0.2,1.7321,-0.19933
0.3,0,-0.20107
0.3,0.096225,-0.070911
0.3,0.19245,0.069861
0.3,0.28868,0.2027
0.3,0.3849,0.31
0.3,0.48113,0.37912
0.3,0.57735,0.40024
0.3,0.67358,0.37542
0.3,0.7698,0.3048
0.3,0.86603,0.20002
0.3,0.96225,0.069367
0.3,1.0585,-0.07029
0.3,1.1547,-0.20175
0.3,1.2509,-0.30769
0.3,1.3472,-0.3768
0.3,1.4434,-0.39917
0.3,1.5396,-0.37605
0.3,1.6358,-0.30756
0.3,1.7321,-0.20048
0.4,0,-0.12449
0.4,0.096225,-0.044548
0.4,0.19245,0.042887
0.4,0.28868,0.12486
0.4,0.3849,0.19178
0.4,0.48113,0.23462
0.4,0.57735,0.24743
0.4,0.67358,0.23252
0.4,0.7698,0.1882
0.4,0.86603,0.12344
0.4,0.96225,0.042394
0.4,1.0585,-0.043729
0.4,1.1547,-0.12477
0.4,1.2509,-0.19078
0.4,1.3472,-0.23261
0.4,1.4434,-0.24708
0.4,1.5396,-0.23267
0.4,1.6358,-0.19068
0.4,1.7321,-0.12472
0.5,0,8.2997e-09
0.5,0.096225,3.1741e-08
0.5,0.19245,2.1504e-09
0.5,0.28868,8.7942e-09
0.5,0.3849,5.2714e-10
0.5,0.48113,1.1269e-08
0.5,0.57735,4.8441e-09
0.5,0.67358,1.803e-09
0.5,0.7698,9.6776e-09
0.5,0.86603,1.1053e-08
0.5,0.96225,1.1549e-09
0.5,1.0585,4.9402e-10
0.5,1.1547,2.3677e-09
0.5,1.2509,6.7719e-09
0.5,1.3472,-2.0756e-10
0.5,1.4434,3.3202e-10
0.5,1.5396,-4.7436e-10
0.5,1.6358,1.8908e-09
0.5,1.7321,1.1798e-08
0.6,0,0.1246
0.6,0.096225,0.04441
0.6,0.19245,-0.042938
0.6,0.28868,-0.12476
0.6,0.3849,-0.1917
0.6,0.48113,-0.23448
0.6,0.57735,-0.24757
0.6,0.67358,-0.23237
0.6,0.7698,-0.18932
0.6,0.86603,-0.12351
0.6,0.96225,-0.042706
0.6,1.0585,0.04379
0.6,1.1547,0.12481
0.6,1.2509,0.19078
0.6,1.3472,0.23303
0.6,1.4434,0.2474
0.6,1.5396,0.23256
0.6,1.6358,0.19023
0.6,1.7321,0.12465
0.7,0,0.20101
0.7,0.096225,0.070857
0.7,0.19245,-0.069862
0.7,0.28868,-0.20273
0.7,0.3849,-0.31045
0.7,0.48113,-0.37955
0.7,0.57735,-0.39987
0.7,0.67358,-0.37621
0.7,0.7698,-0.30657
0.7,0.86603,-0.20031
0.7,0.96225,-0.069196
0.7,1.0585,0.070293
0.7,1.1547,0.20157
0.7,1.2509,0.30775
0.7,1.3472,0.37627
0.7,1.4434,0.39976
0.7,1.5396,0.37562
0.7,1.6358,0.30771
0.7,1.7321,0.2009
0.8,0,0.20026
0.8,0.096225,0.069246
0.8,0.19245,-0.070093
0.8,0.28868,-0.20127
0.8,0.3849,-0.30732
0.8,0.48113,-0.37661
0.8,0.57735,-0.40006
0.8,0.67358,-0.37593
0.8,0.7698,-0.30766
0.8,0.86603,-0.2006
0.8,0.96225,-0.070876
0.8,1.0585,0.06993
0.8,1.1547,0.2027
0.8,1.2509,0.30991
0.8,1.3472,0.37936
0.8,1.4434,0.40016
0.8,1.5396,0.37638
0.8,1.6358,0.30668
0.8,1.7321,0.20036
0.9,0,0.12356
0.9,0.096225,0.042592
0.9,0.19245,-0.043718
0.9,0.28868,-0.12494
0.9,0.3849,-0.1906
0.9,0.48113,-0.2327
0.9,0.57735,-0.24729
0.9,0.67358,-0.23279
0.9,0.7698,-0.19043
0.9,0.86603,-0.12441
0.9,0.96225,-0.04437
0.9,1.0585,0.042613
0.9,1.1547,0.12485
0.9,1.2509,0.19161
0.9,1.3472,0.23503
0.9,1.4434,0.24799
0.9,1.5396,0.23232
0.9,1.6358,0.18936
0.9,1.7321,0.12338
1,0,9.1962e-09
1,0.096225,-1.5189e-08
1,0.19245,-4.8064e-09
1,0.28868,-4.2216e-10
1,0.3849,-1.137e-09
1,0.48113,-1.4277e-09
1,0.57735,3.8245e-10
1,0.67358,-2.12e-09
1,0.7698,1.9469e-09
1,0.86603,4.3877e-09
1,0.96225,6.5399e-09
1,1.0585,5.3645e-09
1,1.1547,1.7583e-09
1,1.2509,1.2728e-08
1,1.3472,1.6581e-08
1,1.4434,-5.7535e-09
1,1.5396,-1.9298e-09
1,1.6358,4.2875e-08
1,1.7321,1.4108e-08
