0,0,-3e-09
0,0.096225,0.094066
0,0.19245,0.19468
0,0.28868,0.28917
0,0.3849,0.36569
0,0.48113,0.41497
0,0.57735,0.43226
0,0.67358,0.41509
0,0.7698,0.36586
0,0.86603,0.28994
0,0.96225,0.1961
0,1.0585,0.094456
0,1.1547,1.3e-08
0,1.2509,-0.076906
0,1.3472,-0.12729
0,1.4434,-0.14416
0,1.5396,-0.12621
0,1.6358,-0.07638
0,1.7321,-3.5e-08
0.1,0,0.027323
0.1,0.096225,0.10348
0.1,0.19245,0.1847
0.1,0.28868,0.26115
0.1,0.3849,0.32322
0.1,0.48113,0.364
0.1,0.57735,0.37744
0.1,0.67358,0.36364
0.1,0.7698,0.32329
0.1,0.86603,0.26193
0.1,0.96225,0.18594
0.1,1.0585,0.10414
0.1,1.1547,0.027481
0.1,1.2509,-0.034602
0.1,1.3472,-0.074906
0.1,1.4434,-0.088292
0.1,1.5396,-0.074231
0.1,1.6358,-0.034437
0.1,1.7321,0.027325
0.2,0,0.098995
0.2,0.096225,0.1282
0.2,0.19245,0.1594
0.2,0.28868,0.18905
0.2,0.3849,0.21287
0.2,0.48113,0.2284
0.2,0.57735,0.23333
0.2,0.67358,0.228
0.2,0.7698,0.21259
0.2,0.86603,0.18875
0.2,0.96225,0.15925
0.2,1.0585,0.12916
0.2,1.1547,0.099863
0.2,1.2509,0.076454
0.2,1.3472,0.061038
0.2,1.4434,0.055269
0.2,1.5396,0.060747
0.2,1.6358,0.075956
0.2,1.7321,0.098987
0.3,0,0.18856
0.3,0.096225,0.15927
0.3,0.19245,0.12918
0.3,0.28868,0.099843
0.3,0.3849,0.076483
0.3,0.48113,0.061006
0.3,0.57735,0.055265
0.3,0.67358,0.060768
0.3,0.7698,0.075987
0.3,0.86603,0.098976
0.3,0.96225,0.12819
0.3,1.0585,0.15939
0.3,1.1547,0.1889
0.3,1.2509,0.21282
0.3,1.3472,0.22843
0.3,1.4434,0.23334
0.3,1.5396,0.22811
0.3,1.6358,0.21258
0.3,1.7321,0.18857
0.4,0,0.26201
0.4,0.096225,0.186
0.4,0.19245,0.10406
0.4,0.28868,0.027468
0.4,0.3849,-0.034601
0.4,0.48113,-0.074872
0.4,0.57735,-0.088301
0.4,0.67358,-0.074237
0.4,0.7698,-0.034441
0.4,0.86603,0.027325
0.4,0.96225,0.10347
0.4,1.0585,0.18468
0.4,1.1547,0.26115
0.4,1.2509,0.32332
0.4,1.3472,0.36394
0.4,1.4434,0.37749
0.4,1.5396,0.36371
0.4,1.6358,0.32334
0.4,1.7321,0.26202
0.5,0,0.28985
0.5,0.096225,0.19613
0.5,0.19245,0.094391
0.5,0.28868,-1.134e-09
0.5,0.3849,-0.076899
0.5,0.48113,-0.12729
0.5,0.57735,-0.14413
0.5,0.67358,-0.12624
0.5,0.7698,-0.076401
0.5,0.86603,-1.999e-08
0.5,0.96225,0.094049
0.5,1.0585,0.19469
0.5,1.1547,0.2889
0.5,1.2509,0.3654
0.5,1.3472,0.4149
0.5,1.4434,0.43217
0.5,1.5396,0.4152
0.5,1.6358,0.36585
0.5,1.7321,0.29017
0.6,0,0.2621
0.6,0.096225,0.18596
0.6,0.19245,0.10408
0.6,0.28868,0.027513
0.6,0.3849,-0.034573
0.6,0.48113,-0.074869
0.6,0.57735,-0.088277
0.6,0.67358,-0.074233
0.6,0.7698,-0.03444
0.6,0.86603,0.027324
0.6,0.96225,0.10348
0.6,1.0585,0.18469
0.6,1.1547,0.26117
0.6,1.2509,0.32324
0.6,1.3472,0.36402
0.6,1.4434,0.37738
0.6,1.5396,0.36365
0.6,1.6358,0.32339
0.6,1.7321,0.26189
0.7,0,0.18856
0.7,0.096225,0.1593
0.7,0.19245,0.12926
0.7,0.28868,0.099827
0.7,0.3849,0.076463
0.7,0.48113,0.061011
0.7,0.57735,0.05526
0.7,0.67358,0.060752
0.7,0.7698,0.075961
0.7,0.86603,0.099215
0.7,0.96225,0.1282
0.7,1.0585,0.15935
0.7,1.1547,0.1889
0.7,1.2509,0.2129
0.7,1.3472,0.2284
0.7,1.4434,0.23331
0.7,1.5396,0.22804
0.7,1.6358,0.21263
0.7,1.7321,0.18854
0.8,0,0.098978
0.8,0.096225,0.12819
0.8,0.19245,0.15942
0.8,0.28868,0.18892
0.8,0.3849,0.21288
0.8,0.48113,0.22838
0.8,0.57735,0.23331
0.8,0.67358,0.22802
0.8,0.7698,0.21257
0.8,0.86603,0.1886
0.8,0.96225,0.15926
0.8,1.0585,0.12917
0.8,1.1547,0.099834
0.8,1.2509,0.076503
0.8,1.3472,0.061007
0.8,1.4434,0.055281
0.8,1.5396,0.060747
0.8,1.6358,0.075958
0.8,1.7321,0.098981
0.9,0,0.027323
0.9,0.096225,0.10347
0.9,0.19245,0.18468
0.9,0.28868,0.26112
0.9,0.3849,0.32324
0.9,0.48113,0.36406
0.9,0.57735,0.37745
0.9,0.67358,0.36367
0.9,0.7698,0.32326
0.9,0.86603,0.26197
0.9,0.96225,0.18615
0.9,1.0585,0.10407
0.9,1.1547,0.027474
0.9,1.2509,-0.034623
0.9,1.3472,-0.074908
0.9,1.4434,-0.088274
0.9,1.5396,-0.074248
0.9,1.6358,-0.034444
0.9,1.7321,0.027324
1,0,-2.6962e-09
1,0.096225,0.094054
1,0.19245,0.19467
1,0.28868,0.28886
1,0.3849,0.36544
1,0.48113,0.41498
1,0.57735,0.43219
1,0.67358,0.41506
1,0.7698,0.36638
1,0.86603,0.2899
1,0.96225,0.19604
1,1.0585,0.094401
1,1.1547,1.2928e-08
1,1.2509,-0.076902
1,1.3472,-0.12731
1,1.4434,-0.14422
1,1.5396,-0.12623
1,1.6358,-0.076371
1,1.7321,-3.5311e-08
