0.38267
0.36779
0.32271
0.25351
0.1703
0.082197
5e-09
-0.066655
-0.11084
-0.1272
-0.11032
-0.066507
-2.4e-08
0.082247
0.16906
0.25403
0.32222
0.36736
0.38281
0.33427
0.32165
0.28529
0.2295
0.16154
0.090337
0.023793
-0.030016
-0.065601
-0.078478
-0.065775
-0.030015
0.023768
0.090294
0.16183
0.22974
0.28519
0.32187
0.33413
0.2059
0.20103
0.18736
0.16619
0.14003
0.1127
0.086999
0.066456
0.053007
0.048615
0.053064
0.066565
0.086831
0.11316
0.14061
0.16573
0.18714
0.20118
0.20626
0.04858
0.053041
0.066579
0.086798
0.11309
0.14041
0.16564
0.18696
0.20112
0.2058
0.20077
0.1874
0.16614
0.14005
0.11276
0.086995
0.066501
0.052989
0.048629
-0.078383
-0.065805
-0.030041
0.023876
0.090288
0.16194
0.22991
0.28502
0.32187
0.33413
0.32156
0.28525
0.22949
0.16149
0.090303
0.023719
-0.030083
-0.065589
-0.078509
-0.1272
-0.11022
-0.066591
-1.0062e-08
0.082279
0.16863
0.2535
0.32214
0.36761
0.38249
0.36759
0.32321
0.25403
0.17036
0.082306
1.6722e-08
-0.066705
-0.11064
-0.12714
-0.078545
-0.06582
-0.030046
0.023718
0.090305
0.16191
0.22982
0.28527
0.32207
0.33423
0.32188
0.28536
0.22948
0.16161
0.090726
0.023788
-0.030015
-0.065432
-0.078595
0.048569
0.05299
0.066514
0.086798
0.11313
0.14059
0.16565
0.18701
0.20185
0.20587
0.20098
0.18745
0.16621
0.14017
0.11272
0.08693
0.066455
0.053028
0.048598
0.20601
0.20103
0.18759
0.1662
0.14006
0.11272
0.086919
0.066459
0.052973
0.048547
0.052998
0.066579
0.086823
0.11319
0.14034
0.16575
0.18719
0.20114
0.20594
0.33418
0.32191
0.28526
0.2295
0.16163
0.090247
0.023747
-0.030028
-0.065576
-0.078432
-0.06583
-0.030045
0.023658
0.09029
0.16177
0.22969
0.2851
0.32185
0.33472
0.38272
0.36764
0.32286
0.25339
0.17042
0.082333
5.366e-09
-0.066654
-0.11076
-0.12712
-0.11016
-0.066618
-2.0785e-08
0.082423
0.16869
0.25357
0.32231
0.36791
0.38249
