-0.00322060529282908
-0.00198821128591176
-0.000976558342429823
-0.000400079446403134
0.000644061824017134
0.000696441668315131
-2.04614471743168e-07
-0.00110018470696076
-0.0029093502407434
-0.00462370483133992
-0.00238910661084214
-0.000968859674173955
3.9522856419594e-07
0.000765149395451373
-0.000640930555524027
9.6040429474642e-05
-0.00146606091383911
-0.00240966994512737
-0.00308060103161256
-0.00194670523084395
-0.00140862849954687
-0.000168647565305657
0.000845277205948625
0.0012788991700477
0.00139489181211769
0.000555073290032283
-0.00057269775756702
-0.00218618694610329
-0.00333756959886213
-0.00235999182459105
-0.000585078503737829
0.000530579369413756
0.00136699953071229
0.00153243557473332
0.00106586153942373
-0.000268242108030059
-0.00118165519548452
-0.00208670174999387
-0.00138937205742157
-0.000818534873072485
0.000923660429408057
0.00264471954450873
0.00338759689185852
0.0032988831065484
0.00191553891052575
0.000300875862721248
-0.00122252111409161
-0.00155068665525867
-0.00116545326354314
0.000405134657263287
0.00174772322354322
0.00376456222160496
0.00395345275524542
0.00217697842393652
0.000703825528285074
-0.000665657861521285
-0.00102937061489972
-0.00158568664593851
-0.00118848718874755
0.000423129424598906
0.00171348989996843
0.0036876286193257
0.00376627535394095
0.00209350071565936
0.000522720792107328
-0.000728489865036014
-0.0014893720448283
-0.00107857988093127
0.00096868910321285
0.00259328656471991
0.00340029261622099
0.00337105480598349
0.00191715238000652
0.000344998271514588
-0.00124265578084502
-0.00153668771356328
-0.00324256957187978
-0.00239008938514945
-0.000599804379933757
0.000635192960853088
0.001342554609196
0.0016754922206127
0.00125222022618915
-0.000440955167889723
-0.00118851940914161
-0.00208670520045678
-0.0014987375895168
-0.000196297894766218
0.000831683108418302
0.00121006867200121
0.00139327138889347
0.000496486589964311
-0.000642174524260453
-0.00218032571237071
-0.00336857266271517
-0.00462370479762654
-0.00228922842554645
-0.00103880996190486
-3.79870941726249e-06
0.000774309247409136
-0.00103014200951074
-0.000413839352520762
-0.00154938938654325
-0.00216807766515104
-0.00340060525563007
-0.00218834490613878
-0.000461407348294751
0.000115500024124304
0.00068082688876725
0.000845536971351368
1.89593405119364e-05
-0.00115327123259615
-0.00271701514003181
-0.00456370865948576
-0.00340456957187968
-0.00240508938514938
-0.000604804379933717
0.000477192960853169
0.00135955460919591
0.00164549222061264
0.00116222022618917
-0.000190955167889861
-0.000988519409141964
-0.00198670520045685
-0.00117873758951698
-8.6297894766163e-05
0.000821683108418403
0.00133006867200119
0.00181627138889343
0.000565486589964349
-0.000574174524260476
-0.00202332571237071
-0.00345457266271519
-0.00159668664593848
-0.00123948718874739
0.000358129424599035
0.00171348989996853
0.00372762861932574
0.00394627535394099
0.00210350071565921
0.000572720792107378
1.51013496399455e-06
-0.00141937204482823
-0.000868579880931197
0.00101868910321318
0.00266328656471979
0.00352029261622111
0.00333105480598354
0.00185215238000651
0.000298998271514597
-0.00120365578084495
-0.00156768771356302
-0.00127937205742193
-0.000818534873072652
0.00115366042940784
0.0026547195445088
0.00341759689185836
0.00331888310654843
0.00183553891052579
0.000303875862721278
-0.00125652111409161
-0.00161868665525843
-0.00123145326354314
0.000419134657263329
0.00173972322354325
0.003794562221605
0.0036834527552454
0.00219697842393657
0.000753825528284735
-0.000705657861521658
-0.0013493706148999
-0.00203670523084415
-0.00114862849954706
-0.000198647565305687
0.000845277205948541
0.00136889917004793
0.00130489181211765
0.000509073290032271
-0.000584697757567025
-0.00216118694610332
-0.00329156959886213
-0.00241499182459116
-0.000615078503737855
0.000420579369413702
0.00136299953071226
0.00147243557473353
0.0010158615394234
-0.000358242108029871
-0.00120165519548437
-0.00149670174999339
-0.00317060529282909
-0.00213821128591174
-0.000826558342429839
-0.000520079446403143
0.000764061824017115
0.000832441668315129
-2.04248471743168e-07
-0.00109918470696076
-0.00282935024074341
-0.00454370483133992
-0.00222910661084214
-0.00107985967417396
3.9844356419594e-07
0.000941149395451368
-0.00101093055552401
-0.000363959570525318
-0.00137606091383913
-0.00185966994512737
-0.00340060103161255
