-3.00000009886681e-09
0.0212593470739909
0.0325597459161388
0.0349720944256891
0.0328348251231569
0.0215687115305047
1.92444452592997e-07
-0.0250867395996681
-0.0542010929164332
-0.0802352338449213
-0.100732885095467
-0.118075959091834
-0.124533065530734
-0.118166306538913
-0.10027349063234
-0.0791721565969759
-0.0533520534625466
-0.024795222432956
3.73726806742022e-05
-0.0079526259351027
0.00938800284732095
0.0187688244082111
0.0214661796988352
0.0189568878445674
0.00951288796870409
-0.00803946140259403
-0.0283061557077783
-0.0506080592700036
-0.0713513596558991
-0.0887778807608353
-0.102057210849991
-0.105694314027703
-0.10192749451215
-0.0888939211558469
-0.0708125967767091
-0.0498388377336957
-0.0280400818267047
-0.00795156049542787
-0.0260349172628887
-0.0205962348398839
-0.0179989914391714
-0.0167794087572283
-0.01815696938014
-0.0210639842043283
-0.0262798573405047
-0.0323303852547461
-0.0403951273124251
-0.0493040748332507
-0.0574779982884872
-0.063532836252372
-0.065726822506543
-0.0635229532847216
-0.0572682421769584
-0.0498365940196437
-0.0401464292742156
-0.0319599961621026
-0.0257209675791709
-0.049552886074882
-0.0574680788019188
-0.0635801625656837
-0.0657068224929485
-0.0635401918309361
-0.0578271354840681
-0.0499729556979343
-0.0404539138584429
-0.0320492333614482
-0.0261568941378217
-0.0207782987990374
-0.0180169761253277
-0.0168014087471668
-0.0181418879116347
-0.0210170491017279
-0.0261853327010002
-0.0323029467195473
-0.0404900031675582
-0.0491656086663974
-0.071258378100489
-0.0888380784893533
-0.101560730379948
-0.105494313994899
-0.10181080131302
-0.0884857618459152
-0.0704085527239521
-0.0500549309581047
-0.0280170914316522
-0.00798081667690879
0.00942082233979947
0.0187866199654665
0.0214121797279643
0.0189848736472478
0.00950694932697412
-0.00804549537287927
-0.028148328903796
-0.050629693002653
-0.0711702877772654
-0.0802215667068792
-0.101353127675447
-0.117748021407371
-0.124783065490576
-0.118418108290639
-0.101570285539414
-0.0803117814834969
-0.0535072328929568
-0.0246739451416551
3.49541849610406e-06
0.0212901221270629
0.0322809822852071
0.0341570944620841
0.032802299033924
0.0215428641829999
-1.85000145092006e-05
-0.0250140009120538
-0.0542584307739724
-0.0803408137086407
-0.070728378100489
-0.0889780784893534
-0.102130730379949
-0.107454313994899
-0.101750801313019
-0.0886057618459153
-0.0707085527239519
-0.0498149309581049
-0.0278970914316523
-0.00795281667690876
0.0093298223397995
0.0187106199654664
0.0214181797279644
0.0189198736472478
0.00924194932697416
-0.00808049537287926
-0.0285453289037961
-0.0506496930026532
-0.0706402877772653
-0.049542886074882
-0.0577680788019187
-0.0637601625656838
-0.0656468224929483
-0.0636801918309361
-0.0576171354840679
-0.0499529556979345
-0.0404619138584427
-0.0311492333614483
-0.0260408941378217
-0.0206652987990373
-0.0179439761253276
-0.0167884087471668
-0.0179858879116347
-0.0210460491017278
-0.0262783327010002
-0.0323959467195473
-0.0403090031675581
-0.0495456086663975
-0.0259269172628886
-0.0206062348398839
-0.0178679914391714
-0.0167884087572282
-0.0181569693801399
-0.0210539842043282
-0.0263638573405046
-0.0324323852547465
-0.0404171273124251
-0.0497540748332507
-0.0576179982884873
-0.063552836252372
-0.0655368225065432
-0.0634929532847217
-0.0581582421769585
-0.0497665940196437
-0.0400694292742157
-0.0320129961621024
-0.0260409675791709
-0.00797562593510269
0.00933400284732092
0.0187798244082111
0.0214541796988351
0.0189198878445673
0.00956488796870407
-0.00807646140259412
-0.0284291557077782
-0.0506680592700034
-0.0714013596558991
-0.0889878807608351
-0.101557210849991
-0.107104314027703
-0.101767494512151
-0.0890339211558467
-0.0708825967767092
-0.0500088377336956
-0.0280350818267047
-0.00785356049542795
-1.59810009886681e-09
0.0213073470739909
0.0325717459161388
0.0350440944256891
0.0327628251231569
0.0214007115305047
1.92686452592997e-07
-0.0250637395996681
-0.0543510929164332
-0.0804252338449213
-0.101832885095467
-0.116635959091834
-0.126573065530734
-0.117236306538913
-0.10138349063234
-0.0801421565969759
-0.0533720534625466
-0.024551222432956
3.73723406742022e-05
