9.99999899769719e-10
0.00131340894454231
0.00119866694699414
6.45513803644027e-05
-0.00118304681549908
-0.00428959172303178
-0.00571306553110712
-0.00386653790354408
-0.00123337025501696
0.000962100463654747
0.00227818667393725
0.00173185958523936
-3.96889275644331e-07
-0.00182188106064457
-0.00399670396120352
-0.00458690645861859
-0.00309101646344787
-0.00128627645138205
-3.73927921541181e-05
0.000555374064897331
0.00177519451637512
0.00198174611404037
0.00107846572216058
-0.000628012579884374
-0.00219201241408595
-0.00373431402800833
-0.00230951922062855
-0.000668276217538122
0.00162460348092311
0.00190135688219395
0.00223451731972672
0.000782044999577632
-0.000825414450828434
-0.0022505225025771
-0.00307682100891937
-0.00222098528323376
-0.00066846082745347
0.000494305266333924
0.00210408273711141
0.00366587412930756
0.00389779719712377
0.00275585554422253
0.000751948035877303
-0.000770691501774279
-0.00141682250666947
-0.00100966287103563
0.000691840684779621
0.00261830269245641
0.00384764621622877
0.00352238591918091
0.0026239628922176
0.0006407196611182
-0.000587939267643119
-0.00138940900169851
-0.000825925262258394
0.000652852808071716
0.00224613166024121
0.00244711392511798
0.00385775945189903
0.00359583829906128
0.00266916578385001
0.000678743840411708
-0.000835592747663656
-0.00137340874707324
-0.000904368090283617
0.000592829119148153
0.00208005959988275
0.00350598162001177
0.00383089954339125
0.00270725317131526
0.000777013731502213
-0.00071553854605852
-0.00127682216263256
-0.000980250361210439
0.000626775513959593
0.00264983754413622
0.00161162189951108
0.00192164880607043
0.00227209920037669
0.000798347853882404
-0.000839057321817015
-0.00230302905257757
-0.00310982027176508
-0.00216525874751412
-0.000687816645482342
0.000531564777380769
0.00172348046430509
0.00195396388774086
0.00113197114670566
-0.00066557198779077
-0.00223376064262304
-0.00373431319783674
-0.00210094317859472
-0.000750715462838891
0.00179353455477951
0.000918433293120829
0.00209854687871908
0.0018252909158224
3.69653064666821e-06
-0.00169972790827352
-0.00380982250802221
-0.00432690553757759
-0.00305260651860499
-0.00122242797948253
-3.50888218845772e-06
0.00134176303062315
0.00142672547281703
0.000888862846691651
-0.00105778427549746
-0.00432398168467873
-0.00538306451482007
-0.00370828205647894
-0.00122863113408933
0.000907684016854177
0.00192162189951109
0.00188164880607014
0.00223609920037671
0.000668347853882433
-0.000865057321816971
-0.00227702905257759
-0.00306882027176504
-0.00224025874751405
-0.000842816645482348
0.00057056477738077
0.00182548046430511
0.00203396388774069
0.00115197114670568
-0.000515571987790897
-0.000733760642622983
-0.00392431319783682
-0.00276094317859465
-0.00106071546283909
0.00205353455477966
0.00245711392511785
0.00375775945189927
0.00344583829906124
0.00265716578385006
0.000625743840411808
-0.000711592747663567
-0.00139640874707314
-0.000908368090283565
0.000842829119148264
0.00211605959988279
0.00356598162001157
0.00396089954339124
0.0028272531713153
0.000977013731502385
-0.000745538546058411
-0.00157682216263252
-0.00104025036121047
0.000746775513959519
0.00247983754413611
0.00216108273711134
0.00362587412930752
0.0041077971971239
0.00284585554422262
0.000791948035877038
-0.000770691501774556
-0.00153682250666962
-0.00105966287103562
0.000681840684779389
0.00237830269245651
0.00380764621622856
0.00356238591918091
0.00267296289221763
0.000661719661118179
-0.000814939267643103
-0.00134440900169848
-0.000804925262258352
0.000603852808071778
0.00214213166024124
0.000526374064897289
0.00184919451637523
0.00199174611404043
0.00105846572216051
-0.000468012579884325
-0.00249201241408609
-0.00400431402800838
-0.00255951922062853
-0.000738276217538081
0.00160460348092301
0.00188135688219399
0.00231751731972674
0.000717044999577577
-0.000874414450828479
-0.00222752250257714
-0.00305182100891942
-0.00214098528323379
-0.000671460827453486
0.000564305266333841
-3.69620010023028e-09
0.0012814089445423
0.00135866694699413
-1.54486196355941e-05
-0.000913046815499086
-0.00389959172303178
-0.00573306553110708
-0.00382653790354409
-0.001383370255017
0.000832100463654756
0.00198818667393724
0.00198285958523936
-3.96595275644331e-07
-0.00184088106064458
-0.00383670396120352
-0.00438690645861858
-0.00308101646344787
-0.00139927645138205
-3.73922731541181e-05
