1.00230281565925e-16
0.0794945910554577
0.165471333053006
0.247655448619636
0.315703046815499
0.360659591723032
0.376373065531107
0.360656537903544
0.315703370255017
0.247647899536345
0.165471813326063
0.0794731404147606
4.08889275644331e-07
-0.0639211189393554
-0.105283296038796
-0.119553093541381
-0.105268983536552
-0.063949723548618
3.73627921541181e-05
0.0226646259351027
0.0867518054836249
0.15630825388596
0.223021534277839
0.278418012579884
0.315092012414086
0.327924314028008
0.315089519220629
0.278418276217538
0.223015396519077
0.156308643117806
0.0867344826802733
0.0226649550004224
-0.0287035855491716
-0.0618624774974229
-0.0732871789910806
-0.0618510147167662
-0.0287265391725465
0.0226946947336661
0.0829849172628886
0.106704125870692
0.133272202802876
0.159514144455777
0.181838051964123
0.196870691501774
0.202176822506669
0.196869662871036
0.18183815931522
0.159511697307544
0.133272353783771
0.106697614080819
0.0829850371077824
0.0645282803388818
0.0528879392676431
0.0489284090016985
0.0528919252622584
0.0645201471919283
0.0829958683397588
0.159512886074882
0.133272240548101
0.106704161700939
0.08298383421615
0.0645242561595883
0.0528915927476637
0.0489284087470732
0.0528923680902836
0.0645241708808518
0.0829859404001173
0.106704018379988
0.133279100456609
0.159512746828685
0.181832986268498
0.196875538546059
0.202176822162633
0.19687025036121
0.18184322448604
0.159500162455864
0.223018378100489
0.15630835119393
0.0867519007996233
0.0226616521461176
-0.028714942678183
-0.0618519709474224
-0.0732871797282349
-0.0618497412524859
-0.0287151833545177
0.0226674352226192
0.0867515195356949
0.156326036112259
0.223018028853294
0.278405571987791
0.315103760642623
0.327924313197837
0.315090943178595
0.278430715462839
0.22298646544522
0.247651566706879
0.165471453121281
0.0794947090841776
-3.69516464666821e-06
-0.0639352720917265
-0.105270177491978
-0.119553094462422
-0.105267393481395
-0.0639355720205175
3.49075818845772e-06
0.0794942369693769
0.165493274527183
0.247651137153308
0.315687784275497
0.360673981684679
0.37637306451482
0.360658282056479
0.315718631134089
0.247612315983146
0.223018378100489
0.15630835119393
0.0867519007996233
0.0226616521461176
-0.028714942678183
-0.0618519709474224
-0.073287179728235
-0.0618497412524859
-0.0287151833545177
0.0226674352226192
0.0867515195356949
0.156326036112259
0.223018028853294
0.278405571987791
0.315103760642623
0.327924313197837
0.315090943178595
0.278430715462839
0.22298646544522
0.159512886074882
0.133272240548101
0.106704161700939
0.0829838342161499
0.0645242561595882
0.0528915927476636
0.0489284087470731
0.0528923680902836
0.0645241708808517
0.0829859404001172
0.106704018379988
0.133279100456609
0.159512746828685
0.181832986268498
0.196875538546058
0.202176822162633
0.19687025036121
0.18184322448604
0.159500162455864
0.0829849172628887
0.106704125870692
0.133272202802876
0.159514144455777
0.181838051964123
0.196870691501775
0.20217682250667
0.196869662871036
0.181838159315221
0.159511697307543
0.133272353783771
0.106697614080819
0.0829850371077824
0.0645282803388818
0.0528879392676431
0.0489284090016985
0.0528919252622584
0.0645201471919282
0.0829958683397588
0.0226646259351027
0.0867518054836248
0.15630825388596
0.223021534277839
0.278418012579884
0.315092012414086
0.327924314028008
0.315089519220629
0.278418276217538
0.223015396519077
0.156308643117806
0.0867344826802733
0.0226649550004224
-0.0287035855491715
-0.0618624774974229
-0.0732871789910806
-0.0618510147167662
-0.0287265391725465
0.0226946947336662
1.00230281565925e-16
0.0794945910554577
0.165471333053006
0.247655448619636
0.315703046815499
0.360659591723032
0.376373065531107
0.360656537903544
0.315703370255017
0.247647899536345
0.165471813326063
0.0794731404147606
4.08889275644331e-07
-0.0639211189393554
-0.105283296038796
-0.119553093541381
-0.105268983536552
-0.063949723548618
3.73627921541181e-05
