0.24997
0.24242
0.2132
0.16626
0.11101
0.054078
4e-09
-0.042475
-0.072583
-0.085155
-0.073284
-0.042623
-2e-08
0.054446
0.11183
0.16738
0.21309
0.24186
0.25047
0.22049
0.21291
0.18926
0.15129
0.10539
0.058288
0.014681
-0.019318
-0.043083
-0.052078
-0.043254
-0.019339
0.014889
0.058568
0.10571
0.15148
0.18916
0.21298
0.22006
0.1357
0.13279
0.12373
0.10968
0.092827
0.074441
0.056816
0.043426
0.034351
0.031672
0.034369
0.043583
0.057108
0.07494
0.093522
0.10942
0.12377
0.13271
0.13639
0.031573
0.034396
0.043555
0.057125
0.074953
0.093099
0.1093
0.12336
0.13262
0.13543
0.13228
0.12371
0.10963
0.092882
0.074557
0.056932
0.043441
0.03432
0.031695
-0.052078
-0.043224
-0.01937
0.014903
0.058604
0.10593
0.15188
0.18879
0.213
0.22014
0.21269
0.18913
0.15149
0.10535
0.058244
0.014684
-0.019347
-0.04306
-0.052158
-0.085113
-0.073072
-0.042666
-8.6962e-09
0.054369
0.11118
0.16625
0.21279
0.24237
0.24963
0.24217
0.21402
0.16755
0.11108
0.054161
1.1026e-08
-0.042506
-0.072522
-0.085071
-0.052305
-0.043174
-0.01931
0.01476
0.058622
0.10586
0.15172
0.18918
0.21337
0.22042
0.21346
0.18948
0.15146
0.10551
0.059081
0.014658
-0.019204
-0.042971
-0.052358
0.031585
0.034316
0.043522
0.057139
0.074819
0.093245
0.1093
0.12337
0.13416
0.13569
0.13259
0.1239
0.10972
0.093145
0.074469
0.056796
0.043387
0.034381
0.031587
0.13595
0.13277
0.12427
0.1097
0.092885
0.074458
0.056708
0.043372
0.03438
0.03154
0.034364
0.043578
0.057208
0.074945
0.092862
0.10948
0.12386
0.13266
0.13581
0.22028
0.21346
0.18917
0.15135
0.10556
0.058118
0.014674
-0.019235
-0.043048
-0.052063
-0.043171
-0.019376
0.014794
0.058595
0.10559
0.15141
0.18891
0.21299
0.22142
0.25009
0.2422
0.21318
0.16611
0.11109
0.054345
3.366e-09
-0.042453
-0.07244
-0.084974
-0.072882
-0.042905
-1.9821e-08
0.054635
0.11125
0.16638
0.21305
0.24315
0.24978
