1.40853975055752e-16
-0.0694605631472934
-0.114183639406355
-0.129608343607875
-0.114183724979812
-0.0694577070626989
-2.22690950697133e-07
0.0868931066748691
0.181582390173784
0.272862489726612
0.349046134548007
0.39970055823354
0.417456696865767
0.39970095065424
0.349013102754779
0.272836748218112
0.181583452553222
0.0869133806073887
-4.0692848539934e-05
0.0244850500261282
-0.0311704476046479
-0.0668777030520385
-0.0791690915528213
-0.0668777712766525
-0.03116816404944
0.0244848712191568
0.0944309990239888
0.17103559064927
0.245233538514102
0.307405546503301
0.348859624995308
0.363411727595048
0.348859946486331
0.307378543810485
0.245212568108043
0.171036452259865
0.0944473590608977
0.0244523762410374
0.0901567956968343
0.0707456682411667
0.0587325468688755
0.0546800857100598
0.0587325242560858
0.0707464477474117
0.0901567320351405
0.115668649796753
0.144928623779355
0.174474104201585
0.200068307015318
0.21752803420354
0.223728384624265
0.217528170782156
0.200057034180715
0.17446559629489
0.144928960199353
0.115674755475057
0.0901451627932713
0.174472752227131
0.200068400045992
0.217524913971404
0.223728384608346
0.217524948124361
0.200067310072951
0.17447283140937
0.144927271853576
0.115667396333284
0.0901557087267144
0.0707457347729312
0.0587304809663409
0.0546800856997998
0.05873039053842
0.0707537968520208
0.0901625490891314
0.115667084416454
0.144920686691027
0.174487221687666
0.245230206163008
0.307405769345549
0.34885228030096
0.363411727557796
0.348852360693503
0.307403158462939
0.2452304013318
0.17103212820658
0.0944276403740204
0.0244819970436633
-0.031170252700393
-0.0668839360632978
-0.0791690915841072
-0.0668842088931172
-0.0311466351303991
0.02450120951789
0.09442680459311
0.171015262727801
0.245265870257874
0.272858399214483
0.349046407145772
0.399691593097774
0.417456696820329
0.399691691227139
0.349043213313301
0.272858638787193
0.18157812092682
0.0868889445150147
-3.80226584065889e-06
-0.0694603193769285
-0.114191457412465
-0.129608343647156
-0.114191799620375
-0.0694307804719221
2.01254480079425e-05
0.086887908785098
0.181557325509668
0.27290217739766
0.245230206163009
0.307405769345549
0.34885228030096
0.363411727557796
0.348852360693503
0.307403158462939
0.2452304013318
0.17103212820658
0.0944276403740205
0.0244819970436633
-0.031170252700393
-0.0668839360632979
-0.0791690915841072
-0.0668842088931172
-0.031146635130399
0.02450120951789
0.09442680459311
0.171015262727801
0.245265870257874
0.174472752227131
0.200068400045992
0.217524913971404
0.223728384608346
0.217524948124361
0.200067310072952
0.17447283140937
0.144927271853576
0.115667396333284
0.0901557087267143
0.0707457347729312
0.0587304809663407
0.0546800856997997
0.05873039053842
0.0707537968520208
0.0901625490891314
0.115667084416454
0.144920686691027
0.174487221687666
0.0901567956968342
0.0707456682411667
0.0587325468688755
0.0546800857100598
0.0587325242560858
0.0707464477474117
0.0901567320351406
0.115668649796753
0.144928623779355
0.174474104201585
0.200068307015318
0.21752803420354
0.223728384624265
0.217528170782156
0.200057034180715
0.17446559629489
0.144928960199353
0.115674755475057
0.0901451627932714
0.0244850500261283
-0.0311704476046479
-0.0668777030520385
-0.0791690915528213
-0.0668777712766524
-0.03116816404944
0.0244848712191568
0.0944309990239888
0.17103559064927
0.245233538514102
0.307405546503301
0.348859624995308
0.363411727595048
0.348859946486331
0.307378543810486
0.245212568108043
0.171036452259865
0.0944473590608976
0.0244523762410374
1.40853975055752e-16
-0.0694605631472934
-0.114183639406355
-0.129608343607875
-0.114183724979812
-0.0694577070626989
-2.22690950697133e-07
0.0868931066748691
0.181582390173784
0.272862489726612
0.349046134548007
0.39970055823354
0.417456696865767
0.39970095065424
0.349013102754779
0.272836748218112
0.181583452553222
0.0869133806073887
-4.0692848539934e-05
