0.48039
0.46086
0.40444
0.3188
0.21405
0.10318
7e-09
-0.084241
-0.13944
-0.15852
-0.13931
-0.084697
-2.9e-08
0.10275
0.21416
0.319
0.4042
0.46023
0.48041
0.41895
0.40266
0.35706
0.28772
0.20323
0.114
0.030287
-0.037827
-0.081987
-0.097744
-0.082045
-0.037754
0.030617
0.1141
0.20323
0.28828
0.35699
0.4029
0.4189
0.25795
0.25208
0.23503
0.20826
0.17512
0.14122
0.10915
0.08365
0.067034
0.060749
0.066804
0.08314
0.10917
0.14113
0.17576
0.20761
0.23458
0.25229
0.25802
0.060779
0.066799
0.083107
0.10918
0.1411
0.17575
0.20762
0.23458
0.25226
0.25801
0.25206
0.23501
0.20829
0.17512
0.14121
0.10915
0.083646
0.067038
0.060727
-0.097752
-0.082043
-0.037764
0.030604
0.11413
0.2033
0.28827
0.35699
0.40296
0.41893
0.40274
0.35707
0.28777
0.20328
0.11399
0.030291
-0.037826
-0.08199
-0.097755
-0.15849
-0.13933
-0.084672
-1.1928e-08
0.10274
0.21418
0.31895
0.40417
0.46047
0.48047
0.46082
0.4042
0.31884
0.21406
0.10317
2.3053e-08
-0.084254
-0.13945
-0.15852
-0.097752
-0.082069
-0.037754
0.030614
0.1141
0.20323
0.2883
0.35702
0.40297
0.41896
0.4026
0.3571
0.28777
0.20339
0.11399
0.030282
-0.037826
-0.081986
-0.097731
0.060777
0.06681
0.083144
0.10923
0.14113
0.17579
0.20761
0.23457
0.25228
0.258
0.25208
0.23504
0.20826
0.17513
0.14123
0.10915
0.083647
0.067039
0.060752
0.258
0.25206
0.23508
0.20825
0.17513
0.14122
0.10916
0.083657
0.067044
0.060762
0.066813
0.08313
0.10918
0.14112
0.17576
0.20762
0.23457
0.25228
0.25796
0.41886
0.40284
0.35708
0.28778
0.20326
0.114
0.030281
-0.037831
-0.081991
-0.09774
-0.082062
-0.037755
0.030604
0.11409
0.20319
0.2883
0.35698
0.40296
0.41892
0.48038
0.46084
0.40436
0.31881
0.21406
0.10319
7.5981e-09
-0.084255
-0.13942
-0.15851
-0.13934
-0.084655
-2.8615e-08
0.10274
0.21422
0.31896
0.40416
0.46047
0.48056
