-2.9999998280767e-09
-0.00264280199861796
-0.00344866574071753
-0.00234551267784508
-0.00315459742034142
-0.00210107849869806
1.61006999006335e-07
0.000312605631160728
0.00159413118112248
0.00142198985839456
-0.00165502247809052
-0.00315727557996132
-0.00404485802662707
-0.00315758132924826
-0.00118921394306315
0.00218218495345623
0.00266329378982
0.000793552404081063
3.2363938611429e-05
0.00130740999451023
-0.000715862089224088
-0.000833537904113779
-0.000658415099257834
-0.000807483299616538
-0.000561685841400674
0.0011215522969946
0.00227269483738568
0.00231166027557633
0.00136544395034388
-0.0011176632667261
-0.00228664159585912
-0.00293767806965028
-0.00248689162032306
-0.00103659805033901
0.00176187857098734
0.00306098139633432
0.00275273533157934
0.00129641326300119
0.00145642677668534
0.000957959389141685
0.000189686042386693
-0.00152937254782257
1.70462974175001e-06
0.000602323858712075
0.00123147807674938
0.0026689186392142
0.00256210544597504
0.00202742313554982
0.00126227271629994
-0.000201782384604637
-0.0025449628451136
-0.000831886960636075
0.0010909504577831
0.0020040286954387
0.00250184131638591
0.00273506296324941
0.00148480086958108
0.00203847281054914
0.00143220110213038
-0.000209393272296188
-0.00255496283294726
-0.00081941942268543
0.00106304015362604
0.0019784113333258
0.00240316686837785
0.0027759154855609
0.00160530268257422
0.000875905145867752
0.000204384182796731
-0.00154337253936426
-1.75414867725487e-05
0.000566332159026524
0.00123179056780619
0.00271916354485914
0.00254833701189834
0.00196723872560733
0.00128805553023173
-0.00111783710921895
-0.00228092960496395
-0.00293767804070993
-0.00247099212650354
-0.00112580032138079
0.00170790257547579
0.00301438839990958
0.00296235537374742
0.00129783969300781
-0.000746017748732904
-0.000960549227906698
-0.000667415074199609
-0.000711330864769745
-0.000593879813381527
0.00111154956413957
0.00228601743315836
0.00231767704046423
0.00130010543734124
0.0014951990034256
-0.00167523546509024
-0.0031802905137383
-0.0040948579912593
-0.00315036696994642
-0.00122274004899137
0.0023650110505177
0.00260749629778806
0.0011869012983852
3.03054416455375e-06
-0.00262599630073445
-0.00350342397817316
-0.00230551264646706
-0.00309315076518284
-0.002133540871131
-1.60270896830513e-05
0.000287721406614747
0.00141388772446019
0.0013408535749484
0.00129805553023188
-0.00112783710921877
-0.00228092960496418
-0.00293767804071038
-0.00247099212650387
-0.00105580032138095
0.00175790257547589
0.00305438839990946
0.00292235537374737
0.00131083969300775
-0.000662017748732931
-0.00094854922790668
-0.000621415074199591
-0.000785330864769743
-0.00058987981338152
0.00110754956413957
0.00228101743315834
0.00233767704046409
0.00132010543734135
0.00209847281054876
0.00118220110213027
-0.000199393272296233
-0.00259496283294747
-0.000829419422685329
0.00100304015362596
0.00198841133332575
0.00250316686837791
0.00284591548556094
0.00151630268257419
0.000793905145867725
0.00018438418279676
-0.00153137253936421
-4.54148677250799e-06
0.000568332159026526
0.00122179056780614
0.00268716354485918
0.00246833701189809
0.00210723872560728
0.0015414267766854
0.000926959389141807
0.00013568604238675
-0.00152837254782252
-1.52953702581074e-05
0.000607323858712074
0.00104747807674942
0.00250991863921385
0.00241210544597521
0.00130742313554966
0.00134227271629991
-0.000201782384604776
-0.00255496284511358
-0.000831886960636186
0.0010909504577831
0.00200402869543878
0.00256184131638601
0.00274706296324928
0.00158480086958113
0.00125340999451024
-0.000764862089224078
-0.000947537904113817
-0.000623415099257826
-0.000750483299616578
-0.000568685841400723
0.00112655229699457
0.00223369483738572
0.00224166027557626
0.00137544395034364
-0.0011376632667261
-0.00228664159585906
-0.00293767806965017
-0.00247689162032322
-0.00101659805033913
0.00170187857098744
0.00299098139633436
0.0029067353315793
0.0013204132630012
-2.8300998280767e-09
-0.00265280199861796
-0.00264966574071754
-0.00239551267784507
-0.00315159742034142
-0.00205407849869806
1.61284999006335e-07
0.000270605631160728
0.00170413118112248
0.00144198985839455
-0.00166502247809053
-0.00320727557996131
-0.00406485802662704
-0.00314758132924825
-0.00121921394306312
0.00234218495345623
0.00246329378981999
0.00116655240408106
3.23636966114289e-05
