-4.99999976705845e-09
0.00201176405278002
0.00277772249856836
0.000757828595946475
-0.00299456478438387
-0.00617796724317848
-0.00755663397170603
-0.00631408800151223
-0.00253497472229813
0.00196736496677979
0.00443711809737521
0.00301865836847258
-4.9803153047731e-07
-0.0032919319665289
-0.00624893354216682
-0.00584538493263484
-0.00522675441253515
-0.00300026547871281
-4.67322071561593e-05
0.00151951216413079
0.00348315948959707
0.00377457545465473
0.00187762387438029
-0.00160697081998612
-0.00425041076084254
-0.0056848849367277
-0.00434723853758612
-0.00146730541613327
0.00280538450598344
0.00541408546219455
0.00421487080108156
0.00146810132694443
-0.00156162520659678
-0.00383447108476784
-0.00384396128949203
-0.00311571426240201
-0.00129105203399778
0.0014769713153698
0.00341976595096352
0.00523509542222714
0.00543353287634304
0.00412889816353668
0.00143839080760036
-0.00124797618373249
-0.00267768250902817
-0.00158664936302019
0.00119825297117993
0.00374201740017693
0.0053133422363901
0.00654323013977942
0.00429961784408174
0.00175680737683201
-0.000625997340540307
-0.00219938334751935
-0.000971845693355608
0.0011247643802718
0.00343623234058112
0.00371050214834587
0.00529348521635509
0.00647505066197704
0.00429110440288887
0.00174273398291959
-0.000618441239780831
-0.00219438303852299
-0.000984384326608329
0.00111883838539457
0.00340850153582595
0.00518522970292937
0.00541482336335497
0.00414067963731785
0.00144489504273487
-0.00122422834413588
-0.00267768206456243
-0.00158740716079153
0.00118174939932944
0.0037067201655305
0.00284161457083454
0.00541445295653017
0.00424304002645839
0.00144922493149943
-0.00156448759932724
-0.00387752608936133
-0.00383296037409436
-0.00311729661704387
-0.00130918800015999
0.00151400477579738
0.00349351787892434
0.00381218992328267
0.00189205616179261
-0.00157118182963556
-0.00429535866711506
-0.0056848838795171
-0.00435905031532635
-0.00148309271089747
0.00287196514586496
0.00189273241822441
0.00446757139825718
0.00296161607104313
4.61759793063228e-06
-0.00325328469297426
-0.00626526778712894
-0.00579538378635522
-0.00522873423226058
-0.00308991071805041
-4.38412047058576e-06
0.00201220799788918
0.00277011016559123
0.000753275051273372
-0.00298522054514128
-0.00621624670066012
-0.00749663267969297
-0.006296303584503
-0.00252431687135679
0.00202231580351486
0.00284161457083482
0.00548445295652988
0.0042030400264584
0.00146122493149945
-0.00155148759932727
-0.0038435260893613
-0.00385396037409445
-0.00299729661704387
-0.00130918800015997
0.00144900477579744
0.00345351787892428
0.00382218992328243
0.001892056161793
-0.00152118182963579
-0.00428535866711544
-0.0056848838795176
-0.00434905031532673
-0.00148309271089758
0.00285196514586494
0.00372050214834532
0.00531348521635505
0.00654505066197725
0.00437110440288886
0.00176173398291962
-0.00061644123978076
-0.00220238303852284
-0.00097938432660824
0.0011208383853946
0.00341850153582586
0.00520522970292916
0.00543482336335491
0.00412067963731758
0.00143489504273489
-0.00123422834413603
-0.00267768206456248
-0.00158740716079134
0.00119174939932915
0.0037367201655305
0.00341976595096356
0.00520509542222702
0.00546353287634299
0.00411889816353667
0.00145839080760032
-0.00124797618373271
-0.0026276825090284
-0.00157664936302046
0.00119825297117993
0.00364201740017683
0.00531334223639007
0.00652323013977948
0.00430961784408186
0.00174980737683218
-0.000621997340540248
-0.00219838334751927
-0.000983845693355509
0.00112576438027187
0.00332623234058117
0.00151251216413078
0.00350315948959708
0.00383457545465465
0.00187762387438001
-0.00159697081998605
-0.00427041076084272
-0.00569488493672754
-0.00432723853758599
-0.00144730541613325
0.00279538450598354
0.00547408546219463
0.00422487080108154
0.00144510132694434
-0.0015616252065968
-0.00382047108476791
-0.00383996128949211
-0.00311071426240206
-0.00130205203399784
0.00148197131536972
-2.06219976705845e-09
0.00199176405278002
0.00259772249856838
0.000767828595946485
-0.00298456478438391
-0.0061379672431785
-0.00759663397170601
-0.00629408800151227
-0.00256497472229811
0.00193736496677976
0.00446711809737521
0.00295865836847259
-4.9760353047731e-07
-0.0032829319665289
-0.00627893354216683
-0.00581538493263484
-0.00520675441253515
-0.00303326547871281
-4.67337501561593e-05
