-2.3294155492953e-16
0.09950823594722
0.207502277501432
0.311122171404054
0.397224564784384
0.454267967243178
0.474236633971706
0.454264088001512
0.397224974722298
0.31111263503322
0.207502881902625
0.0994813416315274
5.1103153047731e-07
-0.0797940680334711
-0.131331066457833
-0.149094615067365
-0.131313245587465
-0.0798297345212872
4.66962071561593e-05
0.0282204878358692
0.108386840510403
0.195755424545345
0.27992237612562
0.350096970819986
0.396700410760843
0.413034884936728
0.396697238537586
0.350097305416133
0.279914615494017
0.195755914537805
0.108365129198918
0.0282208986730556
-0.0358173747934032
-0.0770565289152322
-0.091248038710508
-0.077042285737598
-0.0358459479660022
0.0282580286846302
0.103590234049036
0.133064904577773
0.166436467123657
0.199731101836463
0.2282916091924
0.247637976183732
0.254487682509028
0.24763664936302
0.22829174702882
0.199727982599823
0.16643665776361
0.133056769860221
0.103590382155918
0.080886192623168
0.0666809973405403
0.0618703833475194
0.0666858456933556
0.0808762356197282
0.103603767659419
0.199729497851654
0.166436514783645
0.133064949338023
0.103588895597111
0.0808812660170804
0.0666854412397808
0.061870383038523
0.0666863843266083
0.0808811616146054
0.103591498464174
0.133064770297071
0.166445176636645
0.199729320362682
0.228285104957265
0.247644228344136
0.254487682064562
0.247637407160792
0.228298250600671
0.199713279834469
0.279918385429165
0.19575554704347
0.108386959973542
0.0282167750685006
-0.0358315124006728
-0.0770434739106387
-0.0912480396259056
-0.0770407033829561
-0.03583181199984
0.0282239952242026
0.108386482121076
0.195777810076717
0.279917943838207
0.350081181829636
0.396715358667115
0.413034883879517
0.396699050315326
0.350113092710897
0.279878034854135
0.311117267581776
0.207502428601743
0.0995083839289569
-4.61823190063228e-06
-0.0798117153070257
-0.131314732212871
-0.149094616213645
-0.131311265767739
-0.0798120892819496
4.36276447058576e-06
0.0995077920021108
0.207529889834409
0.311116724948727
0.397205220545141
0.45428624670066
0.474236632679693
0.454266303584503
0.397244316871357
0.311067684196485
0.279918385429165
0.19575554704347
0.108386959973542
0.0282167750685005
-0.0358315124006727
-0.0770434739106387
-0.0912480396259056
-0.0770407033829561
-0.03583181199984
0.0282239952242026
0.108386482121076
0.195777810076718
0.279917943838207
0.350081181829636
0.396715358667115
0.413034883879518
0.396699050315327
0.350113092710898
0.279878034854135
0.199729497851655
0.166436514783645
0.133064949338023
0.103588895597111
0.0808812660170804
0.0666854412397808
0.0618703830385228
0.0666863843266082
0.0808811616146054
0.103591498464174
0.133064770297071
0.166445176636645
0.199729320362682
0.228285104957265
0.247644228344136
0.254487682064562
0.247637407160791
0.228298250600671
0.199713279834469
0.103590234049036
0.133064904577773
0.166436467123657
0.199731101836463
0.2282916091924
0.247637976183733
0.254487682509028
0.24763664936302
0.22829174702882
0.199727982599823
0.16643665776361
0.133056769860221
0.103590382155918
0.0808861926231678
0.0666809973405403
0.0618703833475193
0.0666858456933555
0.0808762356197281
0.103603767659419
0.0282204878358692
0.108386840510403
0.195755424545345
0.27992237612562
0.350096970819986
0.396700410760843
0.413034884936728
0.396697238537586
0.350097305416133
0.279914615494016
0.195755914537805
0.108365129198918
0.0282208986730557
-0.0358173747934032
-0.0770565289152321
-0.0912480387105079
-0.0770422857375979
-0.0358459479660022
0.0282580286846303
-2.3294155492953e-16
0.09950823594722
0.207502277501432
0.311122171404054
0.397224564784384
0.454267967243178
0.474236633971706
0.454264088001512
0.397224974722298
0.31111263503322
0.207502881902625
0.0994813416315274
5.1103153047731e-07
-0.0797940680334711
-0.131331066457833
-0.149094615067365
-0.131313245587465
-0.0798297345212872
4.66962071561593e-05
