-0.00471076838045409
-0.00295368785812022
-0.00152700464842509
0.00161670301734335
0.00208624407184324
0.000857347998561242
-1.70760290938824e-07
-0.00278399205236009
-0.00434848951419536
-0.00402303619946882
-0.00508328599678801
-0.0033389411759961
3.25520259277319e-07
0.00135908415757151
0.00287825715862958
0.00187646429108523
-0.00172658167481693
-0.00468640860273545
-0.00393076474597787
-0.00251222906743759
-0.00309522546011798
-0.00160955768962437
0.00169669306479348
0.0030565320863841
0.0030613774241795
0.00149597365854144
-0.000928895380168656
-0.00177552724974792
-0.00210666990935852
-0.00234536459013861
-0.0011460703196179
0.00171539755891002
0.0036120809489531
0.00375573578631366
0.00200022292586874
-0.000959212453594704
-0.00275927289998795
-0.00313222609346814
-0.00338316229866442
-0.000781032930963738
0.00183615150200442
0.00315417812520988
0.00362411883426909
0.00398939548287444
0.00217685574170295
0.000863259305975334
-0.000350931126400028
-0.00240046922988495
-0.000534875757115819
0.00127736511982835
0.00285100855784051
0.00450615518909978
0.00402213689731455
0.00284755825049299
0.0013962937214971
-0.000928543204171989
-0.00324316104836755
-0.00239546922229682
-0.0004629034417006
0.0012946462201308
0.00284198599419046
0.00450534408679699
0.0040229993211533
0.00283313583611733
0.00124534207939836
-0.000840993981603311
-0.002923162287749
-0.00107107188017097
0.00192048329953748
0.00307295270356209
0.00355793116358794
0.003960596655842
0.00218650993074686
0.00089653849771474
-0.000368673117377788
-0.00239947009151439
-0.00208766988687889
-0.00234444591977837
-0.00113765472675944
0.00170856104746946
0.00359657129145201
0.00372365465954672
0.00197409985716793
-0.0010815225517069
-0.00189513233821448
-0.00273222904147463
-0.00273531858165021
-0.000929042279521564
0.00171364422508277
0.00280062829684261
0.00313360420489828
0.00151288408518106
-0.000933963852976432
-0.00178064472488218
-0.00209667246192315
-0.00405303617131936
-0.00509938775528565
-0.00332318815844653
-3.18768297637727e-06
0.00134287197701531
0.00290269479264513
0.00218351644784526
-0.00186941194278373
-0.00287357398140331
-0.00410076834872625
-0.00306380173438253
-0.00140412145572266
0.00147295656087398
0.00197662690428257
0.000907074478836631
1.58987394914371e-05
-0.00276057402551402
-0.00421589242543147
-0.00399303939584106
-0.00208966988687895
-0.00235044591977834
-0.00113665472675943
0.00171056104746951
0.00359757129145198
0.00378365465954664
0.002024099857168
-0.000971522551706905
-0.0020851323382145
-0.0025022290414749
-0.00372531858165043
-0.000989042279521457
0.00156364422508276
0.00292062829684248
0.00312160420489828
0.00150988408518102
-0.000932963852976407
-0.00178464472488216
-0.00210567246192313
-0.00236546922229681
-0.000562903441700582
0.00127664622013084
0.00282898599419047
0.00450434408679709
0.00397299932115323
0.00284313583611684
0.00141534207939822
-0.000680993981603428
-0.00320316228774914
-0.00143107188017097
0.00180048329953728
0.00315295270356203
0.00359793116358796
0.00395559665584201
0.00217650993074679
0.000874538497714787
-0.000408673117377766
-0.00235947009151431
-0.00314316229866451
-0.000901032930963691
0.00153615150200437
0.00315417812520988
0.00357411883426911
0.00399539548287436
0.00200785574170301
0.000754259305975453
-0.00043593112640003
-0.00265946922988476
-0.000502875757115759
0.00128136511982843
0.0028460085578406
0.00450715518909982
0.00402213689731462
0.00285755825049303
0.00150629372149708
-0.000888543204172199
-0.00308316104836759
-0.00340222906743748
-0.00232522546011771
-0.00101955768962436
0.00156669306479335
0.00290653208638419
0.00308437742417947
0.00150197365854138
-0.00091489538016867
-0.00175052724974796
-0.00210866990935854
-0.00234736459013865
-0.00114607031961795
0.00171139755890994
0.00361308094895314
0.00378573578631375
0.00193022292586859
-0.00112921245359465
-0.00211927289998814
-0.00275222609346798
-0.00459076838045408
-0.00288368785812027
-0.00426700464842511
0.00173670301734333
0.00208624407184324
0.000788347998561242
-1.70528190938824e-07
-0.00274699205236009
-0.00441648951419538
-0.00402303619946882
-0.00508928599678801
-0.00332894117599609
3.25503259277319e-07
0.0013650841575715
0.00284825715862957
0.00211646429108522
-0.0021965816748169
-0.00295640860273544
-0.00351076474597789
