0.41302
0.3966
0.34811
0.27371
0.18358
0.088603
6e-09
-0.072091
-0.11964
-0.13678
-0.1193
-0.071917
-2.6e-08
0.088673
0.18271
0.27394
0.3478
0.39647
0.41284
0.36024
0.34683
0.30768
0.24762
0.17445
0.09754
0.025704
-0.032382
-0.070567
-0.084368
-0.070083
-0.032386
0.025736
0.097704
0.17395
0.24812
0.30746
0.34702
0.36051
0.22198
0.21692
0.20225
0.17918
0.15086
0.12151
0.093827
0.07205
0.057415
0.052435
0.05732
0.071832
0.093373
0.12145
0.15163
0.1789
0.20187
0.21713
0.22196
0.052408
0.057291
0.071898
0.0934
0.12119
0.1513
0.17876
0.20195
0.21741
0.22209
0.21675
0.20241
0.1792
0.15098
0.12158
0.093835
0.071849
0.057349
0.052395
-0.084442
-0.070041
-0.0324
0.025692
0.097679
0.17393
0.24801
0.30868
0.34685
0.36058
0.34699
0.30762
0.24778
0.17454
0.097613
0.025684
-0.032387
-0.070648
-0.084358
-0.13676
-0.11945
-0.072022
-1.0562e-08
0.088642
0.1826
0.27399
0.34788
0.39659
0.41321
0.39674
0.34807
0.27369
0.18376
0.088646
1.9088e-08
-0.072072
-0.11956
-0.13679
-0.084366
-0.070077
-0.03239
0.025704
0.097817
0.17405
0.24793
0.30774
0.3471
0.36059
0.34702
0.30857
0.2478
0.17442
0.097615
0.025686
-0.03237
-0.070639
-0.084354
0.05248
0.057248
0.071931
0.09347
0.12144
0.15133
0.17923
0.20179
0.21708
0.22196
0.21671
0.20226
0.1792
0.15087
0.12164
0.093825
0.07175
0.057414
0.052509
0.22224
0.21671
0.20223
0.17917
0.15086
0.12155
0.093921
0.071859
0.05736
0.052501
0.057243
0.071834
0.093362
0.12135
0.15135
0.17867
0.20176
0.21695
0.22214
0.36039
0.34708
0.30748
0.24752
0.1745
0.097633
0.025698
-0.032379
-0.070629
-0.08431
-0.070054
-0.032383
0.025681
0.097702
0.17386
0.24781
0.30748
0.34702
0.36045
0.41297
0.39654
0.3483
0.27397
0.18357
0.088603
6.2321e-09
-0.072158
-0.11965
-0.13676
-0.11938
-0.071884
-2.4651e-08
0.088658
0.18272
0.27385
0.34776
0.39643
0.41303
