0.416570039830576
0.399130589211722
0.349266325109287
0.273843739381892
0.182872565233142
0.0878005608077584
2.2570718787049e-07
-0.070561325957619
-0.116146668462311
-0.131896933547113
-0.116146930486902
-0.0705433840194922
-4.51413966098701e-07
0.0877803968353157
0.18292111617145
0.273869538682951
0.349265787152982
0.399121345527203
0.416570035217823
0.362904691101225
0.348655318619034
0.307958476269343
0.246535905772301
0.172674950196113
0.0957603516872161
0.0249926311335883
-0.0316880130982283
-0.0682112483445226
-0.0808128119743543
-0.0682114580626012
-0.0316736231295875
0.0249920863800791
0.0957440697531992
0.172714301914681
0.246556887922525
0.307958037588708
0.348647768009788
0.362904687331161
0.223699691899202
0.217781211137944
0.201032236889445
0.176202161026987
0.147096931459186
0.117718354094
0.0915806911731717
0.0712996276065103
0.0585532698818234
0.0542156755113411
0.0585531974348221
0.071304700123076
0.0915804934048767
0.117712239870804
0.147112210414064
0.176210548077211
0.201032057602099
0.217778082336072
0.223699690329655
0.0542156755013963
0.0585532336582484
0.0713004262047886
0.0915818167640367
0.117719704694978
0.147098359026222
0.176203481556126
0.2010332572785
0.217781162190887
0.2236996918855
0.217781260084807
0.201026776056596
0.17620371357605
0.147104821771376
0.117705249859493
0.0915746679097854
0.0713005665226952
0.0585555491594067
0.0542156766405346
-0.0808128120033501
-0.0682113532037748
-0.0316857475872858
0.0249957315750077
0.0957639482677906
0.172678626994043
0.246539209393004
0.307960972958035
0.348655200497255
0.362904691068313
0.348655436740342
0.30794511466266
0.246539789846128
0.172695272172725
0.0957254554821131
0.0249760399654651
-0.0316853495254153
-0.0682046503517336
-0.0808128086819377
-0.131896933583366
-0.116146799474872
-0.0705585012349309
4.07951304832873e-06
0.0878050149048644
0.182877101557019
0.273847801460269
0.3492693868112
0.399130444603484
0.416570039790308
0.399130733819382
0.349249939698235
0.273848515175944
0.182897637873272
0.0877573444154031
-2.039689647268e-05
-0.070558004916731
-0.116138424842875
-0.131896929430538
-0.0808128120033501
-0.0682113532037747
-0.0316857475872858
0.0249957315750077
0.0957639482677905
0.172678626994043
0.246539209393004
0.307960972958035
0.348655200497255
0.362904691068314
0.348655436740342
0.307945114662661
0.246539789846128
0.172695272172725
0.0957254554821129
0.0249760399654652
-0.0316853495254153
-0.0682046503517336
-0.0808128086819377
0.0542156755013964
0.0585532336582483
0.0713004262047885
0.0915818167640367
0.117719704694978
0.147098359026222
0.176203481556126
0.2010332572785
0.217781162190888
0.2236996918855
0.217781260084807
0.201026776056596
0.17620371357605
0.147104821771377
0.117705249859493
0.0915746679097854
0.0713005665226951
0.0585555491594066
0.0542156766405343
0.223699691899203
0.217781211137944
0.201032236889445
0.176202161026987
0.147096931459186
0.117718354094
0.0915806911731716
0.0712996276065102
0.0585532698818234
0.054215675511341
0.0585531974348221
0.071304700123076
0.0915804934048765
0.117712239870804
0.147112210414064
0.176210548077211
0.201032057602098
0.217778082336072
0.223699690329655
0.362904691101225
0.348655318619034
0.307958476269343
0.246535905772301
0.172674950196113
0.0957603516872162
0.0249926311335884
-0.0316880130982283
-0.0682112483445226
-0.0808128119743542
-0.0682114580626012
-0.0316736231295875
0.0249920863800791
0.0957440697531993
0.172714301914681
0.246556887922525
0.307958037588708
0.348647768009788
0.362904687331161
0.416570039830576
0.399130589211722
0.349266325109287
0.273843739381892
0.182872565233142
0.0878005608077584
2.2570718787049e-07
-0.070561325957619
-0.116146668462311
-0.131896933547113
-0.116146930486902
-0.0705433840194922
-4.51413966098701e-07
0.0877803968353157
0.18292111617145
0.273869538682951
0.349265787152982
0.399121345527203
0.416570035217823
