-2e-09
-0.04692
-0.07896
-0.090904
-0.078765
-0.046607
-1.3e-08
0.058737
0.12158
0.18257
0.23278
0.2636
0.27322
0.26386
0.23319
0.18309
0.12264
0.059105
1.5e-08
0.016321
-0.021023
-0.046099
-0.05529
-0.045991
-0.020867
0.016291
0.063701
0.11548
0.16568
0.20619
0.2318
0.24101
0.23215
0.20642
0.16617
0.11602
0.064193
0.016357
0.061544
0.047881
0.038365
0.034721
0.038227
0.047414
0.061373
0.081238
0.10065
0.11965
0.13584
0.14483
0.14756
0.14564
0.13593
0.11952
0.10064
0.080752
0.061529
0.11943
0.1357
0.14516
0.14764
0.14475
0.13509
0.11926
0.10076
0.081089
0.061625
0.047791
0.038454
0.034722
0.038303
0.047489
0.061292
0.080669
0.10029
0.11951
0.16582
0.20599
0.23207
0.23997
0.23194
0.20636
0.16602
0.11727
0.064109
0.016369
-0.02104
-0.046064
-0.055402
-0.046054
-0.020903
0.016273
0.063862
0.11589
0.16558
0.18239
0.23363
0.26472
0.2727
0.26363
0.23282
0.1832
0.12271
0.059162
7.0622e-09
-0.046984
-0.078934
-0.090879
-0.078952
-0.046687
-2.5321e-08
0.058697
0.12139
0.18258
0.16553
0.20619
0.23172
0.24023
0.23297
0.20682
0.16585
0.11616
0.064243
0.016373
-0.021047
-0.046463
-0.055405
-0.045959
-0.020904
0.016253
0.063738
0.11578
0.16548
0.11966
0.13544
0.14536
0.14797
0.14557
0.13516
0.11987
0.10053
0.080735
0.06153
0.047766
0.038372
0.034723
0.038224
0.047554
0.061365
0.080356
0.10059
0.11994
0.061763
0.047765
0.038357
0.034666
0.038219
0.047489
0.061531
0.080664
0.10036
0.11972
0.13535
0.14483
0.14751
0.14499
0.13525
0.1191
0.1005
0.080572
0.06168
0.016339
-0.021058
-0.045987
-0.055228
-0.046016
-0.020932
0.016275
0.063868
0.11577
0.16531
0.20598
0.23176
0.23998
0.2323
0.20617
0.16562
0.11598
0.064194
0.016355
-2.4641e-09
-0.046902
-0.07909
-0.091106
-0.078746
-0.046627
-1.349e-08
0.058907
0.12167
0.18251
0.23354
0.26367
0.27452
0.26386
0.23303
0.18296
0.1226
0.059084
1.5026e-08
