-2.00000007240109e-09
0.000182349477119904
-0.00142445998039406
-0.00285418837704318
-0.00122940167422175
0.00049340852896991
1.37674187599097e-07
0.000118274245815168
-0.000499018069282264
-0.000244151123131087
-0.000377828071869174
-0.0028515657356023
-0.00486768975599583
-0.00259182309925654
5.39300344150062e-05
0.000292913420503554
0.000560272489931471
0.000472638993883674
2.75480904662644e-05
-0.000363091249705037
0.000129260251390165
-0.000563493137099726
-0.00134217362047524
-0.000455446470264749
0.000283703553498313
-0.000392970030197965
-0.000230227250497095
0.000208488321897626
0.00109665239337831
0.000607812875552338
-0.000954957233595455
-0.00125256691673381
-0.000605167458562011
0.000855555681787634
0.00160053069931476
0.000747913303389608
0.000250762590684517
-0.000304940509981116
0.000407955476313226
0.000283296349889418
-0.000723113106217463
-0.00147150188514485
-0.000861096985183468
-0.000184252390714727
0.000236999484061563
0.002651459509217
0.00245330934278309
0.00202174267208804
0.00163794094771622
-0.000555151566085321
-0.00177414449274402
0.000254761321119013
0.00173519234111832
0.00189729012227047
0.00244308608415959
0.0021613249083544
0.0004009970543805
0.00180262420455282
0.00149788110472987
-0.000223161413000134
-0.00169414448261995
-0.000633183196527359
0.000888582241843933
0.00163257257507203
0.0025642065226571
0.00250330832324422
0.000489706872102154
0.000193249514223948
-0.000632640288285746
-0.00147050187779686
-0.000783575820567824
-0.000114425839512121
0.00015197830920774
0.00208351954562297
0.00209857665183577
0.00187318966789615
0.00123885775560015
0.000407666451616162
-0.000680154490419999
-0.00229256689241525
-0.0008102070596466
0.000779381995978046
0.0014387285921523
0.00200079907471426
0.000180033093341081
-0.000313021525684094
0.000112127385290518
-0.000524229646625872
-0.00145417359905092
-0.000514043026124407
0.000233027322285737
-0.000422046325896337
-6.64044328456126e-05
0.000632054711332541
0.000975255169981981
-0.000421439445974003
0.000471992367709506
-0.00172568607371315
-0.00538768972624165
-0.00281575043054283
-0.000335903851369418
0.000388401736761024
0.000633832869323628
0.000546073512716336
2.5797010219745e-06
0.000118183814773624
-0.00139313311701801
-0.00282918835025564
-0.00141089995076342
0.000395109676852995
-1.36423246869156e-05
8.17700945679872e-05
-0.000672280251816482
-0.00026046077674402
0.000948857755600108
0.000607666451616168
-0.00103015449041996
-0.00203256689241524
0.000219792940353403
0.00123938199597806
0.0012687285921523
0.000890799074714219
0.000314033093341035
-0.000309021525684076
0.000105127385290549
-0.000923229646625855
-0.00145717359905093
-0.000419043026124402
0.000232027322285729
-0.000442046325896357
-0.000190404432845515
0.000522054711332501
0.000875255169981992
0.00203262420455283
0.00123788110472992
-2.31614130003222e-05
-0.00136414448261987
0.000186816803472517
0.000958582241843864
0.00224257257507193
0.00233420652265702
0.00214930832324427
0.000394706872102087
0.000168249514223964
-0.000714640288285703
-0.00146950187779688
-0.000862575820567736
-4.94258395120559e-05
0.000224978309207785
0.00177051954562288
0.0023985766518357
0.00230318966789632
0.000626955476313376
0.00016729634988942
-0.000731113106217401
-0.00152650188514478
-0.000869096985183448
-0.000109252390714708
0.000394999484061617
0.00207745950921709
0.00216330934278311
0.002091742672088
0.00114794094771623
-0.000555151566085266
-0.00182414449274421
-0.000395238678881055
0.00105519234111839
0.00147729012227053
0.00230308608415979
0.00198132490835441
0.000551997054380651
-0.000345091249705047
9.42602513901263e-05
-0.000451493137099725
-0.00128017362047526
-0.000480446470264746
0.000218703553498283
-0.000408970030197995
-6.32272504971221e-05
0.000498488321897556
0.000726652393378185
0.000397812875552572
-0.000994957233595439
-0.00228256691673362
-0.000455167458562167
0.000605555681787745
0.00105053069931457
0.000707913303389582
0.000251762590684462
-0.000306940509981143
-2.46410007240109e-09
0.000200349477119909
-0.00155445998039405
-0.00305618837704319
-0.00121040167422175
0.000473408528969911
1.37184187599097e-07
0.000288274245815172
-0.000409018069282258
-0.000304151123131091
0.000382171928130837
-0.00278156573560229
-0.00356768975599586
-0.00259182309925654
-0.000106069965585015
0.000162913420503563
0.000520272489931473
0.000451638993883674
2.75481164662644e-05
