0.27216
0.26326
0.23153
0.18148
0.12114
0.058503
4e-09
-0.046767
-0.079036
-0.091491
-0.079582
-0.046886
-2.1e-08
0.05881
0.12191
0.18185
0.23169
0.26306
0.27194
0.2389
0.23088
0.2052
0.16488
0.11522
0.063782
0.016379
-0.020894
-0.046292
-0.055857
-0.046605
-0.021072
0.016542
0.064314
0.11571
0.16534
0.20496
0.23093
0.23939
0.1466
0.14421
0.13489
0.11925
0.10055
0.080629
0.061546
0.047813
0.03782
0.034097
0.037838
0.047485
0.061915
0.081653
0.10143
0.11928
0.13477
0.14429
0.14657
0.034046
0.037804
0.047592
0.061948
0.081138
0.10076
0.11903
0.13491
0.14485
0.14676
0.14398
0.13516
0.11927
0.10077
0.080763
0.061484
0.047487
0.037705
0.034067
-0.055903
-0.046565
-0.021102
0.016462
0.064261
0.11569
0.1652
0.20691
0.2307
0.23955
0.23109
0.20506
0.16518
0.11536
0.063885
0.016354
-0.020953
-0.046463
-0.055815
-0.091385
-0.079906
-0.047098
-8.6962e-09
0.058751
0.12173
0.18194
0.23181
0.26328
0.27261
0.26356
0.23145
0.18144
0.12141
0.058599
1.2392e-08
-0.046732
-0.078902
-0.091484
-0.055792
-0.046613
-0.021066
0.016491
0.064553
0.11593
0.16504
0.20518
0.2311
0.23959
0.23116
0.2066
0.1652
0.11514
0.063882
0.016334
-0.02091
-0.046407
-0.055778
0.034097
0.037744
0.047654
0.062089
0.081622
0.10081
0.11978
0.13464
0.14425
0.14657
0.14392
0.1349
0.11927
0.10056
0.080879
0.06154
0.047304
0.037797
0.034169
0.14706
0.14391
0.13485
0.11914
0.10055
0.080765
0.061717
0.047482
0.037724
0.0341
0.037722
0.047487
0.061898
0.08128
0.10088
0.11887
0.13459
0.14398
0.14688
0.23916
0.23125
0.20476
0.16471
0.11527
0.063965
0.016358
-0.020953
-0.046412
-0.055714
-0.046561
-0.021062
0.016481
0.06436
0.11557
0.16482
0.20492
0.23094
0.23931
0.27214
0.26317
0.23187
0.18186
0.1211
0.058518
3.866e-09
-0.046937
-0.079104
-0.091458
-0.07986
-0.046896
-2.1553e-08
0.058804
0.12181
0.18173
0.23164
0.26299
0.27228
