-0.00355003983057611
-0.00253058921172161
-0.00115632510928665
-0.00013373938189204
0.000707434766858084
0.000802439192241641
-2.1970718787049e-07
-0.00152967404238105
-0.00349333153768894
-0.00488306645288727
-0.00315306951309764
-0.00137361598050781
4.25413966098701e-07
0.000892603164684327
-0.00021111617144956
7.04613170485202e-05
-0.00146578715298162
-0.0026513455272032
-0.00373003521782289
-0.00266469110122536
-0.00182531861903423
-0.000278476269343353
0.00108409422769887
0.00177504980388735
0.0017796483127839
0.000711368866411655
-0.000693986901771658
-0.00235575165547741
-0.00355518802564571
-0.0018715419373988
-0.000712376870412472
0.000743913619920926
0.00195993024680081
0.00123569808531918
0.00156311207747545
-0.000498037588707867
-0.00162776800978814
-0.00239468733116149
-0.00171969189920237
-0.000861211137943657
0.00121776311055535
0.00297783897301279
0.00376306854081412
0.0037916459060002
0.00224630882682827
0.000750372393489657
-0.00113826988182342
-0.00178067551134114
-0.00123319743482205
0.000527299876923973
0.00179250659512334
0.00373776012919616
0.00451778958593643
0.00268945192278863
0.000837942397901414
-0.000648082336072137
-0.00173969032965482
-0.00180767550139633
-0.00126223365824842
0.000597573795211415
0.00181818323596325
0.00347029530502239
0.0042016409737779
0.00255651844387367
0.000916742721499941
-0.000371162190887259
-0.00160969188550023
-0.00103126008480678
0.00138322394340351
0.00299628642394981
0.00387517822862352
0.00387475014050674
0.00226033209021459
0.000548433477304794
-0.00120654915940667
-0.00182067664053458
-0.00362918799664992
-0.00182964679622523
-0.000714252412714195
0.000696268424992263
0.00191505173220936
0.00125137300595687
0.00147079060699626
0.000719027041964915
-0.00180520049725486
-0.00232469106831323
-0.00166543674034236
-0.000325114662660386
0.00124021015387157
0.00184472782727527
0.00188754451788695
0.000707960034534851
-0.000701650474584689
-0.00244334964826637
-0.00354519131806232
-0.00486306641663384
-0.00330320052512788
-0.00146349876506909
-4.09007504832873e-06
0.000836985095135551
-0.000277101557019294
0.000142198539731242
-0.00138938681120032
-0.00254044460348352
-0.00336003979030775
-0.00239073381938193
-0.00117993969823543
-0.000158515175943674
0.000862362126727551
0.000888655584596859
2.041598447268e-05
-0.00151399508326902
-0.0034215751571246
-0.00489307056946159
-0.00355318799664989
-0.00186564679622525
-0.000704252412714178
0.000708268424992255
0.0020530517322095
0.00137137300595691
0.00139079060699623
-0.000220972958035193
-0.00155520049725472
-0.00231469106831356
-0.00163543674034228
0.000624885337339509
0.00126021015387159
0.00172472782727526
0.00188954451788705
0.000709960034534832
-0.000684650474584679
-0.00243434964826637
-0.00354119131806231
-0.00173567550139639
-0.00130523365824833
0.000630573795211475
0.00188818323596326
0.00372029530502234
0.00423164097377796
0.00302651844387358
0.000756742721499865
-0.000701162190887505
-0.00173969188550016
-0.00107126008480693
0.00123322394340353
0.00299628642394975
0.00376517822862338
0.00393475014050662
0.00225033209021465
0.000449433477304861
-0.00114154915940657
-0.00170667664053434
-0.00145969189920253
-0.00107121113794362
0.00119776311055517
0.00296783897301267
0.00376306854081418
0.0038316459060002
0.00234030882682837
0.000559372393489757
-0.0011932698818234
-0.00171467551134104
-0.00131019743482207
0.00052929987692403
0.00178150659512349
0.00363776012919635
0.00423778958593643
0.0024594519227886
0.000727942397901526
-0.000828082336071734
-0.00155969032965506
-0.00251469110122532
-0.00157531861903421
-0.00047847626934322
0.000984094227698795
0.00182504980388742
0.00187264831278385
0.000705368866411642
-0.000690986901771717
-0.00241775165547742
-0.00349718802564575
-0.00184254193739877
-0.000709376870412518
0.000688913619920885
0.00195793024680069
0.00114569808531911
0.0012531120774753
-0.000478037588707902
-0.00162776800978798
-0.00245468733116128
-0.00360003983057611
-0.00259058921172162
-0.000966325109286625
0.000126260618107943
0.000697434766858102
0.000802439192241641
-2.1947508787049e-07
-0.00159667404238105
-0.00350333153768895
-0.00486306645288725
-0.00323306951309764
-0.00134061598050782
4.26762966098701e-07
0.000877603164684326
-0.000201116171449578
-1.95386829515143e-05
-0.00150578715298161
-0.00269134552720318
-0.00354003521782287
