7.24010856704684e-17
-0.0471023494771199
-0.0775355400196059
-0.0880498116229568
-0.0775355983257782
-0.0471004085289699
-1.50674187599097e-07
0.0586187257541848
0.122079018069282
0.182814151123131
0.233157828071869
0.266451565735602
0.278087689755996
0.266451823099257
0.233136069965585
0.182797086579496
0.122079727510069
0.0586323610061163
-2.75330904662644e-05
0.016684091249705
-0.0211522602513902
-0.0455355068629003
-0.0539478263795248
-0.0455355535297352
-0.0211507035534983
0.016683970030198
0.0639312272504971
0.115271511678102
0.164583347606622
0.205582187124448
0.232754957233595
0.242262566916734
0.232755167458562
0.205564444318212
0.164569469300685
0.11527208669661
0.0639422374093155
0.0166619405099811
0.0611360445236868
0.0475977036501106
0.0390881131062175
0.0361925018851449
0.0390880969851835
0.0475982523907147
0.0611360005159384
0.078586540490783
0.0981966906572169
0.117628257327912
0.134202059052284
0.145385151566085
0.149334144492744
0.145385238678881
0.134194807658882
0.11762270987773
0.0981969139158404
0.0785906750916456
0.0611280029456195
0.117627375795447
0.13420211889527
0.145383161413
0.14933414448262
0.145383183196527
0.134201417758156
0.117627427424928
0.0981957934773429
0.0785856916767558
0.0611352931278978
0.0475977504857761
0.0390866402882857
0.0361925018777969
0.0390865758205678
0.0476034258395121
0.0611400216907923
0.078585480454377
0.0981914233481642
0.117636810332104
0.1645811422444
0.205582333548384
0.23275015449042
0.242262566892415
0.232750207059647
0.205580618004022
0.164581271407848
0.115269200925286
0.0639289669066589
0.0166820215256841
-0.0211521273852905
-0.0455397703533741
-0.0539478264009491
-0.0455399569738756
-0.0211360273222857
0.0166950463258963
0.0639284044328456
0.115257945288667
0.164604744830018
0.182811439445974
0.23315800763229
0.266445686073713
0.278087689726242
0.266445750430543
0.233155903851369
0.182811598263239
0.122076167130676
0.0586159264872837
-2.5726388219745e-06
-0.0471021838147736
-0.077540866882982
-0.0880498116497444
-0.0775411000492366
-0.047082109676853
1.36170036869156e-05
0.058615229905432
0.122062280251816
0.182840460776744
0.1645811422444
0.205582333548384
0.23275015449042
0.242262566892415
0.232750207059647
0.205580618004022
0.164581271407848
0.115269200925286
0.063928966906659
0.0166820215256841
-0.0211521273852905
-0.0455397703533741
-0.0539478264009491
-0.0455399569738756
-0.0211360273222857
0.0166950463258964
0.0639284044328455
0.115257945288667
0.164604744830018
0.117627375795447
0.13420211889527
0.145383161413
0.14933414448262
0.145383183196527
0.134201417758156
0.117627427424928
0.098195793477343
0.0785856916767557
0.0611352931278979
0.047597750485776
0.0390866402882857
0.0361925018777969
0.0390865758205677
0.0476034258395121
0.0611400216907922
0.0785854804543771
0.0981914233481643
0.117636810332104
0.0611360445236866
0.0475977036501106
0.0390881131062174
0.0361925018851448
0.0390880969851835
0.0475982523907147
0.0611360005159384
0.0785865404907829
0.0981966906572169
0.117628257327912
0.134202059052284
0.145385151566085
0.149334144492744
0.145385238678881
0.134194807658882
0.117622709877729
0.0981969139158402
0.0785906750916456
0.0611280029456193
0.016684091249705
-0.0211522602513901
-0.0455355068629003
-0.0539478263795247
-0.0455355535297353
-0.0211507035534983
0.016683970030198
0.0639312272504971
0.115271511678102
0.164583347606622
0.205582187124447
0.232754957233595
0.242262566916734
0.232755167458562
0.205564444318212
0.164569469300685
0.11527208669661
0.0639422374093155
0.0166619405099811
7.24010856704684e-17
-0.0471023494771199
-0.0775355400196059
-0.0880498116229568
-0.0775355983257782
-0.0471004085289699
-1.50674187599097e-07
0.0586187257541848
0.122079018069282
0.182814151123131
0.233157828071869
0.266451565735602
0.278087689755996
0.266451823099257
0.233136069965585
0.182797086579496
0.122079727510069
0.0586323610061163
-2.75330904662644e-05
