-0.00450917656738459
-0.00182659025256371
-0.000438738342305706
-0.000396070381191355
-0.000316651228197698
0.000189375547514629
-1.45905696143837e-07
9.70134517046389e-05
-0.00189602340066997
-0.00389032662683957
-0.0024418493744055
-3.39028667362407e-05
2.7881112021964e-07
0.000509767652367668
0.000421103178411528
-4.32052461543653e-05
-0.000278381053221755
-0.00202045096663422
-0.00472917350377822
-0.00212679611873384
-0.000682932243998235
0.000666284418729207
0.00114070162881078
0.000536197237797478
0.000181800475615987
-0.000220107028423247
0.000151912218048649
-0.000988814202509895
-0.00218435912997269
-0.00130167491614128
-3.56450241771819e-05
-5.67452249077942e-05
0.000724614285651903
0.00100006139860655
0.00158676612296571
0.000426575772880022
-0.000627917431018477
-0.00163679361480806
-0.00197239752840045
-0.000431579077286359
0.00137242042004959
0.00222356473221805
0.00285409532343231
0.0024451726001684
0.000721763992392613
0.000458636091646578
-0.00106874238320311
-0.001910885509164
-0.00105069426679939
0.000127267128814008
0.00109089534219244
0.00347323342292384
0.00372394765206704
0.00224799438856037
0.00125253949554149
-0.000349501052093304
-0.00200239648596967
-0.00196188550255906
-0.00108471832495189
0.000237105694577834
0.0011230164199126
0.00295327558496165
0.0030631471904447
0.00200268768952505
0.00139174271840822
0.000208453431392835
-0.00181239751930004
-0.000661611585837218
0.00164604728704196
0.00224253359116189
0.00306885489332953
0.00258787590915324
0.000663764403276736
0.000132012501030614
-0.00118525618830627
-0.00194088625912917
-0.00223035911071486
-0.0012617445591842
-5.75924438018099e-05
-0.00013916621773712
0.000658411770498288
0.00100375525551703
0.00145850749593496
0.00237462621785436
-0.000862853792231832
-0.00147679609687493
-0.000473010695451581
0.00053515866403045
0.00143812198216128
0.000662700192888124
0.000307977140781596
-0.000234087837449257
9.11431794082089e-05
-0.00116419632570017
-0.00214236131666425
-0.0037843266027615
-0.00276593638736147
-0.000235862616244087
-2.71814577139994e-06
0.000434417314178419
0.000270335926729939
6.12317486494984e-05
-0.000160771802387771
-0.0018064942095497
-0.00405917654063997
-0.00152668629519392
-0.000507855806958002
-0.000439242272785523
-6.33034740051552e-05
0.000314078148623415
1.35591956873744e-05
0.000129807749037696
-0.00176749848332863
-0.00388332936090374
-0.00211935911071483
-0.00130974455918422
-2.15924438017982e-05
-0.000110166217737129
0.000950411770498386
0.00124375525551705
0.00129850749593491
0.000644626217854299
-0.000462853792231765
-0.00143679609687514
-0.000403010695451511
0.00207515866403038
0.00145812198216133
0.000442700192888126
0.000304977140781676
-0.00025408783744927
0.000134143179408221
-0.00110819632570018
-0.00210536131666426
-0.00191088550255909
-0.00114471832495182
0.000299105694577889
0.0012640164199126
0.00343727558496162
0.00311314719044474
0.002752687689525
0.00112174271840818
-0.000391546568607321
-0.00200239751929998
-0.000721611585837306
0.00138604728704197
0.00224253359116186
0.00285885489332946
0.00270387590915316
0.000719764403276778
-5.09874989693404e-05
-0.00109325618830621
-0.00183888625912901
-0.00151239752840057
-0.000731579077286326
0.00133242042004947
0.00211356473221797
0.00285409532343235
0.00258117260016839
0.000892763992392666
0.000127636091646642
-0.00116474238320309
-0.00190788550916393
-0.0011666942667994
0.000129267128814045
0.00107389534219254
0.00310023342292397
0.00317394765206701
0.00183799438856036
0.00107253949554156
-0.000659501052093059
-0.0016923964859698
-0.00186679611873378
-0.000312932243998199
0.00022628441872935
0.000970701628810716
0.000586197237797542
0.000364800475615934
-0.000241107028423254
9.2912218048611e-05
-0.0011088142025099
-0.00204135912997272
-0.00125767491614126
-2.56450241772101e-05
-0.000117745224907824
0.000770614285651811
0.000860061398606532
0.00106676612296563
0.000386575772879982
-0.000617917431018411
-0.00171679361480789
-0.00452917656738461
-0.00191659025256369
-9.87383423057264e-05
-1.60703811913632e-05
-0.000356651228197696
0.000204375547514631
-1.46039696143837e-07
-7.29865482953576e-05
-0.00196402340066996
-0.00385732662683956
-0.0027198493744055
-4.39028667362437e-05
2.7825812021964e-07
0.000503767652367669
0.000321103178411525
-0.000163205246154374
-0.000328381053221749
-0.00209045096663424
-0.00438917350377821
