0.276669176567385
0.265086590252564
0.231968738342306
0.181876070381191
0.121456651228198
0.0583136244524854
1.49905696143837e-07
-0.0468640134517046
-0.07713997659933
-0.0876006733731604
-0.0771401506255945
-0.0468520971332638
-2.9981112021964e-07
0.0583002323476323
0.121488896821588
0.181893205246154
0.231968381053222
0.265080450966634
0.276669173503778
0.241026796118734
0.231562932243998
0.204533715581271
0.163739298371189
0.114683802762203
0.063600199524384
0.0165991070284232
-0.0210459122180486
-0.0453031857974901
-0.0536726408700273
-0.0453033250838587
-0.0210363549758228
0.0165987452249078
0.0635893857143481
0.114709938601393
0.163753233877034
0.20453342422712
0.231557917431018
0.241026793614808
0.1485723975284
0.144641579077286
0.13351757957995
0.117026435267782
0.0976959046765677
0.0781838273998316
0.0608242360076074
0.0473543639083534
0.0388887423832031
0.036007885509164
0.0388886942667994
0.047357732871186
0.0608241046578076
0.0781797665770762
0.097706052347933
0.11703200561144
0.133517460504459
0.144639501052093
0.14857239648597
0.0360078855025591
0.0388887183249519
0.0473548943054222
0.0608249835800874
0.0781847244150383
0.0976968528095553
0.117027312310475
0.133518257281592
0.144641546568607
0.1485723975193
0.144641611585837
0.133513952712958
0.117027466408838
0.0977011451066705
0.0781751240908468
0.0608202355967233
0.0473549874989694
0.0388902561883063
0.0360078862591292
-0.0536726408892851
-0.0453032554408158
-0.0210444075561982
0.0166011662177371
0.0636025882295017
0.114686244744483
0.163741492504065
0.204535373782146
0.231562853792232
0.241026796096875
0.231563010695452
0.20452484133597
0.163741878017839
0.114697299807112
0.0635770228592184
0.0165880878374493
-0.0210441431794082
-0.0452988036742998
-0.0536726386833357
-0.0876006733972385
-0.0771400636126385
-0.0468621373837559
2.70944957139994e-06
0.0583165826858216
0.12145966407327
0.18187876825135
0.231970771802388
0.26508649420955
0.27666917654064
0.265086686295194
0.231957855806958
0.181879242272786
0.121473303474005
0.0582849218513766
-1.35468036873744e-05
-0.0468618077490377
-0.0771345015166714
-0.0876006706390963
-0.0536726408892852
-0.0453032554408158
-0.0210444075561982
0.0166011662177371
0.0636025882295016
0.114686244744483
0.163741492504065
0.204535373782146
0.231562853792232
0.241026796096875
0.231563010695452
0.20452484133597
0.163741878017839
0.114697299807112
0.0635770228592183
0.0165880878374493
-0.0210441431794082
-0.0452988036742998
-0.0536726386833357
0.0360078855025591
0.0388887183249518
0.0473548943054221
0.0608249835800874
0.0781847244150384
0.0976968528095553
0.117027312310475
0.133518257281592
0.144641546568607
0.1485723975193
0.144641611585837
0.133513952712958
0.117027466408838
0.0977011451066705
0.0781751240908468
0.0608202355967232
0.0473549874989693
0.0388902561883062
0.036007886259129
0.148572397528401
0.144641579077286
0.133517579579951
0.117026435267782
0.0976959046765676
0.0781838273998316
0.0608242360076073
0.0473543639083534
0.0388887423832031
0.0360078855091639
0.0388886942667994
0.047357732871186
0.0608241046578075
0.078179766577076
0.097706052347933
0.11703200561144
0.133517460504458
0.144639501052093
0.14857239648597
0.241026796118734
0.231562932243998
0.204533715581271
0.163739298371189
0.114683802762202
0.0636001995243841
0.0165991070284233
-0.0210459122180486
-0.0453031857974901
-0.0536726408700273
-0.0453033250838587
-0.0210363549758228
0.0165987452249078
0.0635893857143482
0.114709938601393
0.163753233877034
0.20453342422712
0.231557917431018
0.241026793614808
0.276669176567385
0.265086590252564
0.231968738342306
0.181876070381191
0.121456651228198
0.0583136244524854
1.49905696143837e-07
-0.0468640134517046
-0.07713997659933
-0.0876006733731604
-0.0771401506255945
-0.0468520971332638
-2.9981112021964e-07
0.0583002323476323
0.121488896821588
0.181893205246154
0.231968381053222
0.265080450966634
0.276669173503778
