-0.00458249249630488
-0.00368978783326079
-0.00177721914472223
0.000644615812736005
0.00184993769210884
0.00142439688494091
-2.54300099937426e-07
-0.00261903586432972
-0.00515446376898171
-0.00605015173555173
-0.00502416120280705
-0.00309577381020282
4.93599720269943e-07
0.00101779158860263
0.00190346313709969
0.000814527212144867
-0.00201659031641577
-0.00430896587712176
-0.00456248709298535
-0.0034352467028867
-0.00301936763369554
-0.00096270327993464
0.00146885034775202
0.0030427766242975
0.00316377171656132
0.00142744135955271
-0.00118155826724923
-0.00320093887205226
-0.00443027004549823
-0.00325869704853264
-0.00112517187649672
0.00175807156565946
0.00328265784991467
0.00299699224238095
0.00200436444752944
-0.00103219002288113
-0.00277051805482575
-0.00348524228153235
-0.00229882274986926
-0.00116337306540759
0.00157021174574068
0.00401062834663135
0.00491561520843076
0.00514435583824477
0.00321459492986749
0.000938693448957861
-0.00116160222350249
-0.00252201647108376
-0.00139151990684598
0.000422904022780057
0.00323482211925026
0.00506143201970596
0.00553780184850206
0.00335078668150973
0.00112042318125588
-0.000949671627181625
-0.00222882089107224
-0.00249201645980258
-0.00139656106508902
0.000394781983736728
0.00324330188972331
0.005022792743995
0.00554395084563597
0.00336907879159479
0.00111900838969983
-0.000983315159997333
-0.00223882273364151
-0.00118343097059026
0.00155665176198241
0.00403880653126384
0.00490641609434911
0.00514952176395911
0.00322151424057072
0.000933621834490667
-0.00116019201448514
-0.00254401775205487
-0.00443827001207814
-0.0032568179600473
-0.00112117386055269
0.00174085456807182
0.00328959988253545
0.00310849879842368
0.00201499506617459
-0.00103562440993388
-0.00271922919080525
-0.00345524666428787
-0.00293950607603399
-0.000937070182742583
0.0015143176850167
0.00306913270692355
0.00319424934939172
0.00145063509070295
-0.00118363343370749
-0.00321154694300427
-0.00444127384035647
-0.00602015169370237
-0.00504431248558806
-0.00305330078120485
-4.73476037795174e-06
0.000979229137593171
0.00197466103374525
0.000789878389260867
-0.00205079803192787
-0.00407961853451094
-0.00450249244913553
-0.00372995713133467
-0.00199806590184426
0.000679046013979889
0.00183077315319785
0.0014645375203451
2.36364337999223e-05
-0.00263587444379244
-0.00517398287785975
-0.00605015648754878
-0.00443827001207821
-0.00328281796004724
-0.00111117386055269
0.00175085456807189
0.00325959988253542
0.00303849879842355
0.00204499506617462
-0.00100562440993385
-0.00270922919080518
-0.00342524666428834
-0.0030795060760343
-0.000907070182742498
0.00151431768501664
0.00317913270692338
0.00319424934939175
0.0014416350907029
-0.00118363343370746
-0.00320754694300425
-0.00441727384035646
-0.00249401645980259
-0.001385561065089
0.000431781983736793
0.00329330188972334
0.00505279274399514
0.0055839508456359
0.00335907879159411
0.0011090083896996
-0.00096331515999748
-0.00224882273364169
-0.00116343097059024
0.00158665176198214
0.00400880653126376
0.00491641609434917
0.00516952176395907
0.00322151424057066
0.000934621834490737
-0.0011591920144851
-0.00251901775205475
-0.00224882274986943
-0.00118337306540756
0.00162021174574067
0.00400062834663137
0.00492561520843079
0.00514435583824469
0.00322459492986758
0.000945693448958035
-0.0011516022235025
-0.00250901647108348
-0.0013825199068459
0.000412904022780172
0.00324482211925041
0.00505143201970601
0.00553780184850217
0.00336078668150977
0.00111042318125582
-0.000959671627181913
-0.00228882089107235
-0.00352524670288645
-0.00283936763369524
-0.00094270327993462
0.0015288503477518
0.00307277662429764
0.00316377171656126
0.00142144135955263
-0.00118555826724925
-0.00320493887205232
-0.00442627004549827
-0.00327569704853267
-0.00112617187649678
0.00174507156565934
0.00327265784991475
0.00295699224238108
0.00202436444752929
-0.00104219002288097
-0.00271051805482597
-0.00346524228153211
-0.00459249249630489
-0.00370978783326076
-0.00185721914472226
0.000654615812736015
0.00185993769210885
0.00143439688494092
-2.53701999937426e-07
-0.00263303586432972
-0.00513446376898169
-0.00604015173555175
-0.00505416120280705
-0.00305377381020282
4.93984720269943e-07
0.00100779158860263
0.00196346313709969
0.000774527212144882
-0.00205659031641575
-0.00406896587712174
-0.00441248709298536
