0.484972492496305
0.464549787833261
0.406217219144722
0.318155384187264
0.212200062307891
0.101755603115059
2.61300099937426e-07
-0.0816219641356703
-0.134285536231018
-0.152469848264448
-0.134285838797193
-0.0816012261897972
-5.22599720269943e-07
0.101732208411397
0.2122565368629
0.318185472787855
0.406216590316416
0.464538965877122
0.484972487092985
0.422385246702887
0.405679367633696
0.358022703279935
0.286251149652248
0.200187223375702
0.110836228283439
0.0288595586404473
-0.0366454417327508
-0.0787860611279477
-0.0933137299545018
-0.0787863029514674
-0.0366288281235033
0.0288589284343405
0.110817342150085
0.200233007757619
0.286275635552471
0.358022190022881
0.405670518054826
0.422385242281532
0.260248822749869
0.253243373065408
0.233459788254259
0.204249371653369
0.170204384791569
0.136075644161755
0.105935405070133
0.0827113065510421
0.0681956022235025
0.0632710164710838
0.068195519906846
0.0827170959772199
0.10593517788075
0.136068567980294
0.170222198151498
0.20425921331849
0.233459576818744
0.253239671627182
0.260248820891072
0.0632710164598026
0.068195561065089
0.0827122180162633
0.105936698110277
0.136077207256005
0.170206049154364
0.204250921208405
0.2334609916103
0.253243315159997
0.260248822733642
0.25324343097059
0.233453348238018
0.204251193468736
0.170213583905651
0.136060478236041
0.105928485759429
0.0827123781655093
0.0681981920144851
0.0632710177520549
-0.0933137299879219
-0.0787861820399527
-0.0366428261394473
0.0288631454319282
0.110840400117465
0.200191501201576
0.286255004933825
0.358025624409934
0.405679229190805
0.422385246664288
0.405679506076034
0.358007070182743
0.286255682314983
0.200210867293076
0.110795750650608
0.0288403649092971
-0.0366423665662925
-0.0787784530569957
-0.0933137261596435
-0.152469848306298
-0.134285687514412
-0.0816186992187952
4.72283237795174e-06
0.101760770862407
0.212205338966255
0.318160121610739
0.406220798031928
0.464549618534511
0.484972492449136
0.464549957131335
0.406198065901844
0.31816095398602
0.212229226846802
0.101705462479655
-2.36133807999223e-05
-0.0816181255562076
-0.13427601712214
-0.152469843512451
-0.0933137299879218
-0.0787861820399528
-0.0366428261394473
0.0288631454319281
0.110840400117465
0.200191501201576
0.286255004933825
0.358025624409934
0.405679229190805
0.422385246664288
0.405679506076034
0.358007070182742
0.286255682314983
0.200210867293077
0.110795750650608
0.0288403649092971
-0.0366423665662925
-0.0787784530569958
-0.0933137261596435
0.0632710164598026
0.068195561065089
0.0827122180162632
0.105936698110277
0.136077207256005
0.170206049154364
0.204250921208406
0.2334609916103
0.253243315159997
0.260248822733642
0.25324343097059
0.233453348238018
0.204251193468736
0.170213583905651
0.136060478236041
0.105928485759429
0.0827123781655093
0.0681981920144851
0.0632710177520548
0.260248822749869
0.253243373065408
0.233459788254259
0.204249371653369
0.170204384791569
0.136075644161755
0.105935405070132
0.082711306551042
0.0681956022235025
0.0632710164710835
0.0681955199068459
0.0827170959772198
0.10593517788075
0.136068567980294
0.170222198151498
0.20425921331849
0.233459576818744
0.253239671627182
0.260248820891072
0.422385246702886
0.405679367633695
0.358022703279935
0.286251149652248
0.200187223375702
0.110836228283439
0.0288595586404474
-0.0366454417327507
-0.0787860611279477
-0.0933137299545017
-0.0787863029514673
-0.0366288281235032
0.0288589284343407
0.110817342150085
0.200233007757619
0.286275635552471
0.358022190022881
0.405670518054826
0.422385242281532
0.484972492496305
0.464549787833261
0.406217219144722
0.318155384187264
0.212200062307891
0.101755603115059
2.61300099937426e-07
-0.0816219641356703
-0.134285536231018
-0.152469848264448
-0.134285838797193
-0.0816012261897972
-5.22599720269943e-07
0.101732208411397
0.2122565368629
0.318185472787855
0.406216590316416
0.464538965877122
0.484972487092985
