-3e-09
-0.057932
-0.094415
-0.10563
-0.094121
-0.057388
-1.6e-08
0.06925
0.14534
0.21695
0.27352
0.31154
0.32448
0.31154
0.27396
0.21769
0.14641
0.069747
1.9e-08
0.020857
-0.025538
-0.054204
-0.06387
-0.054178
-0.025382
0.020671
0.07736
0.13792
0.19528
0.24141
0.27253
0.28319
0.27233
0.24147
0.19566
0.13867
0.077853
0.02082
0.073218
0.056988
0.046386
0.041331
0.046198
0.056633
0.072993
0.09485
0.11786
0.14039
0.15941
0.17135
0.17375
0.17072
0.15923
0.14036
0.1178
0.094921
0.073237
0.1404
0.15958
0.17134
0.17374
0.17073
0.15921
0.14034
0.1177
0.094956
0.073366
0.056906
0.046399
0.041317
0.046177
0.056603
0.072998
0.094899
0.11784
0.14034
0.1952
0.24141
0.27253
0.28319
0.27234
0.2414
0.19562
0.13862
0.078047
0.020845
-0.025568
-0.054336
-0.063879
-0.054087
-0.025397
0.020674
0.07737
0.13791
0.19524
0.21702
0.2735
0.31151
0.32443
0.31154
0.27395
0.21789
0.14635
0.070121
8.2942e-09
-0.057915
-0.094476
-0.10559
-0.094066
-0.057399
-3.0285e-08
0.069221
0.14514
0.2169
0.19521
0.2414
0.27253
0.28319
0.27234
0.24147
0.19567
0.13866
0.078007
0.020858
-0.025484
-0.054324
-0.063833
-0.054161
-0.025393
0.02067
0.077365
0.13793
0.19526
0.14046
0.15933
0.17135
0.1737
0.17072
0.15915
0.14035
0.1178
0.095026
0.073277
0.056824
0.046379
0.041329
0.04619
0.056605
0.072988
0.094867
0.11776
0.14048
0.073303
0.056957
0.046332
0.041332
0.046181
0.056638
0.072809
0.094691
0.11771
0.13967
0.15949
0.17135
0.17374
0.17072
0.15923
0.14036
0.11786
0.094933
0.073337
0.020803
-0.025587
-0.054318
-0.063835
-0.054121
-0.025389
0.020676
0.077321
0.13785
0.19529
0.24139
0.27253
0.28319
0.27234
0.24149
0.1956
0.1386
0.078007
0.020844
-2.8301e-09
-0.057942
-0.093616
-0.10568
-0.094118
-0.057341
-1.5722e-08
0.069208
0.14545
0.21697
0.27351
0.31149
0.32446
0.31155
0.27393
0.21785
0.14621
0.07012
1.8758e-08
