-1.71923300416808e-16
-0.055289198001382
-0.0909663342592825
-0.103284487322155
-0.0909664025796586
-0.0552869215013019
-1.77006999006335e-07
0.0689373943688393
0.143745868818878
0.215528010141605
0.275175022478091
0.314697275579961
0.328524858026627
0.314697581329248
0.275149213943063
0.215507815046544
0.14374670621018
0.0689534475959189
-3.2344938611429e-05
0.0195495900054898
-0.0248221379107759
-0.0533704620958862
-0.0632115849007422
-0.0533705167003835
-0.0248203141585993
0.0195494477030054
0.0750873051626143
0.135608339724424
0.193914556049656
0.242527663266726
0.274816641595859
0.28612767806965
0.274816891620323
0.242506598050339
0.193898121429013
0.135609018603666
0.0751002646684207
0.0195235867369988
0.0717615732233147
0.0560300406108583
0.0461963139576133
0.0428603725478226
0.0461962953702583
0.0560306761412879
0.0717615219232506
0.0921810813607858
0.115297894554025
0.13836257686445
0.1581477272837
0.171551782384605
0.176294962845114
0.171551886960636
0.158139049542217
0.138355971304561
0.115298158683614
0.0921859370367506
0.0717521991304189
0.138361527189451
0.15814779889787
0.171549393272296
0.176294962832947
0.171549419422685
0.158146959846374
0.138361588666674
0.115296833131622
0.0921800845144391
0.0717606973174258
0.0560300948541322
0.0461946158172033
0.0428603725393643
0.0461945414867726
0.0560366678409735
0.0717662094321938
0.0921798364551409
0.115291662988102
0.138372761274393
0.193911944469768
0.242527837109219
0.274810929604964
0.28612767804071
0.274810992126504
0.242525800321381
0.193912097424524
0.13560561160009
0.0750846446262526
0.0195471603069922
-0.0248219822512671
-0.0533754507720933
-0.0632115849258004
-0.0533756691352303
-0.0248031201866185
0.0195624504358604
0.0750839825668416
0.135592322959536
0.193939894562659
0.215524800996574
0.27517523546509
0.314690290513738
0.328524857991259
0.314690366969946
0.275172740048991
0.215524988949482
0.143742503702212
0.0689340987016148
-3.02224996455375e-06
-0.0552890036992656
-0.0909725760218268
-0.103284487353533
-0.0909728492348172
-0.055265459128869
1.59968046830513e-05
0.0689332785933853
0.14372611227554
0.215559146425052
0.193911944469768
0.242527837109219
0.274810929604964
0.28612767804071
0.274810992126504
0.242525800321381
0.193912097424524
0.135605611600091
0.0750846446262526
0.0195471603069922
-0.0248219822512671
-0.0533754507720933
-0.0632115849258004
-0.0533756691352303
-0.0248031201866185
0.0195624504358604
0.0750839825668417
0.135592322959536
0.193939894562659
0.138361527189451
0.15814779889787
0.171549393272296
0.176294962832947
0.171549419422685
0.158146959846374
0.138361588666674
0.115296833131622
0.0921800845144391
0.0717606973174258
0.0560300948541323
0.0461946158172032
0.0428603725393642
0.0461945414867725
0.0560366678409735
0.0717662094321939
0.0921798364551408
0.115291662988102
0.138372761274393
0.0717615732233146
0.0560300406108582
0.0461963139576132
0.0428603725478225
0.0461962953702581
0.0560306761412879
0.0717615219232506
0.0921810813607861
0.115297894554025
0.13836257686445
0.1581477272837
0.171551782384605
0.176294962845114
0.171551886960636
0.158139049542217
0.138355971304561
0.115298158683614
0.0921859370367507
0.0717521991304189
0.0195495900054898
-0.0248221379107759
-0.0533704620958862
-0.0632115849007422
-0.0533705167003834
-0.0248203141585993
0.0195494477030054
0.0750873051626143
0.135608339724424
0.193914556049656
0.242527663266726
0.274816641595859
0.28612767806965
0.274816891620323
0.242506598050339
0.193898121429013
0.135609018603666
0.0751002646684207
0.0195235867369988
-1.71923300416808e-16
-0.055289198001382
-0.0909663342592825
-0.103284487322155
-0.0909664025796586
-0.0552869215013019
-1.77006999006335e-07
0.0689373943688393
0.143745868818878
0.215528010141605
0.275175022478091
0.314697275579961
0.328524858026627
0.314697581329248
0.275149213943063
0.215507815046544
0.14374670621018
0.0689534475959189
-3.2344938611429e-05
