-5e-09
0.10152
0.21028
0.31188
0.39423
0.44809
0.46668
0.44795
0.39469
0.31308
0.21194
0.1025
1.3e-08
-0.083086
-0.13758
-0.15494
-0.13654
-0.08283
-3.6e-08
0.02974
0.11187
0.19953
0.2818
0.34849
0.39245
0.40735
0.39235
0.34863
0.28272
0.20117
0.11258
0.029689
-0.037379
-0.080891
-0.095092
-0.080158
-0.037137
0.029735
0.10701
0.1383
0.17187
0.20386
0.22973
0.24639
0.25181
0.24605
0.22949
0.20347
0.17175
0.1396
0.10789
0.082643
0.066055
0.059671
0.065714
0.082001
0.10704
0.20344
0.17173
0.13954
0.10788
0.082624
0.066067
0.059676
0.065702
0.082
0.107
0.13825
0.17186
0.20387
0.22973
0.24642
0.25181
0.24605
0.22948
0.20342
0.28276
0.20117
0.11263
0.029666
-0.037396
-0.080921
-0.095081
-0.080158
-0.037141
0.029738
0.11188
0.19959
0.28181
0.34851
0.39242
0.40735
0.39234
0.34863
0.28275
0.31301
0.21197
0.10247
-6.3397e-10
-0.083065
-0.13758
-0.15489
-0.13654
-0.082902
-2.1356e-08
0.10152
0.2103
0.31187
0.39422
0.44807
0.46674
0.44797
0.39472
0.31309
0.28276
0.20124
0.11259
0.029678
-0.037383
-0.080887
-0.095102
-0.080038
-0.037141
0.029673
0.11184
0.1996
0.28181
0.34856
0.39243
0.40735
0.39235
0.34863
0.28273
0.20345
0.17175
0.13961
0.10796
0.082643
0.066069
0.059668
0.065707
0.082002
0.10701
0.13827
0.17188
0.20385
0.22972
0.24641
0.25181
0.24605
0.22949
0.20345
0.10701
0.13827
0.1719
0.20385
0.22975
0.24639
0.25186
0.24606
0.22949
0.20337
0.17175
0.13958
0.1079
0.082636
0.066059
0.059672
0.065702
0.082002
0.10693
0.029733
0.11189
0.19959
0.2818
0.3485
0.39243
0.40734
0.39237
0.34865
0.28271
0.20123
0.11259
0.029666
-0.037379
-0.080877
-0.095088
-0.080153
-0.037148
0.02974
-2.0622e-09
0.1015
0.2101
0.31189
0.39424
0.44813
0.46664
0.44797
0.39466
0.31305
0.21197
0.10244
1.3428e-08
-0.083077
-0.13761
-0.15491
-0.13652
-0.082863
-3.7543e-08
