0.3215
0.30952
0.27171
0.21562
0.14482
0.069302
5e-09
-0.057686
-0.094674
-0.10658
-0.095409
-0.058227
-2.6e-08
0.069788
0.14565
0.2159
0.27151
0.30778
0.32228
0.2816
0.26978
0.23921
0.19424
0.13771
0.077614
0.020908
-0.025578
-0.05477
-0.064873
-0.05534
-0.025784
0.021127
0.078152
0.13844
0.19456
0.23986
0.27011
0.28098
0.17167
0.16956
0.15887
0.14054
0.11811
0.095519
0.073433
0.056498
0.04552
0.040158
0.045336
0.056916
0.074107
0.096031
0.11852
0.14024
0.15843
0.16941
0.17181
0.040163
0.045408
0.05693
0.074099
0.096036
0.11851
0.14022
0.15828
0.1695
0.17213
0.16927
0.15895
0.14046
0.11805
0.09548
0.073438
0.056532
0.045504
0.040159
-0.064854
-0.055339
-0.025785
0.021123
0.078152
0.13838
0.19452
0.23974
0.27098
0.28138
0.27014
0.23988
0.19426
0.13747
0.077659
0.020912
-0.025581
-0.05477
-0.064863
-0.10661
-0.095425
-0.058223
-1.0928e-08
0.069791
0.14564
0.21619
0.27137
0.3096
0.32211
0.30941
0.27182
0.21548
0.14473
0.069318
1.549e-08
-0.05766
-0.094535
-0.10655
-0.064856
-0.055345
-0.025784
0.021125
0.078153
0.13844
0.19457
0.23985
0.27079
0.28161
0.26915
0.23982
0.19411
0.13759
0.077647
0.020909
-0.02558
-0.054774
-0.064872
0.040193
0.045308
0.056912
0.074086
0.096035
0.11846
0.14023
0.15845
0.16966
0.17185
0.16891
0.15883
0.14054
0.11809
0.095475
0.073428
0.05651
0.045464
0.040199
0.17191
0.16944
0.15857
0.14054
0.11806
0.095525
0.073264
0.056389
0.045435
0.039899
0.045368
0.05692
0.074102
0.096032
0.11852
0.14025
0.15854
0.16945
0.17197
0.28071
0.27055
0.2398
0.19411
0.13756
0.077637
0.020914
-0.025564
-0.054745
-0.064875
-0.055342
-0.025784
0.021123
0.078153
0.13847
0.19449
0.23969
0.27075
0.28136
0.32162
0.30959
0.26897
0.21574
0.14482
0.069233
5.2321e-09
-0.057649
-0.094742
-0.10658
-0.095415
-0.058217
-2.6017e-08
0.069794
0.14562
0.21614
0.27104
0.30951
0.3227
