0.326210768380454
0.31247368785812
0.273237004648425
0.214003296982657
0.142733755928157
0.0684446520014388
1.75760290938824e-07
-0.0549020079476399
-0.0903255104858046
-0.102556963800531
-0.090325714003212
-0.0548880588240039
-3.51520259277319e-07
0.0684289158424285
0.14277174284137
0.214023535708915
0.273236581674817
0.312466408602735
0.326210764745978
0.284112229067438
0.272875225460118
0.240819557689624
0.192543306935207
0.134653467913616
0.0745526225758205
0.0194120263414586
-0.0246491046198313
-0.0529944727502521
-0.0627663300906415
-0.0529946354098614
-0.0246379296803821
0.01941160244109
0.0745399190510469
0.134684264213686
0.192559777074131
0.240819212453595
0.272869272899988
0.284112226093468
0.175053162298664
0.170341032930964
0.157033848497996
0.13738582187479
0.114485881165731
0.0915296045171256
0.071256144258297
0.0556347406940247
0.0458709311264
0.042558469229885
0.0458708757571158
0.0556386348801717
0.0712559914421595
0.0915248448109002
0.114497863102685
0.137392441749507
0.157033706278503
0.170338543204172
0.175053161048368
0.0425584692222968
0.0458709034417006
0.0556353537798692
0.0712570140058095
0.091530655913203
0.114487000678847
0.137386864163883
0.157034657920602
0.170340993981603
0.175053162287749
0.170341071880171
0.157029516700463
0.137387047296438
0.114492068836412
0.091519403344158
0.0712514900692531
0.0556354615022853
0.0458726731173778
0.0425584700915144
-0.0627663301131211
-0.0529945540802216
-0.0246473452732406
0.0194144389525305
0.074555428708548
0.134656345340453
0.192545900142832
0.240821522551707
0.272875132338214
0.284112229041475
0.27287531858165
0.240809042279522
0.192546355774917
0.134669371703157
0.0745253957951017
0.0193991159148189
-0.0246470361470236
-0.0529893552751178
-0.0627663275380769
-0.102556963828681
-0.0903256122447143
-0.0548998118415535
3.17675497637727e-06
0.0684481280229847
0.142737305207355
0.214006483552155
0.273239411942784
0.312473573981403
0.326210768348726
0.312473801734383
0.273224121455723
0.214007043439126
0.142753373095717
0.0684109255211634
-1.58832494914371e-05
-0.054899425974486
-0.0903191075745685
-0.102556960604159
-0.062766330113121
-0.0529945540802217
-0.0246473452732406
0.0194144389525305
0.074555428708548
0.134656345340453
0.192545900142832
0.240821522551707
0.272875132338214
0.284112229041475
0.27287531858165
0.240809042279521
0.192546355774917
0.134669371703158
0.0745253957951017
0.019399115914819
-0.0246470361470236
-0.0529893552751178
-0.0627663275380769
0.0425584692222968
0.0458709034417006
0.0556353537798692
0.0712570140058095
0.0915306559132029
0.114487000678847
0.137386864163883
0.157034657920602
0.170340993981603
0.175053162287749
0.170341071880171
0.157029516700463
0.137387047296438
0.114492068836412
0.091519403344158
0.0712514900692532
0.0556354615022852
0.0458726731173778
0.0425584700915143
0.175053162298665
0.170341032930964
0.157033848497996
0.13738582187479
0.114485881165731
0.0915296045171256
0.071256144258297
0.0556347406940245
0.0458709311264
0.0425584692298848
0.0458708757571158
0.0556386348801716
0.0712559914421594
0.0915248448109002
0.114497863102685
0.137392441749507
0.157033706278503
0.170338543204172
0.175053161048368
0.284112229067437
0.272875225460118
0.240819557689624
0.192543306935207
0.134653467913616
0.0745526225758205
0.0194120263414586
-0.0246491046198313
-0.052994472750252
-0.0627663300906415
-0.0529946354098614
-0.0246379296803821
0.0194116024410901
0.0745399190510469
0.134684264213686
0.192559777074131
0.240819212453595
0.272869272899988
0.284112226093468
0.326210768380454
0.31247368785812
0.273237004648425
0.214003296982657
0.142733755928157
0.0684446520014388
1.75760290938824e-07
-0.0549020079476399
-0.0903255104858046
-0.102556963800531
-0.090325714003212
-0.0548880588240039
-3.51520259277319e-07
0.0684289158424285
0.14277174284137
0.214023535708915
0.273236581674817
0.312466408602735
0.326210764745978
