0.35429
0.34063
0.29904
0.23452
0.15721
0.076486
1e-09
-0.061792
-0.10252
-0.11773
-0.10296
-0.061721
-1.9e-08
0.076108
0.15764
0.23451
0.29864
0.34037
0.35384
0.30945
0.29781
0.26406
0.2122
0.14951
0.083704
0.02201
-0.027931
-0.060985
-0.073014
-0.061211
-0.027711
0.021989
0.083128
0.15003
0.21253
0.26378
0.29781
0.30912
0.19076
0.1861
0.17312
0.15399
0.12978
0.10462
0.080832
0.061533
0.049061
0.044973
0.049116
0.061691
0.08103
0.10491
0.13023
0.15324
0.17307
0.18619
0.19092
0.045113
0.049074
0.061649
0.081167
0.10468
0.13021
0.15332
0.17301
0.18614
0.19077
0.18607
0.17315
0.15417
0.12983
0.1044
0.080996
0.061508
0.048996
0.045059
-0.072827
-0.061274
-0.027653
0.021958
0.083037
0.14996
0.2128
0.26395
0.29799
0.30917
0.29792
0.26468
0.21227
0.14952
0.083682
0.021898
-0.027865
-0.060952
-0.072938
-0.11786
-0.10306
-0.061661
-9.5622e-09
0.076346
0.15768
0.23462
0.29857
0.34015
0.35375
0.34016
0.29885
0.23451
0.15716
0.076601
1.6856e-08
-0.061738
-0.10287
-0.11755
-0.072849
-0.061164
-0.027919
0.021977
0.083054
0.15014
0.21264
0.26424
0.29845
0.30954
0.29756
0.26428
0.21218
0.14951
0.083636
0.021957
-0.027916
-0.0611
-0.073141
0.045047
0.049134
0.061725
0.080956
0.10494
0.13028
0.15367
0.17306
0.1862
0.19069
0.18622
0.17321
0.15384
0.12981
0.10448
0.080861
0.061439
0.049006
0.045035
0.19081
0.18634
0.17327
0.15393
0.12982
0.10429
0.080871
0.061503
0.049002
0.045056
0.049179
0.061636
0.080968
0.10501
0.13016
0.15334
0.17292
0.18625
0.19072
0.30918
0.29764
0.26428
0.21219
0.14969
0.083651
0.021981
-0.027884
-0.06098
-0.07289
-0.061197
-0.027692
0.021964
0.083047
0.1498
0.2125
0.26374
0.29847
0.30942
0.35422
0.34003
0.29873
0.23448
0.15704
0.076508
6.4641e-09
-0.061925
-0.10271
-0.11777
-0.10307
-0.061557
-2.1553e-08
0.076431
0.15764
0.23483
0.29852
0.34018
0.35393
