0.357007993042577
0.342138308246255
0.299582854896932
0.235107929009361
0.157175118960312
0.0755444843062597
1.9438520817059e-07
-0.060813399492671
-0.100146132504563
-0.113743830570778
-0.100146358686006
-0.060797925278101
-3.88770066228006e-07
0.0755271519254648
0.157216758408379
0.235130005204436
0.299582395483121
0.342130424772268
0.357007989110469
0.311085662542706
0.298948591251224
0.264249020439793
0.211779099066813
0.148528845867196
0.0824884356596331
0.0215734118833248
-0.0273169532507792
-0.0588661591319004
-0.0697596213154971
-0.058866340389248
-0.0273045299876842
0.0215729424269713
0.0824744371626395
0.148562588756898
0.211797043089722
0.264248646122353
0.298942158214384
0.311085659332368
0.191829733974434
0.186832456256264
0.172663699287353
0.151582151550104
0.126744341528834
0.101519263017378
0.0789303680694733
0.061295894189961
0.0501599238738378
0.0463603619221339
0.050159860456493
0.061300317403425
0.0789301965848037
0.101513995777687
0.126757418552522
0.151589288620199
0.172663547402965
0.186829813166177
0.191829732649824
0.046360361913417
0.0501598921651006
0.0612965905647911
0.0789313440678931
0.101520426522962
0.126745563363383
0.151583275272395
0.172664563716185
0.186832414907706
0.19182973396287
0.186832497604659
0.172659073106796
0.151583472712887
0.126751094731516
0.101507974060696
0.0789251453004538
0.0612967129214848
0.0501619190658603
0.0463603629119449
-0.0697596213405667
-0.0588662497607577
-0.0273149973713415
0.0215760837740287
0.0824915278417621
0.148531998610446
0.211781924338007
0.264251150814364
0.298948490612769
0.311085662514681
0.298948691889277
0.264237619244463
0.211782420744079
0.148546271343655
0.0824584334144503
0.0215591139831153
-0.0273146537133255
-0.0588604565498477
-0.0697596184688234
-0.113743830602081
-0.100146245595513
-0.0608109632803116
3.51338815742727e-06
0.0755483129211684
0.157179009515892
0.235111404888787
0.299585469585267
0.342138184917172
0.35700799300825
0.342138431574845
0.299568861779551
0.235112015608041
0.157196622379855
0.0755073367071169
-1.75663693467411e-05
-0.0608105352253744
-0.100139016555695
-0.113743827016301
-0.0697596213405668
-0.0588662497607577
-0.0273149973713415
0.0215760837740287
0.0824915278417621
0.148531998610446
0.211781924338007
0.264251150814364
0.298948490612769
0.311085662514681
0.298948691889277
0.264237619244463
0.211782420744079
0.148546271343655
0.0824584334144503
0.0215591139831153
-0.0273146537133255
-0.0588604565498476
-0.0697596184688235
0.0463603619134169
0.0501598921651005
0.0612965905647911
0.078931344067893
0.101520426522962
0.126745563363383
0.151583275272395
0.172664563716185
0.186832414907706
0.19182973396287
0.186832497604659
0.172659073106797
0.151583472712887
0.126751094731516
0.101507974060696
0.0789251453004538
0.0612967129214848
0.0501619190658603
0.0463603629119446
0.191829733974434
0.186832456256265
0.172663699287353
0.151582151550104
0.126744341528834
0.101519263017377
0.0789303680694732
0.061295894189961
0.0501599238738377
0.0463603619221339
0.0501598604564929
0.061300317403425
0.0789301965848036
0.101513995777687
0.126757418552522
0.151589288620199
0.172663547402965
0.186829813166177
0.191829732649824
0.311085662542707
0.298948591251224
0.264249020439793
0.211779099066813
0.148528845867196
0.0824884356596331
0.0215734118833249
-0.0273169532507791
-0.0588661591319004
-0.0697596213154971
-0.0588663403892479
-0.0273045299876841
0.0215729424269713
0.0824744371626396
0.148562588756898
0.211797043089722
0.264248646122353
0.298942158214384
0.311085659332368
0.357007993042577
0.342138308246255
0.299582854896932
0.235107929009361
0.157175118960312
0.0755444843062597
1.9438520817059e-07
-0.060813399492671
-0.100146132504563
-0.113743830570778
-0.100146358686006
-0.060797925278101
-3.88770066228006e-07
0.0755271519254648
0.157216758408379
0.235130005204436
0.299582395483121
0.342130424772268
0.357007989110469
