-3.00000007777658e-09
0.00145503837320161
0.0014066443965404
0.00014013039275157
-0.00166498305991197
-0.00399149284395395
-0.00450174064669884
-0.00328867837133001
-0.00100528134290012
0.000427098968253659
0.000816200566745695
0.0019628828454642
-3.65625425416461e-07
-0.00142917442641353
-0.00270365529527483
-0.00416435655311531
-0.00294692325319981
-0.00111266857404159
-3.46253860876077e-05
0.000655706485990948
0.00159603015409096
0.00182724778912319
0.000881527574479901
-0.000763225387471811
-0.00142856819438858
-0.0034477699311572
-0.00216627154082805
-0.000773468420055934
0.00167719178625189
0.00183688812807944
0.00208105754333708
0.000527401681898895
-0.000756437877035086
-0.00207810648517563
-0.00294178183329283
-0.00213973916150204
-0.000704158018439253
0.000480854597806474
0.00204040403527292
0.00333875245536044
0.0032631674884953
0.00274112240968574
0.00055207155380152
-0.000317467689862461
-0.000953867849418394
-0.000736524081224349
0.000661972940021183
0.00197337529259622
0.00356302810321762
0.00354478311549694
0.00199029269534788
0.000507177594524524
-0.000640180119867238
-0.000916571779146176
-0.000708900211592797
0.000576754117641229
0.00207023012536019
0.00208228089473519
0.00355313264217483
0.00319871927247926
0.00219741022209684
0.000523926362123034
-0.000609589878905602
-0.000979571541349755
-0.000680313498721906
0.00058900580447438
0.00206945350653759
0.00333885200397274
0.00350679958999625
0.00274240908696199
0.000646724953041272
-0.00072191409757888
-0.000953867533966452
-0.000897063012051641
0.000517320025135021
0.00205399446487106
0.00161444024294299
0.00187715787385412
0.0019059419659182
0.000533461024449153
-0.000840908904235816
-0.00219785217862203
-0.00304978114939659
-0.00210292040473818
-0.000811685777878626
0.00054310432082251
0.0014932947185485
0.00218081652050489
0.00111476254464229
-0.000721757110538401
-0.00163939030165872
-0.00355776916662542
-0.00225758324736952
-0.000954935452568584
0.0015438907477657
0.000743713794922995
0.00100653343908144
0.00171092918218146
3.42153395473988e-06
-0.00160205970998611
-0.00273581643420659
-0.00413435569917334
-0.00304839726402679
-0.00121578178735537
-3.25197843062734e-06
0.001355365946192
0.00128636785078301
8.41103167768809e-05
-0.00173090761055034
-0.00349475497294649
-0.00458173971028003
-0.0034002858241457
-0.000539355257383745
0.000579946234753298
0.0016644402429431
0.00178715787385406
0.00270894196591814
0.00055646102444918
-0.00074390890423583
-0.00221585217862201
-0.00285278114939659
-0.00219192040473818
-0.000785685777878613
0.000552104320822495
0.00154329471854846
0.00190081652050497
0.000854762544642479
-0.000701757110538326
-0.00168939030165854
-0.00340776916662539
-0.00227758324736949
-0.000734935452568974
0.00229389074776584
0.00205228089473503
0.00355313264217511
0.00369871927247926
0.00200941022209696
0.000550926362123019
-0.000662589878905558
-0.00077857154134961
-0.000662313498721805
0.000581005804474406
0.00196845350653761
0.00344885200397281
0.00353679958999623
0.00255240908696203
0.000526724953041013
-0.000541914097578866
-0.00101386753396634
-0.00100706301205167
0.00062732002513502
0.00206399446487102
0.00207640403527296
0.00352875245536038
0.00367316748849525
0.00263112240968583
0.000612071553801441
-0.000817467689862711
-0.000903867849418399
-0.000846524081224376
0.000471972940021187
0.00210337529259608
0.00374302810321757
0.00338478311549695
0.00195229269534786
0.000617177594524516
-0.000675180119867259
-0.000902571779146162
-0.000847900211592818
0.000497754117641518
0.0019442301253602
0.000523706485990937
0.00132903015409092
0.00189724778912317
0.000861527574479853
-0.000443225387471768
-0.00184856819438872
-0.00351776993115738
-0.00206627154082811
-0.000743468420055904
0.0014971917862516
0.00191688812807936
0.00203405754333709
0.00056640168189883
-0.000773437877035099
-0.00212910648517571
-0.00285378183329289
-0.00208873916150204
-0.000806158018439293
0.000515854597806478
-2.33010007777658e-09
0.00119703837320161
0.00127664439654038
-4.98696072484262e-05
-0.00189498305991198
-0.00392149284395393
-0.00465174064669882
-0.00292867837132998
-0.000695281342900145
0.00056709896825366
0.000956200566745696
0.00180288284546419
-3.69295325416461e-07
-0.00161417442641353
-0.00271365529527483
-0.00391435655311531
-0.00304692325319982
-0.00115266857404159
-3.46226350876077e-05
