-0.00325030370940765
-0.000601475153146902
0.000615538651956016
-0.00154035859289703
-0.000858281522889068
0.00114272070668382
-1.21788754014877e-07
0.000730853290226097
-0.00116216885672116
-0.00411500020180534
-0.00169302132870898
0.000231760154008775
2.36577279666631e-07
0.00124902584139947
-0.000465441067526898
-0.00152475790492959
-0.000264161693017934
-0.00131633311660265
-0.00427030114466981
-0.0010972269278233
-6.07596157307377e-05
0.000532214309792334
0.000225990988830721
-0.00042870532948612
-7.55073571176296e-05
-0.000586369104052652
-1.83764331419187e-05
-0.00171824427240801
-0.00304992741129011
-0.00205212604636874
-0.000206479570533078
-0.000582062898726187
3.96232347036132e-05
1.12856967732639e-05
0.000354286907393114
0.000512458460271675
-0.000296563634291869
-0.0017472248338635
-3.19327978863249e-05
-0.000402432647046702
6.92121207552521e-05
0.00189976030014777
0.00263734991647004
0.00282153740174527
0.00112626056911869
-5.35629436195298e-05
-0.00132906890301932
-0.000802785034649558
-0.00126102753872929
8.25519925984688e-05
0.00126837242087839
0.00264997298598432
0.00295082036036211
0.0010941051093898
0.000459311188130335
-0.000370708677912862
0.000178068066097492
-0.000750785028963908
-0.00134704822083204
-1.30171576920371e-05
0.00167562396911846
0.00270977849923013
0.00306355296858694
0.00124902734649121
0.000228648292594266
-0.000412405677236286
-6.19327903438605e-05
-0.000492459616750429
0.000172229570869889
0.0022088985649129
0.0028019451052103
0.00237890068193147
0.00122366714713314
-0.000104096965476197
-0.00141337027730053
-0.000810785680258885
-0.00307492739493832
-0.00209718515926869
-0.000129652165586972
-0.000547111858536894
9.54757511496401e-05
0.000126238277477764
0.000754148191131149
0.000880824761996857
8.9306026220537e-05
-0.00157722690954351
0.000149174742580388
0.00190965079821523
0.000353824407711895
-0.00039107118632839
-0.000159938238046407
-0.000660043224940477
5.12368170065003e-06
-0.00177896381094666
-0.00295992926804771
-0.00426900018138757
-0.00185509509256596
0.000597264258156822
-2.29982173593017e-06
0.0014362234728745
-0.000380819157820442
-0.00127262575316955
-0.000196166791988361
-0.00152139471111642
-0.00430030368701781
-0.00152155559485553
0.000134665734897566
-0.00147302409795078
-0.000912307239128413
0.00144495041970717
1.14674152547075e-05
0.000730985057117606
-0.00153181027105004
-0.00419300252023092
-0.00301392739493828
-0.00204018515926867
-0.000584652165586969
-0.000505111858536893
6.94757511496211e-05
0.00037423827747779
0.000654148191131187
0.00159082476199687
0.00101930602622055
-0.00080722690954349
-0.000560825257419656
0.000889650798215236
0.00019382440771204
-0.000435071186328434
-0.000221938238046435
-0.000617043224940472
-3.18763182993557e-05
-0.00183496381094667
-0.00347792926804768
-0.000777785028963862
-0.00129704822083198
0.000100982842308001
0.00127662396911848
0.00276977849923016
0.00299255296858697
0.00193902734649115
0.000258648292594199
-0.000332405677236275
-0.000261932790343866
-0.000142459616750398
0.000382229570869738
0.00149889856491278
0.00267294510521059
0.00256190068193143
0.00108366714713314
-0.000241096965476188
-0.00131637027730048
-0.000777785680258707
9.80672021135831e-05
0.000147567352953182
0.00027921212075524
0.00166976030014777
0.00282734991646996
0.00238953740174536
0.00117126056911873
-0.000112562943619533
-0.00139706890301928
-0.000751785034649576
-0.00121902753872925
-5.44800740150814e-06
0.00127437242087843
0.00299997298598438
0.00275682036036205
0.00139510510938984
1.93111881303387e-05
-0.00024070867791294
-0.00021193193390262
-0.0015372269278234
-0.000420759615730681
0.000982214309792312
0.000125990988830399
-9.67053294861214e-05
-0.000339507357117637
-0.000663369104052673
-3.73764331419377e-05
-0.00173724427240803
-0.00292092741129015
-0.00204612604636878
-0.000165479570533106
-0.000589062898726176
3.36232347035864e-05
-0.000114714303226751
0.000224286907393012
0.000452458460271754
0.00104343636570814
-0.00115722483386363
-0.00348030370940766
-0.00191147515314691
-0.000114461348043993
-0.00177035859289704
-0.00105828152288907
0.00120572070668382
-1.24288754014877e-07
0.000514853290226096
-0.00143216885672116
-0.00409600020180534
-0.00181002132870897
0.000569760154008774
2.35989279666631e-07
0.00145202584139947
-0.000505441067526896
-0.00105475790492959
-0.000174161693017955
-0.00163633311660266
-0.0041203011446698
