0.22961
0.22256
0.19602
0.15181
0.10166
0.050417
5e-09
-0.038935
-0.066483
-0.078305
-0.067014
-0.039424
-1.7e-08
0.050512
0.10208
0.15184
0.19514
0.22184
0.22859
0.20181
0.19493
0.17289
0.13836
0.09645
0.053728
0.013485
-0.017836
-0.040114
-0.048551
-0.040448
-0.018016
0.013489
0.053834
0.096912
0.1385
0.17287
0.19469
0.20116
0.12509
0.12146
0.11269
0.10077
0.085307
0.069038
0.052609
0.039927
0.031388
0.029436
0.031456
0.040066
0.052751
0.068863
0.085629
0.099969
0.11308
0.12149
0.1253
0.029488
0.03137
0.039968
0.053159
0.068927
0.085734
0.10012
0.11285
0.12145
0.12506
0.12137
0.11279
0.10108
0.085476
0.068588
0.052703
0.039877
0.031305
0.029428
-0.048576
-0.040493
-0.017946
0.013526
0.053901
0.097007
0.13889
0.17324
0.19508
0.20133
0.19514
0.17426
0.13849
0.096499
0.053624
0.013402
-0.017811
-0.040171
-0.048461
-0.078459
-0.067176
-0.039067
-8.1962e-09
0.050713
0.10214
0.15208
0.19521
0.22164
0.22856
0.22164
0.19553
0.15188
0.10162
0.050695
9.6603e-09
-0.038933
-0.066848
-0.078383
-0.048515
-0.040436
-0.018401
0.013568
0.053875
0.097255
0.13879
0.17395
0.19601
0.2021
0.19443
0.17324
0.13833
0.096455
0.053562
0.013445
-0.017848
-0.040227
-0.048979
0.029461
0.03142
0.040082
0.05276
0.068987
0.085663
0.10081
0.11288
0.12153
0.12486
0.12172
0.113
0.10037
0.085347
0.068771
0.052563
0.03974
0.031402
0.029461
0.12522
0.12201
0.1129
0.10054
0.085497
0.068606
0.052654
0.039868
0.03132
0.029487
0.031498
0.039978
0.052757
0.069213
0.085435
0.10027
0.11264
0.12162
0.12491
0.20137
0.19457
0.17334
0.13826
0.096782
0.053464
0.013408
-0.017855
-0.040133
-0.048422
-0.040442
-0.017975
0.013482
0.053828
0.096786
0.13837
0.17281
0.19603
0.20175
0.22938
0.22125
0.19529
0.15158
0.10146
0.05048
2.5e-09
-0.039151
-0.066753
-0.078286
-0.067131
-0.039086
-1.7588e-08
0.050715
0.10204
0.15231
0.19523
0.22152
0.22874
