0.232860303709408
0.223161475153147
0.195404461348044
0.153350358592897
0.102518281522889
0.0492742792933162
1.26788754014877e-07
-0.0396658532902261
-0.0653208311432788
-0.0741899997981947
-0.065320978671291
-0.0396557601540088
-2.53577279666631e-07
0.0492629741586005
0.102545441067527
0.15336475790493
0.195404161693018
0.223156333116603
0.23286030114467
0.202907226927823
0.194990759615731
0.172357785690208
0.138134009011169
0.0968787053294861
0.0538035073571176
0.0140713691040527
-0.0178176235668581
-0.038395755727592
-0.0455010725887099
-0.0383958739536313
-0.0178095204294669
0.0140710628987262
0.0537943767652964
0.0969007143032267
0.138145713092607
0.172357541539728
0.194986563634292
0.202907224833864
0.125121932797886
0.121862432647047
0.112620787879245
0.0988702396998522
0.08266965008353
0.0662164625982547
0.0514827394308813
0.0399805629436195
0.0327170689030193
0.0302387850346496
0.0327170275387293
0.0399834480074015
0.0514826275791216
0.0662130270140157
0.0826781796396379
0.0988748948906102
0.11262068881187
0.121860708677913
0.125121931933903
0.0302387850289639
0.032717048220832
0.039981017157692
0.0514833760308815
0.0662172215007699
0.0826704470314131
0.0988709726535088
0.112621351707406
0.121862405677236
0.125121932790344
0.12186245961675
0.11261777042913
0.0988711014350871
0.0826740548947897
0.0662090993180685
0.0514793328528669
0.0399810969654762
0.0327183702773005
0.0302387856802589
-0.0455010726050617
-0.0383958148407313
-0.017816347834413
0.0140731118585369
0.0538055242488504
0.0968807617225222
0.138135851808869
0.172359175238003
0.194990693973779
0.202907226909544
0.19499082525742
0.172350349201785
0.138136175592288
0.0968900711863284
0.0537839382380464
0.0140620432249405
-0.0178161236817007
-0.0383920361890533
-0.0455010707319523
-0.0741899998186124
-0.065320904907434
-0.0396642642581568
2.29162553593017e-06
0.0492767765271255
0.10252081915782
0.15335262575317
0.195406166791988
0.223161394711116
0.232860303687018
0.223161555594856
0.195395334265102
0.153353024097951
0.102532307239128
0.0492500495802928
-1.14577549547075e-05
-0.0396639850571176
-0.06531618972895
-0.0741899974797691
-0.0455010726050617
-0.0383958148407313
-0.017816347834413
0.0140731118585369
0.0538055242488504
0.0968807617225222
0.138135851808869
0.172359175238003
0.194990693973779
0.202907226909543
0.19499082525742
0.172350349201785
0.138136175592288
0.0968900711863284
0.0537839382380464
0.0140620432249405
-0.0178161236817006
-0.0383920361890533
-0.0455010707319523
0.0302387850289639
0.032717048220832
0.039981017157692
0.0514833760308815
0.0662172215007698
0.082670447031413
0.0988709726535088
0.112621351707406
0.121862405677236
0.125121932790344
0.12186245961675
0.11261777042913
0.0988711014350872
0.0826740548947894
0.0662090993180686
0.0514793328528669
0.0399810969654762
0.0327183702773005
0.0302387856802587
0.125121932797886
0.121862432647047
0.112620787879245
0.0988702396998522
0.08266965008353
0.0662164625982546
0.0514827394308813
0.0399805629436195
0.0327170689030193
0.0302387850346496
0.0327170275387293
0.0399834480074015
0.0514826275791216
0.0662130270140156
0.0826781796396379
0.0988748948906102
0.11262068881187
0.121860708677913
0.125121931933903
0.202907226927823
0.194990759615731
0.172357785690208
0.13813400901117
0.0968787053294861
0.0538035073571176
0.0140713691040527
-0.0178176235668581
-0.038395755727592
-0.0455010725887098
-0.0383958739536312
-0.0178095204294669
0.0140710628987262
0.0537943767652964
0.0969007143032267
0.138145713092607
0.172357541539728
0.194986563634292
0.202907224833864
0.232860303709408
0.223161475153147
0.195404461348044
0.153350358592897
0.102518281522889
0.0492742792933162
1.26788754014877e-07
-0.0396658532902261
-0.0653208311432788
-0.0741899997981947
-0.065320978671291
-0.0396557601540088
-2.53577279666631e-07
0.0492629741586005
0.102545441067527
0.15336475790493
0.195404161693018
0.223156333116603
0.23286030114467
