-8.00000014085398e-09
-0.00429943685270665
-0.00551636059364474
-0.00318165639212481
-0.00439627502018847
-0.00263329293730111
2.02690950697133e-07
-0.000277106674869063
0.00219760982621614
0.00195751027338753
-0.00179613454800664
-0.00136055823353992
-0.00260669686576664
-0.00171095065424048
-0.000613102754779382
-0.000986748218111733
0.00266654744677836
0.00108761939261132
4.0720848539934e-05
0.0027069499738718
-0.00188855239535212
-0.00190129694796151
-0.00382390844717866
-0.00248222872334754
-0.00154983595056003
0.00197312878084324
0.00383000097601117
-5.59064927013742e-06
-0.00207353851410225
-0.00161554650330087
-0.00490962499530778
-0.00505172759504824
-0.00146994648633081
-0.00208854381048545
-0.000592568108042674
0.00227354774013522
0.00507164093910233
0.00250162375896255
0.00432320430316573
0.00129033175883327
5.94531311245011e-05
-0.0015650857100598
-0.000433524256085754
0.000980552252588252
0.00312526796485947
0.0042813502032466
0.00304137622064465
0.00246589579841533
-0.000918307015318254
0.00102196579646036
-0.000688384624264904
-0.00132817078215569
-0.000517034180715498
0.00239440370511035
0.00379103980064655
0.00490524452494302
0.00400183720672868
0.000377247772868988
0.000811599954007952
0.00097508602859589
2.1615391654406e-05
-0.00092494812436078
-0.000497310072951368
0.00155716859063026
0.00392272814642414
0.00517260366671575
0.00395429127328564
0.0009362652270688
-0.000376480966340895
-0.00191408569979978
-0.000388390538420033
0.00072520314797922
0.00300745091086856
0.00429291558354621
0.00371931330897318
0.000152778312334095
0.00089979383699168
-0.00216576934554891
-0.00280228030095975
-0.00237172755779552
-0.00233236069350273
-0.00121315846293901
0.00242959866820006
0.00483787179341974
0.00333335962597961
0.00255500295633672
-0.00150474729960697
-0.00334406393670215
-0.00372890841589275
-0.00285879110688277
-0.00165336486960095
0.00227679048210998
0.00342519540689001
0.0028047372721989
0.00103412974212641
0.00188160078551736
-0.00199640714577176
-0.00528159309777365
-0.00238669682032877
-0.00329169122713929
-0.00335321331330107
0.00197136121280744
0.00369187907318025
0.000982055484985297
3.81365784065889e-06
-0.00436368062307152
-0.00463854258753514
-0.00310165635284351
-0.00470820037962467
-0.0033182195280779
-2.01639290079425e-05
0.00030909121490201
0.00178267449033176
0.000737822602339955
-0.000920206163008502
-0.0024057693455487
-0.00494228030096006
-0.00276172755779558
-0.00276236069350272
-0.0011631584629388
0.00217959866819983
0.00392787179341986
0.00462135962597947
0.00242600295633675
-0.00195574729960701
-0.00364106393670213
-0.00380690841589275
-0.0030867911068828
-0.00118336486960095
0.00226779048211
0.00328319540689
0.00321473727219879
-0.00124587025787376
0.00362724777286869
1.59995400778046e-06
-0.000634913971404472
-0.00133838460834593
6.50518756390717e-05
-2.73100729516196e-05
-0.00161283140936977
0.0042727281464241
0.00421260366671566
0.00364429127328567
0.00148326522706882
0.000298519033659267
-0.00147908569979968
-0.00106539053841997
-0.00106679685202078
0.00286045091086858
0.00416291558354628
0.00368931330897304
0.00170277831233415
0.00397820430316576
0.00100833175883326
-6.0546868875487e-05
-0.00152408571005976
-0.000358524256085749
0.000615552252588331
0.00267226796485942
0.00439135020324673
0.00399137622064474
0.00343589579841519
0.000811692984681756
-0.000208034203539542
-0.000208384624264896
-0.000468170782155719
-0.0013470341807155
0.00290440370511036
0.00367103980064681
0.00193524452494297
0.00340583720672856
0.00271894997387175
-0.00204455239535209
-0.00361729694796153
-0.00363390844717872
-0.00289422872334764
-0.00130883595055998
0.00189712878084324
0.00359400097601122
0.00226440935072986
-0.00166353851410203
-0.00410554650330081
-0.00344962499530771
-0.00101172759504814
-0.00309994648633055
-0.000838543810485648
0.00123743189195749
0.003613547740135
0.00452664093910236
0.00279862375896256
-1.09810014085398e-09
-0.00458643685270664
-0.00533636059364474
-0.00311165639212482
-0.00459627502018846
-0.00320629293730111
2.02637950697133e-07
-0.000443106674869062
0.00102760982621614
0.00093751027338751
-0.00134613454800664
-0.00605055823353995
-0.00278669686576666
-0.00271095065424048
-0.00425310275477936
-0.0023967482181117
0.00025654744677836
0.00189461939261132
4.0717570539934e-05
