-8e-09
-0.07376
-0.1197
-0.13279
-0.11858
-0.072091
-2e-08
0.086616
0.18378
0.27482
0.34725
0.39834
0.41485
0.39799
0.3484
0.27185
0.18425
0.088001
2.8e-08
0.027192
-0.033059
-0.068779
-0.082993
-0.06936
-0.032718
0.026458
0.098261
0.17103
0.24316
0.30579
0.34395
0.35836
0.34739
0.30529
0.24462
0.17331
0.099519
0.026954
0.09448
0.072036
0.058792
0.053115
0.058299
0.071727
0.093282
0.11995
0.14797
0.17694
0.19915
0.21855
0.22304
0.2162
0.19954
0.17686
0.14872
0.12058
0.094147
0.17485
0.20088
0.2185
0.22375
0.2166
0.19957
0.17603
0.14885
0.12084
0.09411
0.071682
0.058354
0.052766
0.058342
0.071479
0.09317
0.11996
0.14864
0.17464
0.24613
0.30524
0.34605
0.36104
0.34652
0.30619
0.24766
0.17587
0.097761
0.027037
-0.032675
-0.070228
-0.082898
-0.069743
-0.0328
0.026778
0.097852
0.17382
0.2463
0.27474
0.34705
0.39441
0.41507
0.3964
0.34569
0.27483
0.18527
0.087871
1.1392e-08
-0.073824
-0.11883
-0.13271
-0.1189
-0.072749
-3.8481e-08
0.087197
0.18334
0.27364
0.24431
0.305
0.34391
0.36065
0.34609
0.30624
0.24741
0.17496
0.099049
0.026908
-0.033126
-0.070525
-0.082976
-0.069971
-0.03233
0.026769
0.09771
0.17423
0.24402
0.1781
0.20007
0.21689
0.22239
0.21759
0.20004
0.17286
0.1492
0.11988
0.0938
0.072229
0.059029
0.053201
0.057665
0.069687
0.093023
0.11983
0.14861
0.17619
0.094135
0.071754
0.058672
0.053156
0.058374
0.071362
0.092829
0.12006
0.14892
0.17791
0.20088
0.21732
0.22352
0.21706
0.19871
0.17737
0.1486
0.11761
0.093551
0.027204
-0.033215
-0.070495
-0.082803
-0.069772
-0.032477
0.026382
0.098025
0.1733
0.24357
0.3033
0.34541
0.3624
0.34576
0.30654
0.24645
0.17465
0.098974
0.027251
-1.0981e-09
-0.074047
-0.11952
-0.13272
-0.11878
-0.072664
-2.0053e-08
0.08645
0.18261
0.2738
0.3477
0.39365
0.41467
0.39699
0.34476
0.27044
0.18184
0.088808
2.4722e-08
