1 1
2 2
3 1
4 2
5 1
6 2
7 1
8 2
9 1
10 2
11 1
12 2
13 1
14 2
15 1
16 2
17 1
18 2
19 1
20 2
21 1
22 2
23 1
24 2
25 1
26 2
27 1
28 2
29 1
30 2
31 1
32 2
33 1
34 2
35 1
36 2
37 1
38 2
39 1
40 2
41 1
42 2
43 1
44 2
45 1
46 2
47 1
48 2
49 1
50 2
51 1
52 2
53 1
54 2
55 1
56 2
57 1
58 2
59 1
60 2
61 1
62 2
63 1
64 2
65 1
66 2
67 1
68 2
69 1
70 2
71 1
72 2
73 1
74 2
75 1
76 2
77 1
78 2
79 1
80 2
81 1
82 2
83 1
84 2
85 1
86 2
87 1
88 2
89 1
90 2
91 1
92 2
93 1
94 2
95 1
96 2
97 1
98 2
99 1
100 2
101 1
102 2
103 1
104 2
105 1
106 2
107 1
108 2
109 1
110 2
111 1
112 2
113 1
114 2
115 1
116 2
117 1
118 2
119 1
120 2
121 1
122 2
123 1
124 2
125 1
126 2
127 1
128 2
129 1
130 2
131 1
132 2
133 1
134 2
135 1
136 2
137 1
138 2
139 1
140 2
141 1
142 2
143 1
144 2
145 1
146 2
147 1
148 2
149 1
150 2
151 1
152 2
153 1
154 2
155 1
156 2
157 1
158 2
159 1
160 2
161 1
162 2
163 1
164 2
165 1
166 2
167 1
168 2
169 1
170 2
171 1
172 2
173 1
174 2
175 1
176 2
177 1
178 2
179 1
180 2
181 1
182 2
183 1
184 2
185 1
186 2
187 1
188 2
189 1
190 2
191 1
192 2
193 1
194 2
195 1
196 2
197 1
198 2
199 1
200 2
201 1
202 2
203 1
204 2
205 1
206 2
207 1
208 2
209 1
210 2
211 1
212 2
213 1
214 2
215 1
216 2
217 1
218 2
219 1
220 2
221 1
222 2
223 1
224 2
225 1
226 2
227 1
228 2
229 1
230 2
231 1
232 2
233 1
234 2
235 1
236 2
237 1
238 2
239 1
240 2
241 1
242 2
243 1
244 2
245 1
246 2
247 1
248 2
249 1
250 2
251 1
252 2
253 1
254 2
255 1
256 2
257 1
258 2
259 1
260 2
261 1
262 2
263 1
264 2
265 1
266 2
267 1
268 2
269 1
270 2
271 1
272 2
273 1
274 2
275 1
276 2
277 1
278 2
279 1
280 2
281 1
282 2
283 1
284 2
285 1
286 2
287 1
288 2
289 1
290 2
291 1
292 2
293 1
294 2
295 1
296 2
297 1
298 2
299 1
300 2
301 1
302 2
303 1
304 2
305 1
306 2
307 1
308 2
309 1
310 2
311 1
312 2
313 1
314 2
315 1
316 2
317 1
318 2
319 1
320 2
321 1
322 2
323 1
324 2
325 1
326 2
327 1
328 2
329 1
330 2
331 1
332 2
333 1
334 2
335 1
336 2
337 1
338 2
339 1
340 2
341 1
342 2
343 1
344 2
345 1
346 2
347 1
348 2
349 1
350 2
351 1
352 2
353 1
354 2
355 1
356 2
357 1
358 2
359 1
360 2
361 1
362 2
363 1
364 2
365 1
366 2
367 1
368 2
369 1
370 2
371 1
372 2
373 1
374 2
375 1
376 2
377 1
378 2
379 1
380 2
381 1
382 2
383 1
384 2
385 1
386 2
387 1
388 2
389 1
390 2
391 1
392 2
393 1
394 2
395 1
396 2
397 1
398 2
399 1
400 2
401 1
402 2
403 1
404 2
405 1
406 2
407 1
408 2
409 1
410 2
411 1
412 2
413 1
414 2
415 1
416 2
417 1
418 2
419 1
420 2
421 1
422 2
423 1
424 2
425 1
426 2
427 1
428 2
429 1
430 2
431 1
432 2
433 1
434 2
435 1
436 2
437 1
438 2
439 1
440 2
441 1
442 2
443 1
444 2
445 1
446 2
447 1
448 2
449 1
450 2
451 1
452 2
453 1
454 2
455 1
456 2
457 1
458 2
459 1
460 2
461 1
462 2
463 1
464 2
465 1
466 2
467 1
468 2
469 1
470 2
471 1
472 2
473 1
474 2
475 1
476 2
477 1
478 2
479 1
480 2
481 1
482 2
483 1
484 2
485 1
486 2
487 1
488 2
489 1
490 2
491 1
492 2
493 1
494 2
495 1
496 2
497 1
498 2
499 1
500 2
501 1
502 2
503 1
504 2
505 1
506 2
507 1
508 2
509 1
510 2
511 1
512 2
513 1
514 2
515 1
516 2
517 1
518 2
519 1
520 2
521 1
522 2
523 1
524 2
525 1
526 2
527 1
528 2
529 1
530 2
531 1
532 2
533 1
534 2
535 1
536 2
537 1
538 2
539 1
540 2
541 1
542 2
543 1
544 2
545 1
546 2
547 1
548 2
549 1
550 2
551 1
552 2
553 1
554 2
555 1
556 2
557 1
558 2
559 1
560 2
561 1
562 2
563 1
564 2
565 1
566 2
567 1
568 2
569 1
570 2
571 1
572 2
573 1
574 2
575 1
576 2
577 1
578 2
579 1
580 2
581 1
582 2
583 1
584 2
585 1
586 2
587 1
588 2
589 1
590 2
591 1
592 2
593 1
594 2
595 1
596 2
597 1
598 2
599 1
600 2
601 1
602 2
603 1
604 2
605 1
606 2
607 1
608 2
609 1
610 2
611 1
612 2
613 1
614 2
615 1
616 2
617 1
618 2
619 1
620 2
621 1
622 2
623 1
624 2
625 1
626 2
627 1
628 2
629 1
630 2
631 1
632 2
633 1
634 2
635 1
636 2
637 1
638 2
639 1
640 2
641 1
642 2
643 1
644 2
645 1
646 2
647 1
648 2
649 1
650 2
651 1
652 2
653 1
654 2
655 1
656 2
657 1
658 2
659 1
660 2
661 1
662 2
663 1
664 2
665 1
666 2
667 1
668 2
669 1
670 2
671 1
672 2
673 1
674 2
675 1
676 2
677 1
678 2
679 1
680 2
681 1
682 2
683 1
684 2
685 1
686 2
687 1
688 2
689 1
690 2
691 1
692 2
693 1
694 2
695 1
696 2
697 1
698 2
699 1
700 2
701 1
702 2
703 1
704 2
705 1
706 2
707 1
708 2
709 1
710 2
711 1
712 2
713 1
714 2
715 1
716 2
717 1
718 2
719 1
720 2
721 1
722 2
723 1
724 2
725 1
726 2
727 1
728 2
729 1
730 2
731 1
732 2
733 1
734 2
735 1
736 2
737 1
738 2
739 1
740 2
741 1
742 2
743 1
744 2
745 1
746 2
747 1
748 2
749 1
750 2
751 1
752 2
753 1
754 2
755 1
756 2
757 1
758 2
759 1
760 2
761 1
762 2
763 1
764 2
765 1
766 2
767 1
768 2
769 1
770 2
771 1
772 2
773 1
774 2
775 1
776 2
777 1
778 2
779 1
780 2
781 1
782 2
783 1
784 2
785 1
786 2
787 1
788 2
789 1
790 2
791 1
792 2
793 1
794 2
795 1
796 2
797 1
798 2
799 1
800 2
801 1
802 2
803 1
804 2
805 1
806 2
807 1
808 2
809 1
810 2
811 1
812 2
813 1
814 2
815 1
816 2
817 1
818 2
819 1
820 2
821 1
822 2
823 1
824 2
825 1
826 2
827 1
828 2
829 1
830 2
831 1
832 2
833 1
834 2
835 1
836 2
837 1
838 2
839 1
840 2
841 1
842 2
843 1
844 2
845 1
846 2
847 1
848 2
849 1
850 2
851 1
852 2
853 1
854 2
855 1
856 2
857 1
858 2
859 1
860 2
861 1
862 2
863 1
864 2
865 1
866 2
867 1
868 2
869 1
870 2
871 1
872 2
873 1
874 2
875 1
876 2
877 1
878 2
879 1
880 2
881 1
882 2
883 1
884 2
885 1
886 2
887 1
888 2
889 1
890 2
891 1
892 2
893 1
894 2
895 1
896 2
897 1
898 2
899 1
900 2
901 1
902 2
903 1
904 2
905 1
906 2
907 1
908 2
909 1
910 2
911 1
912 2
913 1
914 2
915 1
916 2
917 1
918 2
919 1
920 2
921 1
922 2
923 1
924 2
925 1
926 2
927 1
928 2
929 1
930 2
931 1
932 2
933 1
934 2
935 1
936 2
937 1
938 2
939 1
940 2
941 1
942 2
943 1
944 2
945 1
946 2
947 1
948 2
949 1
950 2
951 1
952 2
953 1
954 2
955 1
956 2
957 1
958 2
959 1
960 2
961 1
962 2
963 1
964 2
965 1
966 2
967 1
968 2
969 1
970 2
971 1
972 2
973 1
974 2
975 1
976 2
977 1
978 2
979 1
980 2
981 1
982 2
983 1
984 2
985 1
986 2
987 1
988 2
989 1
990 2
991 1
992 2
993 1
994 2
995 1
996 2
997 1
998 2
999 1
1000 2
1001 1
1002 2
1003 1
1004 2
1005 1
1006 2
1007 1
1008 2
1009 1
1010 2
1011 1
1012 2
1013 1
1014 2
1015 1
1016 2
1017 1
1018 2
1019 1
1020 2
1021 1
1022 2
1023 1
1024 2
1025 1
1026 2
1027 1
1028 2
1029 1
1030 2
1031 1
1032 2
1033 1
1034 2
1035 1
1036 2
1037 1
1038 2
1039 1
1040 2
1041 1
1042 2
1043 1
1044 2
1045 1
1046 2
1047 1
1048 2
1049 1
1050 2
1051 1
1052 2
1053 1
1054 2
1055 1
1056 2
1057 1
1058 2
1059 1
1060 2
1061 1
1062 2
1063 1
1064 2
1065 1
1066 2
1067 1
1068 2
1069 1
1070 2
1071 1
1072 2
1073 1
1074 2
1075 1
1076 2
1077 1
1078 2
1079 1
1080 2
1081 1
1082 2
1083 1
1084 2
1085 1
1086 2
1087 1
1088 2
1089 1
1090 2
1091 1
1092 2
1093 1
1094 2
1095 1
1096 2
1097 1
1098 2
1099 1
1100 2
1101 1
1102 2
1103 1
1104 2
1105 1
1106 2
1107 1
1108 2
1109 1
1110 2
1111 1
1112 2
1113 1
1114 2
1115 1
1116 2
1117 1
1118 2
1119 1
1120 2
1121 1
1122 2
1123 1
1124 2
1125 1
1126 2
1127 1
1128 2
1129 1
1130 2
1131 1
1132 2
1133 1
1134 2
1135 1
1136 2
1137 1
1138 2
1139 1
1140 2
1141 1
1142 2
1143 1
1144 2
1145 1
1146 2
1147 1
1148 2
1149 1
1150 2
1151 1
1152 2
1153 1
1154 2
1155 1
1156 2
1157 1
1158 2
1159 1
1160 2
1161 1
1162 2
1163 1
1164 2
1165 1
1166 2
1167 1
1168 2
1169 1
1170 2
1171 1
1172 2
1173 1
1174 2
1175 1
1176 2
1177 1
1178 2
1179 1
1180 2
1181 1
1182 2
1183 1
1184 2
1185 1
1186 2
1187 1
1188 2
1189 1
1190 2
1191 1
1192 2
1193 1
1194 2
1195 1
1196 2
1197 1
1198 2
1199 1
1200 2
1201 1
1202 2
1203 1
1204 2
1205 1
1206 2
1207 1
1208 2
1209 1
1210 2
1211 1
1212 2
1213 1
1214 2
1215 1
1216 2
1217 1
1218 2
1219 1
1220 2
1221 1
1222 2
1223 1
1224 2
1225 1
1226 2
1227 1
1228 2
1229 1
1230 2
1231 1
1232 2
1233 1
1234 2
1235 1
1236 2
1237 1
1238 2
1239 1
1240 2
1241 1
1242 2
1243 1
1244 2
1245 1
1246 2
1247 1
1248 2
1249 1
1250 2
1251 1
1252 2
1253 1
1254 2
1255 1
1256 2
1257 1
1258 2
1259 1
1260 2
1261 1
1262 2
1263 1
1264 2
1265 1
1266 2
1267 1
1268 2
1269 1
1270 2
1271 1
1272 2
1273 1
1274 2
1275 1
1276 2
1277 1
1278 2
1279 1
1280 2
1281 1
1282 2
1283 1
1284 2
1285 1
1286 2
1287 1
1288 2
1289 1
1290 2
1291 1
1292 2
1293 1
1294 2
1295 1
1296 2
1297 1
1298 2
1299 1
1300 2
1301 1
1302 2
1303 1
1304 2
1305 1
1306 2
1307 1
1308 2
1309 1
1310 2
1311 1
1312 2
1313 1
1314 2
1315 1
1316 2
1317 1
1318 2
1319 1
1320 2
1321 1
1322 2
1323 1
1324 2
1325 1
1326 2
1327 1
1328 2
1329 1
1330 2
1331 1
1332 2
1333 1
1334 2
1335 1
1336 2
1337 1
1338 2
1339 1
1340 2
1341 1
1342 2
1343 1
1344 2
1345 1
1346 2
1347 1
1348 2
1349 1
1350 2
1351 1
1352 2
1353 1
1354 2
1355 1
1356 2
1357 1
1358 2
1359 1
1360 2
1361 1
1362 2
1363 1
1364 2
1365 1
1366 2
1367 1
1368 2
1369 1
1370 2
1371 1
1372 2
1373 1
1374 2
1375 1
1376 2
1377 1
1378 2
1379 1
1380 2
1381 1
1382 2
1383 1
1384 2
1385 1
1386 2
1387 1
1388 2
1389 1
1390 2
1391 1
1392 2
1393 1
1394 2
1395 1
1396 2
1397 1
1398 2
1399 1
1400 2
1401 1
1402 2
1403 1
1404 2
1405 1
1406 2
1407 1
1408 2
1409 1
1410 2
1411 1
1412 2
1413 1
1414 2
1415 1
1416 2
1417 1
1418 2
1419 1
1420 2
1421 1
1422 2
1423 1
1424 2
1425 1
1426 2
1427 1
1428 2
1429 1
1430 2
1431 1
1432 2
1433 1
1434 2
1435 1
1436 2
1437 1
1438 2
1439 1
1440 2
1441 1
1442 2
1443 1
1444 2
1445 1
1446 2
1447 1
1448 2
1449 1
1450 2
1451 1
1452 2
1453 1
1454 2
1455 1
1456 2
1457 1
1458 2
1459 1
1460 2
1461 1
1462 2
1463 1
1464 2
1465 1
1466 2
1467 1
1468 2
1469 1
1470 2
1471 1
1472 2
1473 1
1474 2
1475 1
1476 2
1477 1
1478 2
1479 1
1480 2
1481 1
1482 2
1483 1
1484 2
1485 1
1486 2
1487 1
1488 2
1489 1
1490 2
1491 1
1492 2
1493 1
1494 2
1495 1
1496 2
1497 1
1498 2
1499 1
1500 2
1501 1
1502 2
1503 1
1504 2
1505 1
1506 2
1507 1
1508 2
1509 1
1510 2
1511 1
1512 2
1513 1
1514 2
1515 1
1516 2
1517 1
1518 2
1519 1
1520 2
1521 1
1522 2
1523 1
1524 2
1525 1
1526 2
1527 1
1528 2
1529 1
1530 2
1531 1
1532 2
1533 1
1534 2
1535 1
1536 2
1537 1
1538 2
1539 1
1540 2
1541 1
1542 2
1543 1
1544 2
1545 1
1546 2
1547 1
1548 2
1549 1
1550 2
1551 1
1552 2
1553 1
1554 2
1555 1
1556 2
1557 1
1558 2
1559 1
1560 2
1561 1
1562 2
1563 1
1564 2
1565 1
1566 2
1567 1
1568 2
1569 1
1570 2
1571 1
1572 2
1573 1
1574 2
1575 1
1576 2
1577 1
1578 2
1579 1
1580 2
1581 1
1582 2
1583 1
1584 2
1585 1
1586 2
1587 1
1588 2
1589 1
1590 2
1591 1
1592 2
1593 1
1594 2
1595 1
1596 2
1597 1
1598 2
1599 1
1600 2
1601 1
1602 2
1603 1
1604 2
1605 1
1606 2
1607 1
1608 2
1609 1
1610 2
1611 1
1612 2
1613 1
1614 2
1615 1
1616 2
1617 1
1618 2
1619 1
1620 2
1621 1
1622 2
1623 1
1624 2
1625 1
1626 2
1627 1
1628 2
1629 1
1630 2
1631 1
1632 2
1633 1
1634 2
1635 1
1636 2
1637 1
1638 2
1639 1
1640 2
1641 1
1642 2
1643 1
1644 2
1645 1
1646 2
1647 1
1648 2
1649 1
1650 2
1651 1
1652 2
1653 1
1654 2
1655 1
1656 2
1657 1
1658 2
1659 1
1660 2
1661 1
1662 2
1663 1
1664 2
1665 1
1666 2
1667 1
1668 2
1669 1
1670 2
1671 1
1672 2
1673 1
1674 2
1675 1
1676 2
1677 1
1678 2
1679 1
1680 2
1681 1
1682 2
1683 1
1684 2
1685 1
1686 2
1687 1
1688 2
1689 1
1690 2
1691 1
1692 2
1693 1
1694 2
1695 1
1696 2
1697 1
1698 2
1699 1
1700 2
1701 1
1702 2
1703 1
1704 2
1705 1
1706 2
1707 1
1708 2
1709 1
1710 2
1711 1
1712 2
1713 1
1714 2
1715 1
1716 2
1717 1
1718 2
1719 1
1720 2
1721 1
1722 2
1723 1
1724 2
1725 1
1726 2
1727 1
1728 2
1729 1
1730 2
1731 1
1732 2
1733 1
1734 2
1735 1
1736 2
1737 1
1738 2
1739 1
1740 2
1741 1
1742 2
1743 1
1744 2
1745 1
1746 2
1747 1
1748 2
1749 1
1750 2
1751 1
1752 2
1753 1
1754 2
1755 1
1756 2
1757 1
1758 2
1759 1
1760 2
1761 1
1762 2
1763 1
1764 2
1765 1
1766 2
1767 1
1768 2
1769 1
1770 2
1771 1
1772 2
1773 1
1774 2
1775 1
1776 2
1777 1
1778 2
1779 1
1780 2
1781 1
1782 2
1783 1
1784 2
1785 1
1786 2
1787 1
1788 2
1789 1
1790 2
1791 1
1792 2
1793 1
1794 2
1795 1
1796 2
1797 1
1798 2
1799 1
1800 2
1801 1
1802 2
1803 1
1804 2
1805 1
1806 2
1807 1
1808 2
1809 1
1810 2
1811 1
1812 2
1813 1
1814 2
1815 1
1816 2
1817 1
1818 2
1819 1
1820 2
1821 1
1822 2
1823 1
1824 2
1825 1
1826 2
1827 1
1828 2
1829 1
1830 2
1831 1
1832 2
1833 1
1834 2
1835 1
1836 2
1837 1
1838 2
1839 1
1840 2
1841 1
1842 2
1843 1
1844 2
1845 1
1846 2
1847 1
1848 2
1849 1
1850 2
1851 1
1852 2
1853 1
1854 2
1855 1
1856 2
1857 1
1858 2
1859 1
1860 2
1861 1
1862 2
1863 1
1864 2
1865 1
1866 2
1867 1
1868 2
1869 1
1870 2
1871 1
1872 2
1873 1
1874 2
1875 1
1876 2
1877 1
1878 2
1879 1
1880 2
1881 1
1882 2
1883 1
1884 2
1885 1
1886 2
1887 1
1888 2
1889 1
1890 2
1891 1
1892 2
1893 1
1894 2
1895 1
1896 2
1897 1
1898 2
1899 1
1900 2
1901 1
1902 2
1903 1
1904 2
1905 1
1906 2
1907 1
1908 2
1909 1
1910 2
1911 1
1912 2
1913 1
1914 2
1915 1
1916 2
1917 1
1918 2
1919 1
1920 2
1921 1
1922 2
1923 1
1924 2
1925 1
1926 2
1927 1
1928 2
1929 1
1930 2
1931 1
1932 2
1933 1
1934 2
1935 1
1936 2
1937 1
1938 2
1939 1
1940 2
1941 1
1942 2
1943 1
1944 2
1945 1
1946 2
1947 1
1948 2
1949 1
1950 2
1951 1
1952 2
1953 1
1954 2
1955 1
1956 2
1957 1
1958 2
1959 1
1960 2
1961 1
1962 2
1963 1
1964 2
1965 1
1966 2
1967 1
1968 2
1969 1
1970 2
1971 1
1972 2
1973 1
1974 2
1975 1
1976 2
1977 1
1978 2
1979 1
1980 2
1981 1
1982 2
1983 1
1984 2
1985 1
1986 2
1987 1
1988 2
1989 1
1990 2
1991 1
1992 2
1993 1
1994 2
1995 1
1996 2
1997 1
1998 2
1999 1
2000 2
2001 1
2002 2
2003 1
2004 2
2005 1
2006 2
2007 1
2008 2
2009 1
2010 2
2011 1
2012 2
2013 1
2014 2
2015 1
2016 2
2017 1
2018 2
2019 1
2020 2
2021 1
2022 2
2023 1
2024 2
2025 1
2026 2
2027 1
2028 2
2029 1
2030 2
2031 1
2032 2
2033 1
2034 2
2035 1
2036 2
2037 1
2038 2
2039 1
2040 2
2041 1
2042 2
2043 1
2044 2
2045 1
2046 2
2047 1
2048 2
2049 1
2050 2
2051 1
2052 2
2053 1
2054 2
2055 1
2056 2
2057 1
2058 2
2059 1
2060 2
2061 1
2062 2
2063 1
2064 2
2065 1
2066 2
2067 1
2068 2
2069 1
2070 2
2071 1
2072 2
2073 1
2074 2
2075 1
2076 2
2077 1
2078 2
2079 1
2080 2
2081 1
2082 2
2083 1
2084 2
2085 1
2086 2
2087 1
2088 2
2089 1
2090 2
2091 1
2092 2
2093 1
2094 2
2095 1
2096 2
2097 1
2098 2
2099 1
2100 2
2101 1
2102 2
2103 1
2104 2
2105 1
2106 2
2107 1
2108 2
2109 1
2110 2
2111 1
2112 2
2113 1
2114 2
2115 1
2116 2
2117 1
2118 2
2119 1
2120 2
2121 1
2122 2
2123 1
2124 2
2125 1
2126 2
2127 1
2128 2
2129 1
2130 2
2131 1
2132 2
2133 1
2134 2
2135 1
2136 2
2137 1
2138 2
2139 1
2140 2
2141 1
2142 2
2143 1
2144 2
2145 1
2146 2
2147 1
2148 2
2149 1
2150 2
2151 1
2152 2
2153 1
2154 2
2155 1
2156 2
2157 1
2158 2
2159 1
2160 2
2161 1
2162 2
2163 1
2164 2
2165 1
2166 2
2167 1
2168 2
2169 1
2170 2
2171 1
2172 2
2173 1
2174 2
2175 1
2176 2
2177 1
2178 2
2179 1
2180 2
2181 1
2182 2
2183 1
2184 2
2185 1
2186 2
2187 1
2188 2
2189 1
2190 2
2191 1
2192 2
2193 1
2194 2
2195 1
2196 2
2197 1
2198 2
2199 1
2200 2
2201 1
2202 2
2203 1
2204 2
2205 1
2206 2
2207 1
2208 2
2209 1
2210 2
2211 1
2212 2
2213 1
2214 2
2215 1
2216 2
2217 1
2218 2
2219 1
2220 2
2221 1
2222 2
2223 1
2224 2
2225 1
2226 2
2227 1
2228 2
2229 1
2230 2
2231 1
2232 2
2233 1
2234 2
2235 1
2236 2
2237 1
2238 2
2239 1
2240 2
2241 1
2242 2
2243 1
2244 2
2245 1
2246 2
2247 1
2248 2
2249 1
2250 2
2251 1
2252 2
2253 1
2254 2
2255 1
2256 2
2257 1
2258 2
2259 1
2260 2
2261 1
2262 2
2263 1
2264 2
2265 1
2266 2
2267 1
2268 2
2269 1
2270 2
2271 1
2272 2
2273 1
2274 2
2275 1
2276 2
2277 1
2278 2
2279 1
2280 2
2281 1
2282 2
2283 1
2284 2
2285 1
2286 2
2287 1
2288 2
2289 1
2290 2
2291 1
2292 2
2293 1
2294 2
2295 1
2296 2
2297 1
2298 2
2299 1
2300 2
2301 1
2302 2
2303 1
2304 2
2305 1
2306 2
2307 1
2308 2
2309 1
2310 2
2311 1
2312 2
2313 1
2314 2
2315 1
2316 2
2317 1
2318 2
2319 1
2320 2
2321 1
2322 2
2323 1
2324 2
2325 1
2326 2
2327 1
2328 2
2329 1
2330 2
2331 1
2332 2
2333 1
2334 2
2335 1
2336 2
2337 1
2338 2
2339 1
2340 2
2341 1
2342 2
2343 1
2344 2
2345 1
2346 2
2347 1
2348 2
2349 1
2350 2
2351 1
2352 2
2353 1
2354 2
2355 1
2356 2
2357 1
2358 2
2359 1
2360 2
2361 1
2362 2
2363 1
2364 2
2365 1
2366 2
2367 1
2368 2
2369 1
2370 2
2371 1
2372 2
2373 1
2374 2
2375 1
2376 2
2377 1
2378 2
2379 1
2380 2
2381 1
2382 2
2383 1
2384 2
2385 1
2386 2
2387 1
2388 2
2389 1
2390 2
2391 1
2392 2
2393 1
2394 2
2395 1
2396 2
2397 1
2398 2
2399 1
2400 2
2401 1
2402 2
2403 1
2404 2
2405 1
2406 2
2407 1
2408 2
2409 1
2410 2
2411 1
2412 2
2413 1
2414 2
2415 1
2416 2
2417 1
2418 2
2419 1
2420 2
2421 1
2422 2
2423 1
2424 2
2425 1
2426 2
2427 1
2428 2
2429 1
2430 2
2431 1
2432 2
2433 1
2434 2
2435 1
2436 2
2437 1
2438 2
2439 1
2440 2
2441 1
2442 2
2443 1
2444 2
2445 1
2446 2
2447 1
2448 2
2449 1
2450 2
2451 1
2452 2
2453 1
2454 2
2455 1
2456 2
2457 1
2458 2
2459 1
2460 2
2461 1
2462 2
2463 1
2464 2
2465 1
2466 2
2467 1
2468 2
2469 1
2470 2
2471 1
2472 2
2473 1
2474 2
2475 1
2476 2
2477 1
2478 2
2479 1
2480 2
2481 1
2482 2
2483 1
2484 2
2485 1
2486 2
2487 1
2488 2
2489 1
2490 2
2491 1
2492 2
2493 1
2494 2
2495 1
2496 2
2497 1
2498 2
2499 1
2500 2
2501 1
2502 2
2503 1
2504 2
2505 1
2506 2
2507 1
2508 2
2509 1
2510 2
2511 1
2512 2
2513 1
2514 2
2515 1
2516 2
2517 1
2518 2
2519 1
2520 2
2521 1
2522 2
2523 1
2524 2
2525 1
2526 2
2527 1
2528 2
2529 1
2530 2
2531 1
2532 2
2533 1
2534 2
2535 1
2536 2
2537 1
2538 2
2539 1
2540 2
2541 1
2542 2
2543 1
2544 2
2545 1
2546 2
2547 1
2548 2
2549 1
2550 2
2551 1
2552 2
2553 1
2554 2
2555 1
2556 2
2557 1
2558 2
2559 1
2560 2
2561 1
2562 2
2563 1
2564 2
2565 1
2566 2
2567 1
2568 2
2569 1
2570 2
2571 1
2572 2
2573 1
2574 2
2575 1
2576 2
2577 1
2578 2
2579 1
2580 2
2581 1
2582 2
2583 1
2584 2
2585 1
2586 2
2587 1
2588 2
2589 1
2590 2
2591 1
2592 2
2593 1
2594 2
2595 1
2596 2
2597 1
2598 2
2599 1
2600 2
2601 1
2602 2
2603 1
2604 2
2605 1
2606 2
2607 1
2608 2
2609 1
2610 2
2611 1
2612 2
2613 1
2614 2
2615 1
2616 2
2617 1
2618 2
2619 1
2620 2
2621 1
2622 2
2623 1
2624 2
2625 1
2626 2
2627 1
2628 2
2629 1
2630 2
2631 1
2632 2
2633 1
2634 2
2635 1
2636 2
2637 1
2638 2
2639 1
2640 2
2641 1
2642 2
2643 1
2644 2
2645 1
2646 2
2647 1
2648 2
2649 1
2650 2
2651 1
2652 2
2653 1
2654 2
2655 1
2656 2
2657 1
2658 2
2659 1
2660 2
2661 1
2662 2
2663 1
2664 2
2665 1
2666 2
2667 1
2668 2
2669 1
2670 2
2671 1
2672 2
2673 1
2674 2
2675 1
2676 2
2677 1
2678 2
2679 1
2680 2
2681 1
2682 2
2683 1
2684 2
2685 1
2686 2
2687 1
2688 2
2689 1
2690 2
2691 1
2692 2
2693 1
2694 2
2695 1
2696 2
2697 1
2698 2
2699 1
2700 2
2701 1
2702 2
2703 1
2704 2
2705 1
2706 2
2707 1
2708 2
2709 1
2710 2
2711 1
2712 2
2713 1
2714 2
2715 1
2716 2
2717 1
2718 2
2719 1
2720 2
2721 1
2722 2
2723 1
2724 2
2725 1
2726 2
2727 1
2728 2
2729 1
2730 2
2731 1
2732 2
2733 1
2734 2
2735 1
2736 2
2737 1
2738 2
2739 1
2740 2
2741 1
2742 2
2743 1
2744 2
2745 1
2746 2
2747 1
2748 2
2749 1
2750 2
2751 1
2752 2
2753 1
2754 2
2755 1
2756 2
2757 1
2758 2
2759 1
2760 2
2761 1
2762 2
2763 1
2764 2
2765 1
2766 2
2767 1
2768 2
2769 1
2770 2
2771 1
2772 2
2773 1
2774 2
2775 1
2776 2
2777 1
2778 2
2779 1
2780 2
2781 1
2782 2
2783 1
2784 2
2785 1
2786 2
2787 1
2788 2
2789 1
2790 2
2791 1
2792 2
2793 1
2794 2
2795 1
2796 2
2797 1
2798 2
2799 1
2800 2
2801 1
2802 2
2803 1
2804 2
2805 1
2806 2
2807 1
2808 2
2809 1
2810 2
2811 1
2812 2
2813 1
2814 2
2815 1
2816 2
2817 1
2818 2
2819 1
2820 2
2821 1
2822 2
2823 1
2824 2
2825 1
2826 2
2827 1
2828 2
2829 1
2830 2
2831 1
2832 2
2833 1
2834 2
2835 1
2836 2
2837 1
2838 2
2839 1
2840 2
2841 1
2842 2
2843 1
2844 2
2845 1
2846 2
2847 1
2848 2
2849 1
2850 2
2851 1
2852 2
2853 1
2854 2
2855 1
2856 2
2857 1
2858 2
2859 1
2860 2
2861 1
2862 2
2863 1
2864 2
2865 1
2866 2
2867 1
2868 2
2869 1
2870 2
2871 1
2872 2
2873 1
2874 2
2875 1
2876 2
2877 1
2878 2
2879 1
2880 2
2881 1
2882 2
2883 1
2884 2
2885 1
2886 2
2887 1
2888 2
2889 1
2890 2
2891 1
2892 2
2893 1
2894 2
2895 1
2896 2
2897 1
2898 2
2899 1
2900 2
2901 1
2902 2
2903 1
2904 2
2905 1
2906 2
2907 1
2908 2
2909 1
2910 2
2911 1
2912 2
2913 1
2914 2
2915 1
2916 2
2917 1
2918 2
2919 1
2920 2
2921 1
2922 2
2923 1
2924 2
2925 1
2926 2
2927 1
2928 2
2929 1
2930 2
2931 1
2932 2
2933 1
2934 2
2935 1
2936 2
2937 1
2938 2
2939 1
2940 2
2941 1
2942 2
2943 1
2944 2
2945 1
2946 2
2947 1
2948 2
2949 1
2950 2
2951 1
2952 2
2953 1
2954 2
2955 1
2956 2
2957 1
2958 2
2959 1
2960 2
2961 1
2962 2
2963 1
2964 2
2965 1
2966 2
2967 1
2968 2
2969 1
2970 2
2971 1
2972 2
2973 1
2974 2
2975 1
2976 2
2977 1
2978 2
2979 1
2980 2
2981 1
2982 2
2983 1
2984 2
2985 1
2986 2
2987 1
2988 2
2989 1
2990 2
2991 1
2992 2
2993 1
2994 2
2995 1
2996 2
2997 1
2998 2
2999 1
3000 2
3001 1
3002 2
3003 1
3004 2
3005 1
3006 2
3007 1
3008 2
3009 1
3010 2
3011 1
3012 2
3013 1
3014 2
3015 1
3016 2
3017 1
3018 2
3019 1
3020 2
3021 1
3022 2
3023 1
3024 2
3025 1
3026 2
3027 1
3028 2
3029 1
3030 2
3031 1
3032 2
3033 1
3034 2
3035 1
3036 2
3037 1
3038 2
3039 1
3040 2
3041 1
3042 2
3043 1
3044 2
3045 1
3046 2
3047 1
3048 2
3049 1
3050 2
3051 1
3052 2
3053 1
3054 2
3055 1
3056 2
3057 1
3058 2
3059 1
3060 2
3061 1
3062 2
3063 1
3064 2
3065 1
3066 2
3067 1
3068 2
3069 1
3070 2
3071 1
3072 2
3073 1
3074 2
3075 1
3076 2
3077 1
3078 2
3079 1
3080 2
3081 1
3082 2
3083 1
3084 2
3085 1
3086 2
3087 1
3088 2
3089 1
3090 2
3091 1
3092 2
3093 1
3094 2
3095 1
3096 2
3097 1
3098 2
3099 1
3100 2
3101 1
3102 2
3103 1
3104 2
3105 1
3106 2
3107 1
3108 2
3109 1
3110 2
3111 1
3112 2
3113 1
3114 2
3115 1
3116 2
3117 1
3118 2
3119 1
3120 2
3121 1
3122 2
3123 1
3124 2
3125 1
3126 2
3127 1
3128 2
3129 1
3130 2
3131 1
3132 2
3133 1
3134 2
3135 1
3136 2
3137 1
3138 2
3139 1
3140 2
3141 1
3142 2
3143 1
3144 2
3145 1
3146 2
3147 1
3148 2
3149 1
3150 2
3151 1
3152 2
3153 1
3154 2
3155 1
3156 2
3157 1
3158 2
3159 1
3160 2
3161 1
3162 2
3163 1
3164 2
3165 1
3166 2
3167 1
3168 2
3169 1
3170 2
3171 1
3172 2
3173 1
3174 2
3175 1
3176 2
3177 1
3178 2
3179 1
3180 2
3181 1
3182 2
3183 1
3184 2
3185 1
3186 2
3187 1
3188 2
3189 1
3190 2
3191 1
3192 2
3193 1
3194 2
3195 1
3196 2
3197 1
3198 2
3199 1
3200 2
3201 1
3202 2
3203 1
3204 2
3205 1
3206 2
3207 1
3208 2
3209 1
3210 2
3211 1
3212 2
3213 1
3214 2
3215 1
3216 2
3217 1
3218 2
3219 1
3220 2
3221 1
3222 2
3223 1
3224 2
3225 1
3226 2
3227 1
3228 2
3229 1
3230 2
3231 1
3232 2
3233 1
3234 2
3235 1
3236 2
3237 1
3238 2
3239 1
3240 2
3241 1
3242 2
3243 1
3244 2
3245 1
3246 2
3247 1
3248 2
3249 1
3250 2
3251 1
3252 2
3253 1
3254 2
3255 1
3256 2
3257 1
3258 2
3259 1
3260 2
3261 1
3262 2
3263 1
3264 2
3265 1
3266 2
3267 1
3268 2
3269 1
3270 2
3271 1
3272 2
3273 1
3274 2
3275 1
3276 2
3277 1
3278 2
3279 1
3280 2
3281 1
3282 2
3283 1
3284 2
3285 1
3286 2
3287 1
3288 2
3289 1
3290 2
3291 1
3292 2
3293 1
3294 2
3295 1
3296 2
3297 1
3298 2
3299 1
3300 2
3301 1
3302 2
3303 1
3304 2
3305 1
3306 2
3307 1
3308 2
3309 1
3310 2
3311 1
3312 2
3313 1
3314 2
3315 1
3316 2
3317 1
3318 2
3319 1
3320 2
3321 1
3322 2
3323 1
3324 2
3325 1
3326 2
3327 1
3328 2
3329 1
3330 2
3331 1
3332 2
3333 1
3334 2
3335 1
3336 2
3337 1
3338 2
3339 1
3340 2
3341 1
3342 2
3343 1
3344 2
3345 1
3346 2
3347 1
3348 2
3349 1
3350 2
3351 1
3352 2
3353 1
3354 2
3355 1
3356 2
3357 1
3358 2
3359 1
3360 2
3361 1
3362 2
3363 1
3364 2
3365 1
3366 2
3367 1
3368 2
3369 1
3370 2
3371 1
3372 2
3373 1
3374 2
3375 1
3376 2
3377 1
3378 2
3379 1
3380 2
3381 1
3382 2
3383 1
3384 2
3385 1
3386 2
3387 1
3388 2
3389 1
3390 2
3391 1
3392 2
3393 1
3394 2
3395 1
3396 2
3397 1
3398 2
3399 1
3400 2
3401 1
3402 2
3403 1
3404 2
3405 1
3406 2
3407 1
3408 2
3409 1
3410 2
3411 1
3412 2
3413 1
3414 2
3415 1
3416 2
3417 1
3418 2
3419 1
3420 2
3421 1
3422 2
3423 1
3424 2
3425 1
3426 2
3427 1
3428 2
3429 1
3430 2
3431 1
3432 2
3433 1
3434 2
3435 1
3436 2
3437 1
3438 2
3439 1
3440 2
3441 1
3442 2
3443 1
3444 2
3445 1
3446 2
3447 1
3448 2
3449 1
3450 2
3451 1
3452 2
3453 1
3454 2
3455 1
3456 2
3457 1
3458 2
3459 1
3460 2
3461 1
3462 2
3463 1
3464 2
3465 1
3466 2
3467 1
3468 2
3469 1
3470 2
3471 1
3472 2
3473 1
3474 2
3475 1
3476 2
3477 1
3478 2
3479 1
3480 2
3481 1
3482 2
3483 1
3484 2
3485 1
3486 2
3487 1
3488 2
3489 1
3490 2
3491 1
3492 2
3493 1
3494 2
3495 1
3496 2
3497 1
3498 2
3499 1
3500 2
3501 1
3502 2
3503 1
3504 2
3505 1
3506 2
3507 1
3508 2
3509 1
3510 2
3511 1
3512 2
3513 1
3514 2
3515 1
3516 2
3517 1
3518 2
3519 1
3520 2
3521 1
3522 2
3523 1
3524 2
3525 1
3526 2
3527 1
3528 2
3529 1
3530 2
3531 1
3532 2
3533 1
3534 2
3535 1
3536 2
3537 1
3538 2
3539 1
3540 2
3541 1
3542 2
3543 1
3544 2
3545 1
3546 2
3547 1
3548 2
3549 1
3550 2
3551 1
3552 2
3553 1
3554 2
3555 1
3556 2
3557 1
3558 2
3559 1
3560 2
3561 1
3562 2
3563 1
3564 2
3565 1
3566 2
3567 1
3568 2
3569 1
3570 2
3571 1
3572 2
3573 1
3574 2
3575 1
3576 2
3577 1
3578 2
3579 1
3580 2
3581 1
3582 2
3583 1
3584 2
3585 1
3586 2
3587 1
3588 2
3589 1
3590 2
3591 1
3592 2
3593 1
3594 2
3595 1
3596 2
3597 1
3598 2
3599 1
3600 2
3601 1
3602 2
3603 1
3604 2
3605 1
3606 2
3607 1
3608 2
3609 1
3610 2
3611 1
3612 2
3613 1
3614 2
3615 1
3616 2
3617 1
3618 2
3619 1
3620 2
3621 1
3622 2
3623 1
3624 2
3625 1
3626 2
3627 1
3628 2
3629 1
3630 2
3631 1
3632 2
3633 1
3634 2
3635 1
3636 2
3637 1
3638 2
3639 1
3640 2
3641 1
3642 2
3643 1
3644 2
3645 1
3646 2
3647 1
3648 2
3649 1
3650 2
3651 1
3652 2
3653 1
3654 2
3655 1
3656 2
3657 1
3658 2
3659 1
3660 2
3661 1
3662 2
3663 1
3664 2
3665 1
3666 2
3667 1
3668 2
3669 1
3670 2
3671 1
3672 2
3673 1
3674 2
3675 1
3676 2
3677 1
3678 2
3679 1
3680 2
3681 1
3682 2
3683 1
3684 2
3685 1
3686 2
3687 1
3688 2
3689 1
3690 2
3691 1
3692 2
3693 1
3694 2
3695 1
3696 2
3697 1
3698 2
3699 1
3700 2
3701 1
3702 2
3703 1
3704 2
3705 1
3706 2
3707 1
3708 2
3709 1
3710 2
3711 1
3712 2
3713 1
3714 2
3715 1
3716 2
3717 1
3718 2
3719 1
3720 2
3721 1
3722 2
3723 1
3724 2
3725 1
3726 2
3727 1
3728 2
3729 1
3730 2
3731 1
3732 2
3733 1
3734 2
3735 1
3736 2
3737 1
3738 2
3739 1
3740 2
3741 1
3742 2
3743 1
3744 2
3745 1
3746 2
3747 1
3748 2
3749 1
3750 2
3751 1
3752 2
3753 1
3754 2
3755 1
3756 2
3757 1
3758 2
3759 1
3760 2
3761 1
3762 2
3763 1
3764 2
3765 1
3766 2
3767 1
3768 2
3769 1
3770 2
3771 1
3772 2
3773 1
3774 2
3775 1
3776 2
3777 1
3778 2
3779 1
3780 2
3781 1
3782 2
3783 1
3784 2
3785 1
3786 2
3787 1
3788 2
3789 1
3790 2
3791 1
3792 2
3793 1
3794 2
3795 1
3796 2
3797 1
3798 2
3799 1
3800 2
3801 1
3802 2
3803 1
3804 2
3805 1
3806 2
3807 1
3808 2
3809 1
3810 2
3811 1
3812 2
3813 1
3814 2
3815 1
3816 2
3817 1
3818 2
3819 1
3820 2
3821 1
3822 2
3823 1
3824 2
3825 1
3826 2
3827 1
3828 2
3829 1
3830 2
3831 1
3832 2
3833 1
3834 2
3835 1
3836 2
3837 1
3838 2
3839 1
3840 2
3841 1
3842 2
3843 1
3844 2
3845 1
3846 2
3847 1
3848 2
3849 1
3850 2
3851 1
3852 2
3853 1
3854 2
3855 1
3856 2
3857 1
3858 2
3859 1
3860 2
3861 1
3862 2
3863 1
3864 2
3865 1
3866 2
3867 1
3868 2
3869 1
3870 2
3871 1
3872 2
3873 1
3874 2
3875 1
3876 2
3877 1
3878 2
3879 1
3880 2
3881 1
3882 2
3883 1
3884 2
3885 1
3886 2
3887 1
3888 2
3889 1
3890 2
3891 1
3892 2
3893 1
3894 2
3895 1
3896 2
3897 1
3898 2
3899 1
3900 2
3901 1
3902 2
3903 1
3904 2
3905 1
3906 2
3907 1
3908 2
3909 1
3910 2
3911 1
3912 2
3913 1
3914 2
3915 1
3916 2
3917 1
3918 2
3919 1
3920 2
3921 1
3922 2
3923 1
3924 2
3925 1
3926 2
3927 1
3928 2
3929 1
3930 2
3931 1
3932 2
3933 1
3934 2
3935 1
3936 2
3937 1
3938 2
3939 1
3940 2
3941 1
3942 2
3943 1
3944 2
3945 1
3946 2
3947 1
3948 2
3949 1
3950 2
3951 1
3952 2
3953 1
3954 2
3955 1
3956 2
3957 1
3958 2
3959 1
3960 2
3961 1
3962 2
3963 1
3964 2
3965 1
3966 2
3967 1
3968 2
3969 1
3970 2
3971 1
3972 2
3973 1
3974 2
3975 1
3976 2
3977 1
3978 2
3979 1
3980 2
3981 1
3982 2
3983 1
3984 2
3985 1
3986 2
3987 1
3988 2
3989 1
3990 2
3991 1
3992 2
3993 1
3994 2
3995 1
3996 2
3997 1
3998 2
3999 1
4000 2
4001 1
4002 2
4003 1
4004 2
4005 1
4006 2
4007 1
4008 2
4009 1
4010 2
4011 1
4012 2
4013 1
4014 2
4015 1
4016 2
4017 1
4018 2
4019 1
4020 2
4021 1
4022 2
4023 1
4024 2
4025 1
4026 2
4027 1
4028 2
4029 1
4030 2
4031 1
4032 2
4033 1
4034 2
4035 1
4036 2
4037 1
4038 2
4039 1
4040 2
4041 1
4042 2
4043 1
4044 2
4045 1
4046 2
4047 1
4048 2
4049 1
4050 2
4051 1
4052 2
4053 1
4054 2
4055 1
4056 2
4057 1
4058 2
4059 1
4060 2
4061 1
4062 2
4063 1
4064 2
4065 1
4066 2
4067 1
4068 2
4069 1
4070 2
4071 1
4072 2
4073 1
4074 2
4075 1
4076 2
4077 1
4078 2
4079 1
4080 2
4081 1
4082 2
4083 1
4084 2
4085 1
4086 2
4087 1
4088 2
4089 1
4090 2
4091 1
4092 2
4093 1
4094 2
4095 1
4096 2
4097 1
4098 2
4099 1
4100 2
4101 1
4102 2
4103 1
4104 2
4105 1
4106 2
4107 1
4108 2
4109 1
4110 2
4111 1
4112 2
4113 1
4114 2
4115 1
4116 2
4117 1
4118 2
4119 1
4120 2
4121 1
4122 2
4123 1
4124 2
4125 1
4126 2
4127 1
4128 2
4129 1
4130 2
4131 1
4132 2
4133 1
4134 2
4135 1
4136 2
4137 1
4138 2
4139 1
4140 2
4141 1
4142 2
4143 1
4144 2
4145 1
4146 2
4147 1
4148 2
4149 1
4150 2
4151 1
4152 2
4153 1
4154 2
4155 1
4156 2
4157 1
4158 2
4159 1
4160 2
4161 1
4162 2
4163 1
4164 2
4165 1
4166 2
4167 1
4168 2
4169 1
4170 2
4171 1
4172 2
4173 1
4174 2
4175 1
4176 2
4177 1
4178 2
4179 1
4180 2
4181 1
4182 2
4183 1
4184 2
4185 1
4186 2
4187 1
4188 2
4189 1
4190 2
4191 1
4192 2
4193 1
4194 2
4195 1
4196 2
4197 1
4198 2
4199 1
4200 2
4201 1
4202 2
4203 1
4204 2
4205 1
4206 2
4207 1
4208 2
4209 1
4210 2
4211 1
4212 2
4213 1
4214 2
4215 1
4216 2
4217 1
4218 2
4219 1
4220 2
4221 1
4222 2
4223 1
4224 2
4225 1
4226 2
4227 1
4228 2
4229 1
4230 2
4231 1
4232 2
4233 1
4234 2
4235 1
4236 2
4237 1
4238 2
4239 1
4240 2
4241 1
4242 2
4243 1
4244 2
4245 1
4246 2
4247 1
4248 2
4249 1
4250 2
4251 1
4252 2
4253 1
4254 2
4255 1
4256 2
4257 1
4258 2
4259 1
4260 2
4261 1
4262 2
4263 1
4264 2
4265 1
4266 2
4267 1
4268 2
4269 1
4270 2
4271 1
4272 2
4273 1
4274 2
4275 1
4276 2
4277 1
4278 2
4279 1
4280 2
4281 1
4282 2
4283 1
4284 2
4285 1
4286 2
4287 1
4288 2
4289 1
4290 2
4291 1
4292 2
4293 1
4294 2
4295 1
4296 2
4297 1
4298 2
4299 1
4300 2
4301 1
4302 2
4303 1
4304 2
4305 1
4306 2
4307 1
4308 2
4309 1
4310 2
4311 1
4312 2
4313 1
4314 2
4315 1
4316 2
4317 1
4318 2
4319 1
4320 2
4321 1
4322 2
4323 1
4324 2
4325 1
4326 2
4327 1
4328 2
4329 1
4330 2
4331 1
4332 2
4333 1
4334 2
4335 1
4336 2
4337 1
4338 2
4339 1
4340 2
4341 1
4342 2
4343 1
4344 2
4345 1
4346 2
4347 1
4348 2
4349 1
4350 2
4351 1
4352 2
4353 1
4354 2
4355 1
4356 2
4357 1
4358 2
4359 1
4360 2
4361 1
4362 2
4363 1
4364 2
4365 1
4366 2
4367 1
4368 2
4369 1
4370 2
4371 1
4372 2
4373 1
4374 2
4375 1
4376 2
4377 1
4378 2
4379 1
4380 2
4381 1
4382 2
4383 1
4384 2
4385 1
4386 2
4387 1
4388 2
4389 1
4390 2
4391 1
4392 2
4393 1
4394 2
4395 1
4396 2
4397 1
4398 2
4399 1
4400 2
4401 1
4402 2
4403 1
4404 2
4405 1
4406 2
4407 1
4408 2
4409 1
4410 2
4411 1
4412 2
4413 1
4414 2
4415 1
4416 2
4417 1
4418 2
4419 1
4420 2
4421 1
4422 2
4423 1
4424 2
4425 1
4426 2
4427 1
4428 2
4429 1
4430 2
4431 1
4432 2
4433 1
4434 2
4435 1
4436 2
4437 1
4438 2
4439 1
4440 2
4441 1
4442 2
4443 1
4444 2
4445 1
4446 2
4447 1
4448 2
4449 1
4450 2
4451 1
4452 2
4453 1
4454 2
4455 1
4456 2
4457 1
4458 2
4459 1
4460 2
4461 1
4462 2
4463 1
4464 2
4465 1
4466 2
4467 1
4468 2
4469 1
4470 2
4471 1
4472 2
4473 1
4474 2
4475 1
4476 2
4477 1
4478 2
4479 1
4480 2
4481 1
4482 2
4483 1
4484 2
4485 1
4486 2
4487 1
4488 2
4489 1
4490 2
4491 1
4492 2
4493 1
4494 2
4495 1
4496 2
4497 1
4498 2
4499 1
4500 2
4501 1
4502 2
4503 1
4504 2
4505 1
4506 2
4507 1
4508 2
4509 1
4510 2
4511 1
4512 2
4513 1
4514 2
4515 1
4516 2
4517 1
4518 2
4519 1
4520 2
4521 1
4522 2
4523 1
4524 2
4525 1
4526 2
4527 1
4528 2
4529 1
4530 2
4531 1
4532 2
4533 1
4534 2
4535 1
4536 2
4537 1
4538 2
4539 1
4540 2
4541 1
4542 2
4543 1
4544 2
4545 1
4546 2
4547 1
4548 2
4549 1
4550 2
4551 1
4552 2
4553 1
4554 2
4555 1
4556 2
4557 1
4558 2
4559 1
4560 2
4561 1
4562 2
4563 1
4564 2
4565 1
4566 2
4567 1
4568 2
4569 1
4570 2
4571 1
4572 2
4573 1
4574 2
4575 1
4576 2
4577 1
4578 2
4579 1
4580 2
4581 1
4582 2
4583 1
4584 2
4585 1
4586 2
4587 1
4588 2
4589 1
4590 2
4591 1
4592 2
4593 1
4594 2
4595 1
4596 2
4597 1
4598 2
4599 1
4600 2
4601 1
4602 2
4603 1
4604 2
4605 1
4606 2
4607 1
4608 2
4609 1
4610 2
4611 1
4612 2
4613 1
4614 2
4615 1
4616 2
4617 1
4618 2
4619 1
4620 2
4621 1
4622 2
4623 1
4624 2
4625 1
4626 2
4627 1
4628 2
4629 1
4630 2
4631 1
4632 2
4633 1
4634 2
4635 1
4636 2
4637 1
4638 2
4639 1
4640 2
4641 1
4642 2
4643 1
4644 2
4645 1
4646 2
4647 1
4648 2
4649 1
4650 2
4651 1
4652 2
4653 1
4654 2
4655 1
4656 2
4657 1
4658 2
4659 1
4660 2
4661 1
4662 2
4663 1
4664 2
4665 1
4666 2
4667 1
4668 2
4669 1
4670 2
4671 1
4672 2
4673 1
4674 2
4675 1
4676 2
4677 1
4678 2
4679 1
4680 2
4681 1
4682 2
4683 1
4684 2
4685 1
4686 2
4687 1
4688 2
4689 1
4690 2
4691 1
4692 2
4693 1
4694 2
4695 1
4696 2
4697 1
4698 2
4699 1
4700 2
4701 1
4702 2
4703 1
4704 2
4705 1
4706 2
4707 1
4708 2
4709 1
4710 2
4711 1
4712 2
4713 1
4714 2
4715 1
4716 2
4717 1
4718 2
4719 1
4720 2
4721 1
4722 2
4723 1
4724 2
4725 1
4726 2
4727 1
4728 2
4729 1
4730 2
4731 1
4732 2
4733 1
4734 2
4735 1
4736 2
4737 1
4738 2
4739 1
4740 2
4741 1
4742 2
4743 1
4744 2
4745 1
4746 2
4747 1
4748 2
4749 1
4750 2
4751 1
4752 2
4753 1
4754 2
4755 1
4756 2
4757 1
4758 2
4759 1
4760 2
4761 1
4762 2
4763 1
4764 2
4765 1
4766 2
4767 1
4768 2
4769 1
4770 2
4771 1
4772 2
4773 1
4774 2
4775 1
4776 2
4777 1
4778 2
4779 1
4780 2
4781 1
4782 2
4783 1
4784 2
4785 1
4786 2
4787 1
4788 2
4789 1
4790 2
4791 1
4792 2
4793 1
4794 2
4795 1
4796 2
4797 1
4798 2
4799 1
4800 2
4801 1
4802 2
4803 1
4804 2
4805 1
4806 2
4807 1
4808 2
4809 1
4810 2
4811 1
4812 2
4813 1
4814 2
4815 1
4816 2
4817 1
4818 2
4819 1
4820 2
4821 1
4822 2
4823 1
4824 2
4825 1
4826 2
4827 1
4828 2
4829 1
4830 2
4831 1
4832 2
4833 1
4834 2
4835 1
4836 2
4837 1
4838 2
4839 1
4840 2
4841 1
4842 2
4843 1
4844 2
4845 1
4846 2
4847 1
4848 2
4849 1
4850 2
4851 1
4852 2
4853 1
4854 2
4855 1
4856 2
4857 1
4858 2
4859 1
4860 2
4861 1
4862 2
4863 1
4864 2
4865 1
4866 2
4867 1
4868 2
4869 1
4870 2
4871 1
4872 2
4873 1
4874 2
4875 1
4876 2
4877 1
4878 2
4879 1
4880 2
4881 1
4882 2
4883 1
4884 2
4885 1
4886 2
4887 1
4888 2
4889 1
4890 2
4891 1
4892 2
4893 1
4894 2
4895 1
4896 2
4897 1
4898 2
4899 1
4900 2
4901 1
4902 2
4903 1
4904 2
4905 1
4906 2
4907 1
4908 2
4909 1
4910 2
4911 1
4912 2
4913 1
4914 2
4915 1
4916 2
4917 1
4918 2
4919 1
4920 2
4921 1
4922 2
4923 1
4924 2
4925 1
4926 2
4927 1
4928 2
4929 1
4930 2
4931 1
4932 2
4933 1
4934 2
4935 1
4936 2
4937 1
4938 2
4939 1
4940 2
4941 1
4942 2
4943 1
4944 2
4945 1
4946 2
4947 1
4948 2
4949 1
4950 2
4951 1
4952 2
4953 1
4954 2
4955 1
4956 2
4957 1
4958 2
4959 1
4960 2
4961 1
4962 2
4963 1
4964 2
4965 1
4966 2
4967 1
4968 2
4969 1
4970 2
4971 1
4972 2
4973 1
4974 2
4975 1
4976 2
4977 1
4978 2
4979 1
4980 2
4981 1
4982 2
4983 1
4984 2
4985 1
4986 2
4987 1
4988 2
4989 1
4990 2
4991 1
4992 2
4993 1
4994 2
4995 1
4996 2
4997 1
4998 2
4999 1
5000 2
5001 1
5002 2
5003 1
5004 2
5005 1
5006 2
5007 1
5008 2
5009 1
5010 2
5011 1
5012 2
5013 1
5014 2
5015 1
5016 2
5017 1
5018 2
5019 1
5020 2
5021 1
5022 2
5023 1
5024 2
5025 1
5026 2
5027 1
5028 2
5029 1
5030 2
5031 1
5032 2
5033 1
5034 2
5035 1
5036 2
5037 1
5038 2
5039 1
5040 2
5041 1
5042 2
5043 1
5044 2
5045 1
5046 2
5047 1
5048 2
5049 1
5050 2
5051 1
5052 2
5053 1
5054 2
5055 1
5056 2
5057 1
5058 2
5059 1
5060 2
5061 1
5062 2
5063 1
5064 2
5065 1
5066 2
5067 1
5068 2
5069 1
5070 2
5071 1
5072 2
5073 1
5074 2
5075 1
5076 2
5077 1
5078 2
5079 1
5080 2
5081 1
5082 2
5083 1
5084 2
5085 1
5086 2
5087 1
5088 2
5089 1
5090 2
5091 1
5092 2
5093 1
5094 2
5095 1
5096 2
5097 1
5098 2
5099 1
5100 2
5101 1
5102 2
5103 1
5104 2
5105 1
5106 2
5107 1
5108 2
5109 1
5110 2
5111 1
5112 2
5113 1
5114 2
5115 1
5116 2
5117 1
5118 2
5119 1
5120 2
5121 1
5122 2
5123 1
5124 2
5125 1
5126 2
5127 1
5128 2
5129 1
5130 2
5131 1
5132 2
5133 1
5134 2
5135 1
5136 2
5137 1
5138 2
5139 1
5140 2
5141 1
5142 2
5143 1
5144 2
5145 1
5146 2
5147 1
5148 2
5149 1
5150 2
5151 1
5152 2
5153 1
5154 2
5155 1
5156 2
5157 1
5158 2
5159 1
5160 2
5161 1
5162 2
5163 1
5164 2
5165 1
5166 2
5167 1
5168 2
5169 1
5170 2
5171 1
5172 2
5173 1
5174 2
5175 1
5176 2
5177 1
5178 2
5179 1
5180 2
5181 1
5182 2
5183 1
5184 2
5185 1
5186 2
5187 1
5188 2
5189 1
5190 2
5191 1
5192 2
5193 1
5194 2
5195 1
5196 2
5197 1
5198 2
5199 1
5200 2
5201 1
5202 2
5203 1
5204 2
5205 1
5206 2
5207 1
5208 2
5209 1
5210 2
5211 1
5212 2
5213 1
5214 2
5215 1
5216 2
5217 1
5218 2
5219 1
5220 2
5221 1
5222 2
5223 1
5224 2
5225 1
5226 2
5227 1
5228 2
5229 1
5230 2
5231 1
5232 2
5233 1
5234 2
5235 1
5236 2
5237 1
5238 2
5239 1
5240 2
5241 1
5242 2
5243 1
5244 2
5245 1
5246 2
5247 1
5248 2
5249 1
5250 2
5251 1
5252 2
5253 1
5254 2
5255 1
5256 2
5257 1
5258 2
5259 1
5260 2
5261 1
5262 2
5263 1
5264 2
5265 1
5266 2
5267 1
5268 2
5269 1
5270 2
5271 1
5272 2
5273 1
5274 2
5275 1
5276 2
5277 1
5278 2
5279 1
5280 2
5281 1
5282 2
5283 1
5284 2
5285 1
5286 2
5287 1
5288 2
5289 1
5290 2
5291 1
5292 2
5293 1
5294 2
5295 1
5296 2
5297 1
5298 2
5299 1
5300 2
5301 1
5302 2
5303 1
5304 2
5305 1
5306 2
5307 1
5308 2
5309 1
5310 2
5311 1
5312 2
5313 1
5314 2
5315 1
5316 2
5317 1
5318 2
5319 1
5320 2
5321 1
5322 2
5323 1
5324 2
5325 1
5326 2
5327 1
5328 2
5329 1
5330 2
5331 1
5332 2
5333 1
5334 2
5335 1
5336 2
5337 1
5338 2
5339 1
5340 2
5341 1
5342 2
5343 1
5344 2
5345 1
5346 2
5347 1
5348 2
5349 1
5350 2
5351 1
5352 2
5353 1
5354 2
5355 1
5356 2
5357 1
5358 2
5359 1
5360 2
5361 1
5362 2
5363 1
5364 2
5365 1
5366 2
5367 1
5368 2
5369 1
5370 2
5371 1
5372 2
5373 1
5374 2
5375 1
5376 2
5377 1
5378 2
5379 1
5380 2
5381 1
5382 2
5383 1
5384 2
5385 1
5386 2
5387 1
5388 2
5389 1
5390 2
5391 1
5392 2
5393 1
5394 2
5395 1
5396 2
5397 1
5398 2
5399 1
5400 2
5401 1
5402 2
5403 1
5404 2
5405 1
5406 2
5407 1
5408 2
5409 1
5410 2
5411 1
5412 2
5413 1
5414 2
5415 1
5416 2
5417 1
5418 2
5419 1
5420 2
5421 1
5422 2
5423 1
5424 2
5425 1
5426 2
5427 1
5428 2
5429 1
5430 2
5431 1
5432 2
5433 1
5434 2
5435 1
5436 2
5437 1
5438 2
5439 1
5440 2
5441 1
5442 2
5443 1
5444 2
5445 1
5446 2
5447 1
5448 2
5449 1
5450 2
5451 1
5452 2
5453 1
5454 2
5455 1
5456 2
5457 1
5458 2
5459 1
5460 2
5461 1
5462 2
5463 1
5464 2
5465 1
5466 2
5467 1
5468 2
5469 1
5470 2
5471 1
5472 2
5473 1
5474 2
5475 1
5476 2
5477 1
5478 2
5479 1
5480 2
5481 1
5482 2
5483 1
5484 2
5485 1
5486 2
5487 1
5488 2
5489 1
5490 2
5491 1
5492 2
5493 1
5494 2
5495 1
5496 2
5497 1
5498 2
5499 1
5500 2
5501 1
5502 2
5503 1
5504 2
5505 1
5506 2
5507 1
5508 2
5509 1
5510 2
5511 1
5512 2
5513 1
5514 2
5515 1
5516 2
5517 1
5518 2
5519 1
5520 2
5521 1
5522 2
5523 1
5524 2
5525 1
5526 2
5527 1
5528 2
5529 1
5530 2
5531 1
5532 2
5533 1
5534 2
5535 1
5536 2
5537 1
5538 2
5539 1
5540 2
5541 1
5542 2
5543 1
5544 2
5545 1
5546 2
5547 1
5548 2
5549 1
5550 2
5551 1
5552 2
5553 1
5554 2
5555 1
5556 2
5557 1
5558 2
5559 1
5560 2
5561 1
5562 2
5563 1
5564 2
5565 1
5566 2
5567 1
5568 2
5569 1
5570 2
5571 1
5572 2
5573 1
5574 2
5575 1
5576 2
5577 1
5578 2
5579 1
5580 2
5581 1
5582 2
5583 1
5584 2
5585 1
5586 2
5587 1
5588 2
5589 1
5590 2
5591 1
5592 2
5593 1
5594 2
5595 1
5596 2
5597 1
5598 2
5599 1
5600 2
5601 1
5602 2
5603 1
5604 2
5605 1
5606 2
5607 1
5608 2
5609 1
5610 2
5611 1
5612 2
5613 1
5614 2
5615 1
5616 2
5617 1
5618 2
5619 1
5620 2
5621 1
5622 2
5623 1
5624 2
5625 1
5626 2
5627 1
5628 2
5629 1
5630 2
5631 1
5632 2
5633 1
5634 2
5635 1
5636 2
5637 1
5638 2
5639 1
5640 2
5641 1
5642 2
5643 1
5644 2
5645 1
5646 2
5647 1
5648 2
5649 1
5650 2
5651 1
5652 2
5653 1
5654 2
5655 1
5656 2
5657 1
5658 2
5659 1
5660 2
5661 1
5662 2
5663 1
5664 2
5665 1
5666 2
5667 1
5668 2
5669 1
5670 2
5671 1
5672 2
5673 1
5674 2
5675 1
5676 2
5677 1
5678 2
5679 1
5680 2
5681 1
5682 2
5683 1
5684 2
5685 1
5686 2
5687 1
5688 2
5689 1
5690 2
5691 1
5692 2
5693 1
5694 2
5695 1
5696 2
5697 1
5698 2
5699 1
5700 2
5701 1
5702 2
5703 1
5704 2
5705 1
5706 2
5707 1
5708 2
5709 1
5710 2
5711 1
5712 2
5713 1
5714 2
5715 1
5716 2
5717 1
5718 2
5719 1
5720 2
5721 1
5722 2
5723 1
5724 2
5725 1
5726 2
5727 1
5728 2
5729 1
5730 2
5731 1
5732 2
5733 1
5734 2
5735 1
5736 2
5737 1
5738 2
5739 1
5740 2
5741 1
5742 2
5743 1
5744 2
5745 1
5746 2
5747 1
5748 2
5749 1
5750 2
5751 1
5752 2
5753 1
5754 2
5755 1
5756 2
5757 1
5758 2
5759 1
5760 2
5761 1
5762 2
5763 1
5764 2
5765 1
5766 2
5767 1
5768 2
5769 1
5770 2
5771 1
5772 2
5773 1
5774 2
5775 1
5776 2
5777 1
5778 2
5779 1
5780 2
5781 1
5782 2
5783 1
5784 2
5785 1
5786 2
5787 1
5788 2
5789 1
5790 2
5791 1
5792 2
5793 1
5794 2
5795 1
5796 2
5797 1
5798 2
5799 1
5800 2
5801 1
5802 2
5803 1
5804 2
5805 1
5806 2
5807 1
5808 2
5809 1
5810 2
5811 1
5812 2
5813 1
5814 2
5815 1
5816 2
5817 4
5818 3
5819 4
5820 3
5821 4
5822 3
5823 4
5824 3
5825 4
5826 3
5827 4
5828 3
5829 4
5830 3
5831 4
5832 3
5833 4
5834 3
5835 4
5836 3
5837 4
5838 3
5839 4
5840 3
5841 4
5842 3
5843 4
5844 3
5845 4
5846 3
5847 4
5848 3
5849 4
5850 3
5851 4
5852 3
5853 4
5854 3
5855 4
5856 3
5857 4
5858 3
5859 4
5860 3
5861 4
5862 3
5863 4
5864 3
5865 4
5866 3
5867 4
5868 3
5869 4
5870 3
5871 4
5872 3
5873 4
5874 3
5875 4
5876 3
5877 4
5878 3
5879 4
5880 3
5881 4
5882 3
5883 4
5884 3
5885 4
5886 3
5887 4
5888 3
5889 4
5890 3
5891 4
5892 3
5893 4
5894 3
5895 4
5896 3
5897 4
5898 3
5899 4
5900 3
5901 4
5902 3
5903 4
5904 3
5905 4
5906 3
5907 4
5908 3
5909 4
5910 3
5911 4
5912 3
5913 4
5914 3
5915 4
5916 3
5917 4
5918 3
5919 4
5920 3
5921 4
5922 3
5923 4
5924 3
5925 4
5926 3
5927 4
5928 3
5929 4
5930 3
5931 4
5932 3
5933 4
5934 3
5935 4
5936 3
5937 4
5938 3
5939 4
5940 3
5941 4
5942 3
5943 4
5944 3
5945 4
5946 3
5947 4
5948 3
5949 4
5950 3
5951 4
5952 3
5953 4
5954 3
5955 4
5956 3
5957 4
5958 3
5959 4
5960 3
5961 4
5962 3
5963 4
5964 3
5965 4
5966 3
5967 4
5968 3
5969 4
5970 3
5971 4
5972 3
5973 4
5974 3
5975 4
5976 3
5977 4
5978 3
5979 4
5980 3
5981 4
5982 3
5983 4
5984 3
5985 4
5986 3
5987 4
5988 3
5989 4
5990 3
5991 4
5992 3
5993 4
5994 3
5995 4
5996 3
5997 4
5998 3
5999 4
6000 3
6001 4
6002 3
6003 4
6004 3
6005 4
6006 3
6007 4
6008 3
6009 4
6010 3
6011 4
6012 3
6013 4
6014 3
6015 4
6016 3
6017 4
6018 3
6019 4
6020 3
6021 4
6022 3
6023 4
6024 3
6025 4
6026 3
6027 4
6028 3
6029 4
6030 3
6031 4
6032 3
6033 4
6034 3
6035 4
6036 3
6037 4
6038 3
6039 4
6040 3
6041 4
6042 3
6043 4
6044 3
6045 4
6046 3
6047 4
6048 3
6049 4
6050 3
6051 4
6052 3
6053 4
6054 3
6055 4
6056 3
6057 4
6058 3
6059 4
6060 3
6061 4
6062 3
6063 4
6064 3
6065 4
6066 3
6067 4
6068 3
6069 4
6070 3
6071 4
6072 3
6073 4
6074 3
6075 4
6076 3
6077 4
6078 3
6079 4
6080 3
6081 4
6082 3
6083 4
6084 3
6085 4
6086 3
6087 4
6088 3
6089 4
6090 3
6091 4
6092 3
6093 4
6094 3
6095 4
6096 3
6097 4
6098 3
6099 4
6100 3
6101 4
6102 3
6103 4
6104 3
6105 4
6106 3
6107 4
6108 3
6109 4
6110 3
6111 4
6112 3
6113 4
6114 3
6115 4
6116 3
6117 4
6118 3
6119 4
6120 3
6121 4
6122 3
6123 4
6124 3
6125 4
6126 3
6127 4
6128 3
6129 4
6130 3
6131 4
6132 3
6133 4
6134 3
6135 4
6136 3
6137 4
6138 3
6139 4
6140 3
6141 4
6142 3
6143 4
6144 3
6145 4
6146 3
6147 4
6148 3
6149 4
6150 3
6151 4
6152 3
6153 4
6154 3
6155 4
6156 3
6157 4
6158 3
6159 4
6160 3
6161 4
6162 3
6163 4
6164 3
6165 4
6166 3
6167 4
6168 3
6169 4
6170 3
6171 4
6172 3
6173 4
6174 3
6175 4
6176 3
6177 4
6178 3
6179 4
6180 3
6181 4
6182 3
6183 4
6184 3
6185 4
6186 3
6187 4
6188 3
6189 4
6190 3
6191 4
6192 3
6193 4
6194 3
6195 4
6196 3
6197 4
6198 3
6199 4
6200 3
6201 4
6202 3
6203 4
6204 3
6205 4
6206 3
6207 4
6208 3
6209 4
6210 3
6211 4
6212 3
6213 4
6214 3
6215 4
6216 3
6217 4
6218 3
6219 4
6220 3
6221 4
6222 3
6223 4
6224 3
6225 4
6226 3
6227 4
6228 3
6229 4
6230 3
6231 4
6232 3
6233 4
6234 3
6235 4
6236 3
6237 4
6238 3
6239 4
6240 3
6241 4
6242 3
6243 4
6244 3
6245 4
6246 3
6247 4
6248 3
6249 4
6250 3
6251 4
6252 3
6253 4
6254 3
6255 4
6256 3
6257 4
6258 3
6259 4
6260 3
6261 4
6262 3
6263 4
6264 3
6265 4
6266 3
6267 4
6268 3
6269 4
6270 3
6271 4
6272 3
6273 4
6274 3
6275 4
6276 3
6277 4
6278 3
6279 4
6280 3
6281 4
6282 3
6283 4
6284 3
6285 4
6286 3
6287 4
6288 3
6289 4
6290 3
6291 4
6292 3
6293 4
6294 3
6295 4
6296 3
6297 4
6298 3
6299 4
6300 3
6301 4
6302 3
6303 4
6304 3
6305 4
6306 3
6307 4
6308 3
6309 4
6310 3
6311 4
6312 3
6313 4
6314 3
6315 4
6316 3
6317 4
6318 3
6319 4
6320 3
6321 4
6322 3
6323 4
6324 3
6325 4
6326 3
6327 4
6328 3
6329 4
6330 3
6331 4
6332 3
6333 4
6334 3
6335 4
6336 3
6337 4
6338 3
6339 4
6340 3
6341 4
6342 3
6343 4
6344 3
6345 4
6346 3
6347 4
6348 3
6349 4
6350 3
6351 4
6352 3
6353 4
6354 3
6355 4
6356 3
6357 4
6358 3
6359 4
6360 3
6361 4
6362 3
6363 4
6364 3
6365 4
6366 3
6367 4
6368 3
6369 4
6370 3
6371 4
6372 3
6373 4
6374 3
6375 4
6376 3
6377 4
6378 3
6379 4
6380 3
6381 4
6382 3
6383 4
6384 3
6385 4
6386 3
6387 4
6388 3
6389 4
6390 3
6391 4
6392 3
6393 4
6394 3
6395 4
6396 3
6397 4
6398 3
6399 4
6400 3
6401 4
6402 3
6403 4
6404 3
6405 4
6406 3
6407 4
6408 3
6409 4
6410 3
6411 4
6412 3
6413 4
6414 3
6415 4
6416 3
6417 4
6418 3
6419 4
6420 3
6421 4
6422 3
6423 4
6424 3
6425 4
6426 3
6427 4
6428 3
6429 4
6430 3
6431 4
6432 3
6433 4
6434 3
6435 4
6436 3
6437 4
6438 3
6439 4
6440 3
6441 4
6442 3
6443 4
6444 3
6445 4
6446 3
6447 4
6448 3
6449 4
6450 3
6451 4
6452 3
6453 4
6454 3
6455 4
6456 3
6457 4
6458 3
6459 4
6460 3
6461 4
6462 3
6463 4
6464 3
6465 4
6466 3
6467 4
6468 3
6469 4
6470 3
6471 4
6472 3
6473 4
6474 3
6475 4
6476 3
6477 4
6478 3
6479 4
6480 3
6481 4
6482 3
6483 4
6484 3
6485 4
6486 3
6487 4
6488 3
6489 4
6490 3
6491 4
6492 3
6493 4
6494 3
6495 4
6496 3
6497 4
6498 3
6499 4
6500 3
6501 4
6502 3
6503 4
6504 3
6505 4
6506 3
6507 4
6508 3
6509 4
6510 3
6511 4
6512 3
6513 4
6514 3
6515 4
6516 3
6517 4
6518 3
6519 4
6520 3
6521 4
6522 3
6523 4
6524 3
6525 4
6526 3
6527 4
6528 3
6529 4
6530 3
6531 4
6532 3
6533 4
6534 3
6535 4
6536 3
6537 4
6538 3
6539 4
6540 3
6541 4
6542 3
6543 4
6544 3
6545 4
6546 3
6547 4
6548 3
6549 4
6550 3
6551 4
6552 3
6553 4
6554 3
6555 4
6556 3
6557 4
6558 3
6559 4
6560 3
6561 4
6562 3
6563 4
6564 3
6565 4
6566 3
6567 4
6568 3
6569 4
6570 3
6571 4
6572 3
6573 4
6574 3
6575 4
6576 3
6577 4
6578 3
6579 4
6580 3
6581 4
6582 3
6583 4
6584 3
6585 4
6586 3
6587 4
6588 3
6589 4
6590 3
6591 4
6592 3
6593 4
6594 3
6595 4
6596 3
6597 4
6598 3
6599 4
6600 3
6601 4
6602 3
6603 4
6604 3
6605 4
6606 3
6607 4
6608 3
6609 4
6610 3
6611 4
6612 3
6613 4
6614 3
6615 4
6616 3
6617 4
6618 3
6619 4
6620 3
6621 4
6622 3
6623 4
6624 3
6625 4
6626 3
6627 4
6628 3
6629 4
6630 3
6631 4
6632 3
6633 4
6634 3
6635 4
6636 3
6637 4
6638 3
6639 4
6640 3
6641 4
6642 3
6643 4
6644 3
6645 4
6646 3
6647 4
6648 3
6649 4
6650 3
6651 4
6652 3
6653 4
6654 3
6655 4
6656 3
6657 4
6658 3
6659 4
6660 3
6661 4
6662 3
6663 4
6664 3
6665 4
6666 3
6667 4
6668 3
6669 4
6670 3
6671 4
6672 3
6673 4
6674 3
6675 4
6676 3
6677 4
6678 3
6679 4
6680 3
6681 4
6682 3
6683 4
6684 3
6685 4
6686 3
6687 4
6688 3
6689 4
6690 3
6691 4
6692 3
6693 4
6694 3
6695 4
6696 3
6697 4
6698 3
6699 4
6700 3
6701 4
6702 3
6703 4
6704 3
6705 4
6706 3
6707 4
6708 3
6709 4
6710 3
6711 4
6712 3
6713 4
6714 3
6715 4
6716 3
6717 4
6718 3
6719 4
6720 3
6721 4
6722 3
6723 4
6724 3
6725 4
6726 3
6727 4
6728 3
6729 4
6730 3
6731 4
6732 3
6733 4
6734 3
6735 4
6736 3
6737 4
6738 3
6739 4
6740 3
6741 4
6742 3
6743 4
6744 3
6745 4
6746 3
6747 4
6748 3
6749 4
6750 3
6751 4
6752 3
6753 4
6754 3
6755 4
6756 3
6757 4
6758 3
6759 4
6760 3
6761 4
6762 3
6763 4
6764 3
6765 4
6766 3
6767 4
6768 3
6769 4
6770 3
6771 4
6772 3
6773 4
6774 3
6775 4
6776 3
6777 4
6778 3
6779 4
6780 3
6781 4
6782 3
6783 4
6784 3
6785 4
6786 3
6787 4
6788 3
6789 4
6790 3
6791 4
6792 3
6793 4
6794 3
6795 4
6796 3
6797 4
6798 3
6799 4
6800 3
6801 4
6802 3
6803 4
6804 3
6805 4
6806 3
6807 4
6808 3
6809 4
6810 3
6811 4
6812 3
6813 4
6814 3
6815 4
6816 3
6817 4
6818 3
6819 4
6820 3
6821 4
6822 3
6823 4
6824 3
6825 4
6826 3
6827 4
6828 3
6829 4
6830 3
6831 4
6832 3
6833 4
6834 3
6835 4
6836 3
6837 4
6838 3
6839 4
6840 3
6841 4
6842 3
6843 4
6844 3
6845 4
6846 3
6847 4
6848 3
6849 4
6850 3
6851 4
6852 3
6853 4
6854 3
6855 4
6856 3
6857 4
6858 3
6859 4
6860 3
6861 4
6862 3
6863 4
6864 3
6865 4
6866 3
6867 4
6868 3
6869 4
6870 3
6871 4
6872 3
6873 4
6874 3
6875 4
6876 3
6877 4
6878 3
6879 4
6880 3
6881 4
6882 3
6883 4
6884 3
6885 4
6886 3
6887 4
6888 3
6889 4
6890 3
6891 4
6892 3
6893 4
6894 3
6895 4
6896 3
6897 4
6898 3
6899 4
6900 3
6901 4
6902 3
6903 4
6904 3
6905 4
6906 3
6907 4
6908 3
6909 4
6910 3
6911 4
6912 3
6913 4
6914 3
6915 4
6916 3
6917 4
6918 3
6919 4
6920 3
6921 4
6922 3
6923 4
6924 3
6925 4
6926 3
6927 4
6928 3
6929 4
6930 3
6931 4
6932 3
6933 4
6934 3
6935 4
6936 3
6937 4
6938 3
6939 4
6940 3
6941 4
6942 3
6943 4
6944 3
6945 4
6946 3
6947 4
6948 3
6949 4
6950 3
6951 4
6952 3
6953 4
6954 3
6955 4
6956 3
6957 4
6958 3
6959 4
6960 3
6961 4
6962 3
6963 4
6964 3
6965 4
6966 3
6967 4
6968 3
6969 4
6970 3
6971 4
6972 3
6973 4
6974 3
6975 4
6976 3
6977 4
6978 3
6979 4
6980 3
6981 4
6982 3
6983 4
6984 3
6985 4
6986 3
6987 4
6988 3
6989 4
6990 3
6991 4
6992 3
6993 4
6994 3
6995 4
6996 3
6997 4
6998 3
6999 4
7000 3
7001 4
7002 3
7003 4
7004 3
7005 4
7006 3
7007 4
7008 3
7009 4
7010 3
7011 4
7012 3
7013 4
7014 3
7015 4
7016 3
7017 4
7018 3
7019 4
7020 3
7021 4
7022 3
7023 4
7024 3
7025 4
7026 3
7027 4
7028 3
7029 4
7030 3
7031 4
7032 3
7033 4
7034 3
7035 4
7036 3
7037 4
7038 3
7039 4
7040 3
7041 4
7042 3
7043 4
7044 3
7045 4
7046 3
7047 4
7048 3
7049 4
7050 3
7051 4
7052 3
7053 4
7054 3
7055 4
7056 3
7057 4
7058 3
7059 4
7060 3
7061 4
7062 3
7063 4
7064 3
7065 4
7066 3
7067 4
7068 3
7069 4
7070 3
7071 4
7072 3
7073 4
7074 3
7075 4
7076 3
7077 4
7078 3
7079 4
7080 3
7081 4
7082 3
7083 4
7084 3
7085 4
7086 3
7087 4
7088 3
7089 4
7090 3
7091 4
7092 3
7093 4
7094 3
7095 4
7096 3
7097 4
7098 3
7099 4
7100 3
7101 4
7102 3
7103 4
7104 3
7105 4
7106 3
7107 4
7108 3
7109 4
7110 3
7111 4
7112 3
7113 4
7114 3
7115 4
7116 3
7117 4
7118 3
7119 4
7120 3
7121 4
7122 3
7123 4
7124 3
7125 4
7126 3
7127 4
7128 3
7129 4
7130 3
7131 4
7132 3
7133 4
7134 3
7135 4
7136 3
7137 4
7138 3
7139 4
7140 3
7141 4
7142 3
7143 4
7144 3
7145 4
7146 3
7147 4
7148 3
7149 4
7150 3
7151 4
7152 3
7153 4
7154 3
7155 4
7156 3
7157 4
7158 3
7159 4
7160 3
7161 4
7162 3
7163 4
7164 3
7165 4
7166 3
7167 4
7168 3
7169 4
7170 3
7171 4
7172 3
7173 4
7174 3
7175 4
7176 3
7177 4
7178 3
7179 4
7180 3
7181 4
7182 3
7183 4
7184 3
7185 4
7186 3
7187 4
7188 3
7189 4
7190 3
7191 4
7192 3
7193 4
7194 3
7195 4
7196 3
7197 4
7198 3
7199 4
7200 3
7201 4
7202 3
7203 4
7204 3
7205 4
7206 3
7207 4
7208 3
7209 4
7210 3
7211 4
7212 3
7213 4
7214 3
7215 4
7216 3
7217 4
7218 3
7219 4
7220 3
7221 4
7222 3
7223 4
7224 3
7225 4
7226 3
7227 4
7228 3
7229 4
7230 3
7231 4
7232 3
7233 4
7234 3
7235 4
7236 3
7237 4
7238 3
7239 4
7240 3
7241 4
7242 3
7243 4
7244 3
7245 4
7246 3
7247 4
7248 3
7249 4
7250 3
7251 4
7252 3
7253 4
7254 3
7255 4
7256 3
7257 4
7258 3
7259 4
7260 3
7261 4
7262 3
7263 4
7264 3
7265 4
7266 3
7267 4
7268 3
7269 4
7270 3
7271 4
7272 3
7273 4
7274 3
7275 4
7276 3
7277 4
7278 3
7279 4
7280 3
7281 4
7282 3
7283 4
7284 3
7285 4
7286 3
7287 4
7288 3
7289 4
7290 3
7291 4
7292 3
7293 4
7294 3
7295 4
7296 3
7297 4
7298 3
7299 4
7300 3
7301 4
7302 3
7303 4
7304 3
7305 4
7306 3
7307 4
7308 3
7309 4
7310 3
7311 4
7312 3
7313 4
7314 3
7315 4
7316 3
7317 4
7318 3
7319 4
7320 3
7321 4
7322 3
7323 4
7324 3
7325 4
7326 3
7327 4
7328 3
7329 4
7330 3
7331 4
7332 3
7333 4
7334 3
7335 4
7336 3
7337 4
7338 3
7339 4
7340 3
7341 4
7342 3
7343 4
7344 3
7345 4
7346 3
7347 4
7348 3
7349 4
7350 3
7351 4
7352 3
7353 4
7354 3
7355 4
7356 3
7357 4
7358 3
7359 4
7360 3
7361 4
7362 3
7363 4
7364 3
7365 4
7366 3
7367 4
7368 3
7369 4
7370 3
7371 4
7372 3
7373 4
7374 3
7375 4
7376 3
7377 4
7378 3
7379 4
7380 3
7381 4
7382 3
7383 4
7384 3
7385 4
7386 3
7387 4
7388 3
7389 4
7390 3
7391 4
7392 3
7393 4
7394 3
7395 4
7396 3
7397 4
7398 3
7399 4
7400 3
7401 4
7402 3
7403 4
7404 3
7405 4
7406 3
7407 4
7408 3
7409 4
7410 3
7411 4
7412 3
7413 4
7414 3
7415 4
7416 3
7417 4
7418 3
7419 4
7420 3
7421 4
7422 3
7423 4
7424 3
7425 4
7426 3
7427 4
7428 3
7429 4
7430 3
7431 4
7432 3
7433 4
7434 3
7435 4
7436 3
7437 4
7438 3
7439 4
7440 3
7441 4
7442 3
7443 4
7444 3
7445 4
7446 3
7447 4
7448 3
7449 4
7450 3
7451 4
7452 3
7453 4
7454 3
7455 4
7456 3
7457 4
7458 3
7459 4
7460 3
7461 4
7462 3
7463 4
7464 3
7465 4
7466 3
7467 4
7468 3
7469 4
7470 3
7471 4
7472 3
7473 4
7474 3
7475 4
7476 3
7477 4
7478 3
7479 4
7480 3
7481 4
7482 3
7483 4
7484 3
7485 4
7486 3
7487 4
7488 3
7489 4
7490 3
7491 4
7492 3
7493 4
7494 3
7495 4
7496 3
7497 4
7498 3
7499 4
7500 3
7501 4
7502 3
7503 4
7504 3
7505 4
7506 3
7507 4
7508 3
7509 4
7510 3
7511 4
7512 3
7513 4
7514 3
7515 4
7516 3
7517 4
7518 3
7519 4
7520 3
7521 4
7522 3
7523 4
7524 3
7525 4
7526 3
7527 4
7528 3
7529 4
7530 3
7531 4
7532 3
7533 4
7534 3
7535 4
7536 3
7537 4
7538 3
7539 4
7540 3
7541 4
7542 3
7543 4
7544 3
7545 4
7546 3
7547 4
7548 3
7549 4
7550 3
7551 4
7552 3
7553 4
7554 3
7555 4
7556 3
7557 4
7558 3
7559 4
7560 3
7561 4
7562 3
7563 4
7564 3
7565 4
7566 3
7567 4
7568 3
7569 4
7570 3
7571 4
7572 3
7573 4
7574 3
7575 4
7576 3
7577 4
7578 3
7579 4
7580 3
7581 4
7582 3
7583 4
7584 3
7585 4
7586 3
7587 4
7588 3
7589 4
7590 3
7591 4
7592 3
7593 4
7594 3
7595 4
7596 3
7597 4
7598 3
7599 4
7600 3
7601 4
7602 3
7603 4
7604 3
7605 4
7606 3
7607 4
7608 3
7609 4
7610 3
7611 4
7612 3
7613 4
7614 3
7615 4
7616 3
7617 4
7618 3
7619 4
7620 3
7621 4
7622 3
7623 4
7624 3
7625 4
7626 3
7627 4
7628 3
7629 4
7630 3
7631 4
7632 3
7633 4
7634 3
7635 4
7636 3
7637 4
7638 3
7639 4
7640 3
7641 4
7642 3
7643 4
7644 3
7645 4
7646 3
7647 4
7648 3
7649 4
7650 3
7651 4
7652 3
7653 4
7654 3
7655 4
7656 3
7657 4
7658 3
7659 4
7660 3
7661 4
7662 3
7663 4
7664 3
7665 4
7666 3
7667 4
7668 3
7669 4
7670 3
7671 4
7672 3
7673 4
7674 3
7675 4
7676 3
7677 4
7678 3
7679 4
7680 3
7681 4
7682 3
7683 4
7684 3
7685 4
7686 3
7687 4
7688 3
7689 4
7690 3
7691 4
7692 3
7693 4
7694 3
7695 4
7696 3
7697 4
7698 3
7699 4
7700 3
7701 4
7702 3
7703 4
7704 3
7705 4
7706 3
7707 4
7708 3
7709 4
7710 3
7711 4
7712 3
7713 4
7714 3
7715 4
7716 3
7717 4
7718 3
7719 4
7720 3
7721 4
7722 3
7723 4
7724 3
7725 4
7726 3
7727 4
7728 3
7729 4
7730 3
7731 4
7732 3
7733 4
7734 3
7735 4
7736 3
7737 4
7738 3
7739 4
7740 3
7741 4
7742 3
7743 4
7744 3
7745 4
7746 3
7747 4
7748 3
7749 4
7750 3
7751 4
7752 3
7753 4
7754 3
7755 4
7756 3
7757 4
7758 3
7759 4
7760 3
7761 4
7762 3
7763 4
7764 3
7765 4
7766 3
7767 4
7768 3
7769 4
7770 3
7771 4
7772 3
7773 4
7774 3
7775 4
7776 3
7777 4
7778 3
7779 4
7780 3
7781 4
7782 3
7783 4
7784 3
7785 4
7786 3
7787 4
7788 3
7789 4
7790 3
7791 4
7792 3
7793 4
7794 3
7795 4
7796 3
7797 4
7798 3
7799 4
7800 3
7801 4
7802 3
7803 4
7804 3
7805 4
7806 3
7807 4
7808 3
7809 4
7810 3
7811 4
7812 3
7813 4
7814 3
7815 4
7816 3
7817 4
7818 3
7819 4
7820 3
7821 4
7822 3
7823 4
7824 3
7825 4
7826 3
7827 4
7828 3
7829 4
7830 3
7831 4
7832 3
7833 4
7834 3
7835 4
7836 3
7837 4
7838 3
7839 4
7840 3
7841 4
7842 3
7843 4
7844 3
7845 4
7846 3
7847 4
7848 3
7849 4
7850 3
7851 4
7852 3
7853 4
7854 3
7855 4
7856 3
7857 4
7858 3
7859 4
7860 3
7861 4
7862 3
7863 4
7864 3
7865 4
7866 3
7867 4
7868 3
7869 4
7870 3
7871 4
7872 3
7873 4
7874 3
7875 4
7876 3
7877 4
7878 3
7879 4
7880 3
7881 4
7882 3
7883 4
7884 3
7885 4
7886 3
7887 4
7888 3
7889 4
7890 3
7891 4
7892 3
7893 4
7894 3
7895 4
7896 3
7897 4
7898 3
7899 4
7900 3
7901 4
7902 3
7903 4
7904 3
7905 4
7906 3
7907 4
7908 3
7909 4
7910 3
7911 4
7912 3
7913 4
7914 3
7915 4
7916 3
7917 4
7918 3
7919 4
7920 3
7921 4
7922 3
7923 4
7924 3
7925 4
7926 3
7927 4
7928 3
7929 4
7930 3
7931 4
7932 3
7933 4
7934 3
7935 4
7936 3
7937 4
7938 3
7939 4
7940 3
7941 4
7942 3
7943 4
7944 3
7945 4
7946 3
7947 4
7948 3
7949 4
7950 3
7951 4
7952 3
7953 4
7954 3
7955 4
7956 3
7957 4
7958 3
7959 4
7960 3
7961 4
7962 3
7963 4
7964 3
7965 4
7966 3
7967 4
7968 3
7969 4
7970 3
7971 4
7972 3
7973 4
7974 3
7975 4
7976 3
7977 4
7978 3
7979 4
7980 3
7981 4
7982 3
7983 4
7984 3
7985 4
7986 3
7987 4
7988 3
7989 4
7990 3
7991 4
7992 3
7993 4
7994 3
7995 4
7996 3
7997 4
7998 3
7999 4
8000 3
8001 4
8002 3
8003 4
8004 3
8005 4
8006 3
8007 4
8008 3
8009 4
8010 3
8011 4
8012 3
8013 4
8014 3
8015 4
8016 3
8017 4
8018 3
8019 4
8020 3
8021 4
8022 3
8023 4
8024 3
8025 4
8026 3
8027 4
8028 3
8029 4
8030 3
8031 4
8032 3
8033 4
8034 3
8035 4
8036 3
8037 4
8038 3
8039 4
8040 3
8041 4
8042 3
8043 4
8044 3
8045 4
8046 3
8047 4
8048 3
8049 4
8050 3
8051 4
8052 3
8053 4
8054 3
8055 4
8056 3
8057 4
8058 3
8059 4
8060 3
8061 4
8062 3
8063 4
8064 3
8065 4
8066 3
8067 4
8068 3
8069 4
8070 3
8071 4
8072 3
8073 4
8074 3
8075 4
8076 3
8077 4
8078 3
8079 4
8080 3
8081 4
8082 3
8083 4
8084 3
8085 4
8086 3
8087 4
8088 3
8089 4
8090 3
8091 4
8092 3
8093 4
8094 3
8095 4
8096 3
8097 4
8098 3
8099 4
8100 3
8101 4
8102 3
8103 4
8104 3
8105 4
8106 3
8107 4
8108 3
8109 4
8110 3
8111 4
8112 3
8113 4
8114 3
8115 4
8116 3
8117 4
8118 3
8119 4
8120 3
8121 4
8122 3
8123 4
8124 3
8125 4
8126 3
8127 4
8128 3
8129 4
8130 3
8131 4
8132 3
8133 4
8134 3
8135 4
8136 3
8137 4
8138 3
8139 4
8140 3
8141 4
8142 3
8143 4
8144 3
8145 4
8146 3
8147 4
8148 3
8149 4
8150 3
8151 4
8152 3
8153 4
8154 3
8155 4
8156 3
8157 4
8158 3
8159 4
8160 3
8161 4
8162 3
8163 4
8164 3
8165 4
8166 3
8167 4
8168 3
8169 4
8170 3
8171 4
8172 3
8173 4
8174 3
8175 4
8176 3
8177 4
8178 3
8179 4
8180 3
8181 4
8182 3
8183 4
8184 3
8185 4
8186 3
8187 4
8188 3
8189 4
8190 3
8191 4
8192 3
8193 4
8194 3
8195 4
8196 3
8197 4
8198 3
8199 4
8200 3
8201 4
8202 3
8203 4
8204 3
8205 4
8206 3
8207 4
8208 3
8209 4
8210 3
8211 4
8212 3
8213 4
8214 3
8215 4
8216 3
8217 4
8218 3
8219 4
8220 3
8221 4
8222 3
8223 4
8224 3
8225 4
8226 3
8227 4
8228 3
8229 4
8230 3
8231 4
8232 3
8233 4
8234 3
8235 4
8236 3
8237 4
8238 3
8239 4
8240 3
8241 4
8242 3
8243 4
8244 3
8245 4
8246 3
8247 4
8248 3
8249 4
8250 3
8251 4
8252 3
8253 4
8254 3
8255 4
8256 3
8257 4
8258 3
8259 4
8260 3
8261 4
8262 3
8263 4
8264 3
8265 4
8266 3
8267 4
8268 3
8269 4
8270 3
8271 4
8272 3
8273 4
8274 3
8275 4
8276 3
8277 4
8278 3
8279 4
8280 3
8281 4
8282 3
8283 4
8284 3
8285 4
8286 3
8287 4
8288 3
8289 4
8290 3
8291 4
8292 3
8293 4
8294 3
8295 4
8296 3
8297 4
8298 3
8299 4
8300 3
8301 4
8302 3
8303 4
8304 3
8305 4
8306 3
8307 4
8308 3
8309 4
8310 3
8311 4
8312 3
8313 4
8314 3
8315 4
8316 3
8317 4
8318 3
8319 4
8320 3
8321 4
8322 3
8323 4
8324 3
8325 4
8326 3
8327 4
8328 3
8329 4
8330 3
8331 4
8332 3
8333 4
8334 3
8335 4
8336 3
8337 4
8338 3
8339 4
8340 3
8341 4
8342 3
8343 4
8344 3
8345 4
8346 3
8347 4
8348 3
8349 4
8350 3
8351 4
8352 3
8353 4
8354 3
8355 4
8356 3
8357 4
8358 3
8359 4
8360 3
8361 4
8362 3
8363 4
8364 3
8365 4
8366 3
8367 4
8368 3
8369 4
8370 3
8371 4
8372 3
8373 4
8374 3
8375 4
8376 3
8377 4
8378 3
8379 4
8380 3
8381 4
8382 3
8383 4
8384 3
8385 4
8386 3
8387 4
8388 3
8389 4
8390 3
8391 4
8392 3
8393 4
8394 3
8395 4
8396 3
8397 4
8398 3
8399 4
8400 3
8401 4
8402 3
8403 4
8404 3
8405 4
8406 3
8407 4
8408 3
8409 4
8410 3
8411 4
8412 3
8413 4
8414 3
8415 4
8416 3
8417 4
8418 3
8419 4
8420 3
8421 4
8422 3
8423 4
8424 3
8425 4
8426 3
8427 4
8428 3
8429 4
8430 3
8431 4
8432 3
8433 4
8434 3
8435 4
8436 3
8437 4
8438 3
8439 4
8440 3
8441 4
8442 3
8443 4
8444 3
8445 4
8446 3
8447 4
8448 3
8449 4
8450 3
8451 4
8452 3
8453 4
8454 3
8455 4
8456 3
8457 4
8458 3
8459 4
8460 3
8461 4
8462 3
8463 4
8464 3
8465 4
8466 3
8467 4
8468 3
8469 4
8470 3
8471 4
8472 3
8473 4
8474 3
8475 4
8476 3
8477 4
8478 3
8479 4
8480 3
8481 4
8482 3
8483 4
8484 3
8485 4
8486 3
8487 4
8488 3
8489 4
8490 3
8491 4
8492 3
8493 4
8494 3
8495 4
8496 3
8497 4
8498 3
8499 4
8500 3
8501 4
8502 3
8503 4
8504 3
8505 4
8506 3
8507 4
8508 3
8509 4
8510 3
8511 4
8512 3
8513 4
8514 3
8515 4
8516 3
8517 4
8518 3
8519 4
8520 3
8521 4
8522 3
8523 4
8524 3
8525 4
8526 3
8527 4
8528 3
8529 4
8530 3
8531 4
8532 3
8533 4
8534 3
8535 4
8536 3
8537 4
8538 3
8539 4
8540 3
8541 4
8542 3
8543 4
8544 3
8545 4
8546 3
8547 4
8548 3
8549 4
8550 3
8551 4
8552 3
8553 4
8554 3
8555 4
8556 3
8557 4
8558 3
8559 4
8560 3
8561 4
8562 3
8563 4
8564 3
8565 4
8566 3
8567 4
8568 3
8569 4
8570 3
8571 4
8572 3
8573 4
8574 3
8575 4
8576 3
8577 4
8578 3
8579 4
8580 3
8581 4
8582 3
8583 4
8584 3
8585 4
8586 3
8587 4
8588 3
8589 4
8590 3
8591 4
8592 3
8593 4
8594 3
8595 4
8596 3
8597 4
8598 3
8599 4
8600 3
8601 4
8602 3
8603 4
8604 3
8605 4
8606 3
8607 4
8608 3
8609 4
8610 3
8611 4
8612 3
8613 4
8614 3
8615 4
8616 3
8617 4
8618 3
8619 4
8620 3
8621 4
8622 3
8623 4
8624 3
8625 4
8626 3
8627 4
8628 3
8629 4
8630 3
8631 4
8632 3
8633 4
8634 3
8635 4
8636 3
8637 4
8638 3
8639 4
8640 3
8641 4
8642 3
8643 4
8644 3
8645 4
8646 3
8647 4
8648 3
8649 4
8650 3
8651 4
8652 3
8653 4
8654 3
8655 4
8656 3
8657 4
8658 3
8659 4
8660 3
8661 4
8662 3
8663 4
8664 3
8665 4
8666 3
8667 4
8668 3
8669 4
8670 3
8671 4
8672 3
8673 4
8674 3
8675 4
8676 3
8677 4
8678 3
8679 4
8680 3
8681 4
8682 3
8683 4
8684 3
8685 4
8686 3
8687 4
8688 3
8689 4
8690 3
8691 4
8692 3
8693 4
8694 3
8695 4
8696 3
8697 4
8698 3
8699 4
8700 3
8701 4
8702 3
8703 4
8704 3
8705 4
8706 3
8707 4
8708 3
8709 4
8710 3
8711 4
8712 3
8713 4
8714 3
8715 4
8716 3
8717 4
8718 3
8719 4
8720 3
8721 4
8722 3
8723 4
8724 3
8725 4
8726 3
8727 4
8728 3
8729 4
8730 3
8731 4
8732 3
8733 4
8734 3
8735 4
8736 3
8737 4
8738 3
8739 4
8740 3
8741 4
8742 3
8743 4
8744 3
8745 4
8746 3
8747 4
8748 3
8749 4
8750 3
8751 4
8752 3
8753 4
8754 3
8755 4
8756 3
8757 4
8758 3
8759 4
8760 3
8761 4
8762 3
8763 4
8764 3
8765 4
8766 3
8767 4
8768 3
8769 4
8770 3
8771 4
8772 3
8773 4
8774 3
8775 4
8776 3
8777 4
8778 3
8779 4
8780 3
8781 4
8782 3
8783 4
8784 3
8785 4
8786 3
8787 4
8788 3
8789 4
8790 3
8791 4
8792 3
8793 4
8794 3
8795 4
8796 3
8797 4
8798 3
8799 4
8800 3
8801 4
8802 3
8803 4
8804 3
8805 4
8806 3
8807 4
8808 3
8809 4
8810 3
8811 4
8812 3
8813 4
8814 3
8815 4
8816 3
8817 4
8818 3
8819 4
8820 3
8821 4
8822 3
8823 4
8824 3
8825 4
8826 3
8827 4
8828 3
8829 4
8830 3
8831 4
8832 3
8833 4
8834 3
8835 4
8836 3
8837 4
8838 3
8839 4
8840 3
8841 4
8842 3
8843 4
8844 3
8845 4
8846 3
8847 4
8848 3
8849 4
8850 3
8851 4
8852 3
8853 4
8854 3
8855 4
8856 3
8857 4
8858 3
8859 4
8860 3
8861 4
8862 3
8863 4
8864 3
8865 4
8866 3
8867 4
8868 3
8869 4
8870 3
8871 4
8872 3
8873 4
8874 3
8875 4
8876 3
8877 4
8878 3
8879 4
8880 3
8881 4
8882 3
8883 4
8884 3
8885 4
8886 3
8887 4
8888 3
8889 4
8890 3
8891 4
8892 3
8893 4
8894 3
8895 4
8896 3
8897 4
8898 3
8899 4
8900 3
8901 4
8902 3
8903 4
8904 3
8905 4
8906 3
8907 4
8908 3
8909 4
8910 3
8911 4
8912 3
8913 4
8914 3
8915 4
8916 3
8917 4
8918 3
8919 4
8920 3
8921 4
8922 3
8923 4
8924 3
8925 4
8926 3
8927 4
8928 3
8929 4
8930 3
8931 4
8932 3
8933 4
8934 3
8935 4
8936 3
8937 4
8938 3
8939 4
8940 3
8941 4
8942 3
8943 4
8944 3
8945 4
8946 3
8947 4
8948 3
8949 4
8950 3
8951 4
8952 3
8953 4
8954 3
8955 4
8956 3
8957 4
8958 3
8959 4
8960 3
8961 4
8962 3
8963 4
8964 3
8965 4
8966 3
8967 4
8968 3
8969 4
8970 3
8971 4
8972 3
8973 4
8974 3
8975 4
8976 3
8977 4
8978 3
8979 4
8980 3
8981 4
8982 3
8983 4
8984 3
8985 4
8986 3
8987 4
8988 3
8989 4
8990 3
8991 4
8992 3
8993 4
8994 3
8995 4
8996 3
8997 4
8998 3
8999 4
9000 3
9001 4
9002 3
9003 4
9004 3
9005 4
9006 3
9007 4
9008 3
9009 4
9010 3
9011 4
9012 3
9013 4
9014 3
9015 4
9016 3
9017 4
9018 3
9019 4
9020 3
9021 4
9022 3
9023 4
9024 3
9025 4
9026 3
9027 4
9028 3
9029 4
9030 3
9031 4
9032 3
9033 4
9034 3
9035 4
9036 3
9037 4
9038 3
9039 4
9040 3
9041 4
9042 3
9043 4
9044 3
9045 4
9046 3
9047 4
9048 3
9049 4
9050 3
9051 4
9052 3
9053 4
9054 3
9055 4
9056 3
9057 4
9058 3
9059 4
9060 3
9061 4
9062 3
9063 4
9064 3
9065 4
9066 3
9067 4
9068 3
9069 4
9070 3
9071 4
9072 3
9073 4
9074 3
9075 4
9076 3
9077 4
9078 3
9079 4
9080 3
9081 4
9082 3
9083 4
9084 3
9085 4
9086 3
9087 4
9088 3
9089 4
9090 3
9091 4
9092 3
9093 4
9094 3
9095 4
9096 3
9097 4
9098 3
9099 4
9100 3
9101 4
9102 3
9103 4
9104 3
9105 4
9106 3
9107 4
9108 3
9109 4
9110 3
9111 4
9112 3
9113 4
9114 3
9115 4
9116 3
9117 4
9118 3
9119 4
9120 3
9121 4
9122 3
9123 4
9124 3
9125 4
9126 3
9127 4
9128 3
9129 4
9130 3
9131 4
9132 3
9133 4
9134 3
9135 4
9136 3
9137 4
9138 3
9139 4
9140 3
9141 4
9142 3
9143 4
9144 3
9145 4
9146 3
9147 4
9148 3
9149 4
9150 3
9151 4
9152 3
9153 4
9154 3
9155 4
9156 3
9157 4
9158 3
9159 4
9160 3
9161 4
9162 3
9163 4
9164 3
9165 4
9166 3
9167 4
9168 3
9169 4
9170 3
9171 4
9172 3
9173 4
9174 3
9175 4
9176 3
9177 4
9178 3
9179 4
9180 3
9181 4
9182 3
9183 4
9184 3
9185 4
9186 3
9187 4
9188 3
9189 4
9190 3
9191 4
9192 3
9193 4
9194 3
9195 4
9196 3
9197 4
9198 3
9199 4
9200 3
9201 4
9202 3
9203 4
9204 3
9205 4
9206 3
9207 4
9208 3
9209 4
9210 3
9211 4
9212 3
9213 4
9214 3
9215 4
9216 3
9217 4
9218 3
9219 4
9220 3
9221 4
9222 3
9223 4
9224 3
9225 4
9226 3
9227 4
9228 3
9229 4
9230 3
9231 4
9232 3
9233 4
9234 3
9235 4
9236 3
9237 4
9238 3
9239 4
9240 3
9241 4
9242 3
9243 4
9244 3
9245 4
9246 3
9247 4
9248 3
9249 4
9250 3
9251 4
9252 3
9253 4
9254 3
9255 4
9256 3
9257 4
9258 3
9259 4
9260 3
9261 4
9262 3
9263 4
9264 3
9265 4
9266 3
9267 4
9268 3
9269 4
9270 3
9271 4
9272 3
9273 4
9274 3
9275 4
9276 3
9277 4
9278 3
9279 4
9280 3
9281 4
9282 3
9283 4
9284 3
9285 4
9286 3
9287 4
9288 3
9289 4
9290 3
9291 4
9292 3
9293 4
9294 3
9295 4
9296 3
9297 4
9298 3
9299 4
9300 3
9301 4
9302 3
9303 4
9304 3
9305 4
9306 3
9307 4
9308 3
9309 4
9310 3
9311 4
9312 3
9313 4
9314 3
9315 4
9316 3
9317 4
9318 3
9319 4
9320 3
9321 4
9322 3
9323 4
9324 3
9325 4
9326 3
9327 4
9328 3
9329 4
9330 3
9331 4
9332 3
9333 4
9334 3
9335 4
9336 3
9337 4
9338 3
9339 4
9340 3
9341 4
9342 3
9343 4
9344 3
9345 4
9346 3
9347 4
9348 3
9349 4
9350 3
9351 4
9352 3
9353 4
9354 3
9355 4
9356 3
9357 4
9358 3
9359 4
9360 3
9361 4
9362 3
9363 4
9364 3
9365 4
9366 3
9367 4
9368 3
9369 4
9370 3
9371 4
9372 3
9373 4
9374 3
9375 4
9376 3
9377 4
9378 3
9379 4
9380 3
9381 4
9382 3
9383 4
9384 3
9385 4
9386 3
9387 4
9388 3
9389 4
9390 3
9391 4
9392 3
9393 4
9394 3
9395 4
9396 3
9397 4
9398 3
9399 4
9400 3
9401 4
9402 3
9403 4
9404 3
9405 4
9406 3
9407 4
9408 3
9409 4
9410 3
9411 4
9412 3
9413 4
9414 3
9415 4
9416 3
9417 4
9418 3
9419 4
9420 3
9421 4
9422 3
9423 4
9424 3
9425 4
9426 3
9427 4
9428 3
9429 4
9430 3
9431 4
9432 3
9433 4
9434 3
9435 4
9436 3
9437 4
9438 3
9439 4
9440 3
9441 4
9442 3
9443 4
9444 3
9445 4
9446 3
9447 4
9448 3
9449 4
9450 3
9451 4
9452 3
9453 4
9454 3
9455 4
9456 3
9457 4
9458 3
9459 4
9460 3
9461 4
9462 3
9463 4
9464 3
9465 4
9466 3
9467 4
9468 3
9469 4
9470 3
9471 4
9472 3
9473 4
9474 3
9475 4
9476 3
9477 4
9478 3
9479 4
9480 3
9481 4
9482 3
9483 4
9484 3
9485 4
9486 3
9487 4
9488 3
9489 4
9490 3
9491 4
9492 3
9493 4
9494 3
9495 4
9496 3
9497 4
9498 3
9499 4
9500 3
9501 4
9502 3
9503 4
9504 3
9505 4
9506 3
9507 4
9508 3
9509 4
9510 3
9511 4
9512 3
9513 4
9514 3
9515 4
9516 3
9517 4
9518 3
9519 4
9520 3
9521 4
9522 3
9523 4
9524 3
9525 4
9526 3
9527 4
9528 3
9529 4
9530 3
9531 4
9532 3
9533 4
9534 3
9535 4
9536 3
9537 4
9538 3
9539 4
9540 3
9541 4
9542 3
9543 4
9544 3
9545 4
9546 3
9547 4
9548 3
9549 4
9550 3
9551 4
9552 3
9553 4
9554 3
9555 4
9556 3
9557 4
9558 3
9559 4
9560 3
9561 4
9562 3
9563 4
9564 3
9565 4
9566 3
9567 4
9568 3
9569 4
9570 3
9571 4
9572 3
9573 4
9574 3
9575 4
9576 3
9577 4
9578 3
9579 4
9580 3
9581 4
9582 3
9583 4
9584 3
9585 4
9586 3
9587 4
9588 3
9589 4
9590 3
9591 4
9592 3
9593 4
9594 3
9595 4
9596 3
9597 4
9598 3
9599 4
9600 3
9601 4
9602 3
9603 4
9604 3
9605 4
9606 3
9607 4
9608 3
9609 4
9610 3
9611 4
9612 3
9613 4
9614 3
9615 4
9616 3
9617 4
9618 3
9619 4
9620 3
9621 4
9622 3
9623 4
9624 3
9625 4
9626 3
9627 4
9628 3
9629 4
9630 3
9631 4
9632 3
9633 4
9634 3
9635 4
9636 3
9637 4
9638 3
9639 4
9640 3
9641 4
9642 3
9643 4
9644 3
9645 4
9646 3
9647 4
9648 3
9649 4
9650 3
9651 4
9652 3
9653 4
9654 3
9655 4
9656 3
9657 4
9658 3
9659 4
9660 3
9661 4
9662 3
9663 4
9664 3
9665 4
9666 3
9667 4
9668 3
9669 4
9670 3
9671 4
9672 3
9673 4
9674 3
9675 4
9676 3
9677 4
9678 3
9679 4
9680 3
9681 4
9682 3
9683 4
9684 3
9685 4
9686 3
9687 4
9688 3
9689 4
9690 3
9691 4
9692 3
9693 4
9694 3
9695 4
9696 3
9697 4
9698 3
9699 4
9700 3
9701 4
9702 3
9703 4
9704 3
9705 4
9706 3
9707 4
9708 3
9709 4
9710 3
9711 4
9712 3
9713 4
9714 3
9715 4
9716 3
9717 4
9718 3
9719 4
9720 3
9721 4
9722 3
9723 4
9724 3
9725 4
9726 3
9727 4
9728 3
9729 4
9730 3
9731 4
9732 3
9733 4
9734 3
9735 4
9736 3
9737 4
9738 3
9739 4
9740 3
9741 4
9742 3
9743 4
9744 3
9745 4
9746 3
9747 4
9748 3
9749 4
9750 3
9751 4
9752 3
9753 4
9754 3
9755 4
9756 3
9757 4
9758 3
9759 4
9760 3
9761 4
9762 3
9763 4
9764 3
9765 4
9766 3
9767 4
9768 3
9769 4
9770 3
9771 4
9772 3
9773 4
9774 3
9775 4
9776 3
9777 4
9778 3
9779 4
9780 3
9781 4
9782 3
9783 4
9784 3
9785 4
9786 3
9787 4
9788 3
9789 4
9790 3
9791 4
9792 3
9793 4
9794 3
9795 4
9796 3
9797 4
9798 3
9799 4
9800 3
9801 4
9802 3
9803 4
9804 3
9805 4
9806 3
9807 4
9808 3
9809 4
9810 3
9811 4
9812 3
9813 4
9814 3
9815 4
9816 3
9817 4
9818 3
9819 4
9820 3
9821 4
9822 3
9823 4
9824 3
9825 4
9826 3
9827 4
9828 3
9829 4
9830 3
9831 4
9832 3
9833 4
9834 3
9835 4
9836 3
9837 4
9838 3
9839 4
9840 3
9841 4
9842 3
9843 4
9844 3
9845 4
9846 3
9847 4
9848 3
9849 4
9850 3
9851 4
9852 3
9853 4
9854 3
9855 4
9856 3
9857 4
9858 3
9859 4
9860 3
9861 4
9862 3
9863 4
9864 3
9865 4
9866 3
9867 4
9868 3
9869 4
9870 3
9871 4
9872 3
9873 4
9874 3
9875 4
9876 3
9877 4
9878 3
9879 4
9880 3
9881 4
9882 3
9883 4
9884 3
9885 4
9886 3
9887 4
9888 3
9889 4
9890 3
9891 4
9892 3
9893 4
9894 3
9895 4
9896 3
9897 4
9898 3
9899 4
9900 3
9901 4
9902 3
9903 4
9904 3
9905 4
9906 3
9907 4
9908 3
9909 4
9910 3
9911 4
9912 3
9913 4
9914 3
9915 4
9916 3
9917 4
9918 3
9919 4
9920 3
9921 4
9922 3
9923 4
9924 3
9925 4
9926 3
9927 4
9928 3
9929 4
9930 3
9931 4
9932 3
9933 4
9934 3
9935 4
9936 3
9937 4
9938 3
9939 4
9940 3
9941 4
9942 3
9943 4
9944 3
9945 4
9946 3
9947 4
9948 3
9949 4
9950 3
9951 4
9952 3
9953 4
9954 3
9955 4
9956 3
9957 4
9958 3
9959 4
9960 3
9961 4
9962 3
9963 4
9964 3
9965 4
9966 3
9967 4
9968 3
9969 4
9970 3
9971 4
9972 3
9973 4
9974 3
9975 4
9976 3
9977 4
9978 3
9979 4
9980 3
9981 4
9982 3
9983 4
9984 3
9985 4
9986 3
9987 4
9988 3
9989 4
9990 3
9991 4
9992 3
9993 4
9994 3
9995 4
9996 3
9997 4
9998 3
9999 4
10000 3
10001 4
10002 3
10003 4
10004 3
10005 4
10006 3
10007 4
10008 3
10009 4
10010 3
10011 4
10012 3
10013 4
10014 3
10015 4
10016 3
10017 4
10018 3
10019 4
10020 3
10021 4
10022 3
10023 4
10024 3
10025 4
10026 3
10027 4
10028 3
10029 4
10030 3
10031 4
10032 3
10033 4
10034 3
10035 4
10036 3
10037 4
10038 3
10039 4
10040 3
10041 4
10042 3
10043 4
10044 3
10045 4
10046 3
10047 4
10048 3
10049 4
10050 3
10051 4
10052 3
10053 4
10054 3
10055 4
10056 3
10057 4
10058 3
10059 4
10060 3
10061 4
10062 3
10063 4
10064 3
10065 4
10066 3
10067 4
10068 3
10069 4
10070 3
10071 4
10072 3
10073 4
10074 3
10075 4
10076 3
10077 4
10078 3
10079 4
10080 3
10081 4
10082 3
10083 4
10084 3
10085 4
10086 3
10087 4
10088 3
10089 4
10090 3
10091 4
10092 3
10093 4
10094 3
10095 4
10096 3
10097 4
10098 3
10099 4
10100 3
10101 4
10102 3
10103 4
10104 3
10105 4
10106 3
10107 4
10108 3
10109 4
10110 3
10111 4
10112 3
10113 4
10114 3
10115 4
10116 3
10117 4
10118 3
10119 4
10120 3
10121 4
10122 3
10123 4
10124 3
10125 4
10126 3
10127 4
10128 3
10129 4
10130 3
10131 4
10132 3
10133 4
10134 3
10135 4
10136 3
10137 4
10138 3
10139 4
10140 3
10141 4
10142 3
10143 4
10144 3
10145 4
10146 3
10147 4
10148 3
10149 4
10150 3
10151 4
10152 3
10153 4
10154 3
10155 4
10156 3
10157 4
10158 3
10159 4
10160 3
10161 4
10162 3
10163 4
10164 3
10165 4
10166 3
10167 4
10168 3
10169 4
10170 3
10171 4
10172 3
10173 4
10174 3
10175 4
10176 3
10177 4
10178 3
10179 4
10180 3
10181 4
10182 3
10183 4
10184 3
10185 4
10186 3
10187 4
10188 3
10189 4
10190 3
10191 4
10192 3
10193 4
10194 3
10195 4
10196 3
10197 4
10198 3
10199 4
10200 3
10201 4
10202 3
10203 4
10204 3
10205 4
10206 3
10207 4
10208 3
10209 4
10210 3
10211 4
10212 3
10213 4
10214 3
10215 4
10216 3
10217 4
10218 3
10219 4
10220 3
10221 4
10222 3
10223 4
10224 3
10225 4
10226 3
10227 4
10228 3
10229 4
10230 3
10231 4
10232 3
10233 4
10234 3
10235 4
10236 3
10237 4
10238 3
10239 4
10240 3
10241 4
10242 3
10243 4
10244 3
10245 4
10246 3
10247 4
10248 3
10249 4
10250 3
10251 4
10252 3
10253 4
10254 3
10255 4
10256 3
10257 4
10258 3
10259 4
10260 3
10261 4
10262 3
10263 4
10264 3
10265 4
10266 3
10267 4
10268 3
10269 4
10270 3
10271 4
10272 3
10273 4
10274 3
10275 4
10276 3
10277 4
10278 3
10279 4
10280 3
10281 4
10282 3
10283 4
10284 3
10285 4
10286 3
10287 4
10288 3
10289 4
10290 3
10291 4
10292 3
10293 4
10294 3
10295 4
10296 3
10297 4
10298 3
10299 4
10300 3
10301 4
10302 3
10303 4
10304 3
10305 4
10306 3
10307 4
10308 3
10309 4
10310 3
10311 4
10312 3
10313 4
10314 3
10315 4
10316 3
10317 4
10318 3
10319 4
10320 3
10321 4
10322 3
10323 4
10324 3
10325 4
10326 3
10327 4
10328 3
10329 4
10330 3
10331 4
10332 3
10333 4
10334 3
10335 4
10336 3
10337 4
10338 3
10339 4
10340 3
10341 4
10342 3
10343 4
10344 3
10345 4
10346 3
10347 4
10348 3
10349 4
10350 3
10351 4
10352 3
10353 4
10354 3
10355 4
10356 3
10357 4
10358 3
10359 4
10360 3
10361 4
10362 3
10363 4
10364 3
10365 4
10366 3
10367 4
10368 3
10369 4
10370 3
10371 4
10372 3
10373 4
10374 3
10375 4
10376 3
10377 4
10378 3
10379 4
10380 3
10381 4
10382 3
10383 4
10384 3
10385 4
10386 3
10387 4
10388 3
10389 4
10390 3
10391 4
10392 3
10393 4
10394 3
10395 4
10396 3
10397 4
10398 3
10399 4
10400 3
10401 4
10402 3
10403 4
10404 3
10405 4
10406 3
10407 4
10408 3
10409 4
10410 3
10411 4
10412 3
10413 4
10414 3
10415 4
10416 3
10417 4
10418 3
10419 4
10420 3
10421 4
10422 3
10423 4
10424 3
10425 4
10426 3
10427 4
10428 3
10429 4
10430 3
10431 4
10432 3
10433 4
10434 3
10435 4
10436 3
10437 4
10438 3
10439 4
10440 3
10441 4
10442 3
10443 4
10444 3
10445 4
10446 3
10447 4
10448 3
10449 4
10450 3
10451 4
10452 3
10453 4
10454 3
10455 4
10456 3
10457 4
10458 3
10459 4
10460 3
10461 4
10462 3
10463 4
10464 3
10465 4
10466 3
10467 4
10468 3
10469 4
10470 3
10471 4
10472 3
10473 4
10474 3
10475 4
10476 3
10477 4
10478 3
10479 4
10480 3
10481 4
10482 3
10483 4
10484 3
10485 4
10486 3
10487 4
10488 3
10489 4
10490 3
10491 4
10492 3
10493 4
10494 3
10495 4
10496 3
10497 4
10498 3
10499 4
10500 3
10501 4
10502 3
10503 4
10504 3
10505 4
10506 3
10507 4
10508 3
10509 4
10510 3
10511 4
10512 3
10513 4
10514 3
10515 4
10516 3
10517 4
10518 3
10519 4
10520 3
10521 4
10522 3
10523 4
10524 3
10525 4
10526 3
10527 4
10528 3
10529 4
10530 3
10531 4
10532 3
10533 4
10534 3
10535 4
10536 3
10537 4
10538 3
10539 4
10540 3
10541 4
10542 3
10543 4
10544 3
10545 4
10546 3
10547 4
10548 3
10549 4
10550 3
10551 4
10552 3
10553 4
10554 3
10555 4
10556 3
10557 4
10558 3
10559 4
10560 3
10561 4
10562 3
10563 4
10564 3
10565 4
10566 3
10567 4
10568 3
10569 4
10570 3
10571 4
10572 3
10573 4
10574 3
10575 4
10576 3
10577 4
10578 3
10579 4
10580 3
10581 4
10582 3
10583 4
10584 3
10585 4
10586 3
10587 4
10588 3
10589 4
10590 3
10591 4
10592 3
10593 4
10594 3
10595 4
10596 3
10597 4
10598 3
10599 4
10600 3
10601 4
10602 3
10603 4
10604 3
10605 4
10606 3
10607 4
10608 3
10609 4
10610 3
10611 4
10612 3
10613 4
10614 3
10615 4
10616 3
10617 4
10618 3
10619 4
10620 3
10621 4
10622 3
10623 4
10624 3
10625 4
10626 3
10627 4
10628 3
10629 4
10630 3
10631 4
10632 3
10633 4
10634 3
10635 4
10636 3
10637 4
10638 3
10639 4
10640 3
10641 4
10642 3
10643 4
10644 3
10645 4
10646 3
10647 4
10648 3
10649 4
10650 3
10651 4
10652 3
10653 4
10654 3
10655 4
10656 3
10657 4
10658 3
10659 4
10660 3
10661 4
10662 3
10663 4
10664 3
10665 4
10666 3
10667 4
10668 3
10669 4
10670 3
10671 4
10672 3
10673 4
10674 3
10675 4
10676 3
10677 4
10678 3
10679 4
10680 3
10681 4
10682 3
10683 4
10684 3
10685 4
10686 3
10687 4
10688 3
10689 4
10690 3
10691 4
10692 3
10693 4
10694 3
10695 4
10696 3
10697 4
10698 3
10699 4
10700 3
10701 4
10702 3
10703 4
10704 3
10705 4
10706 3
10707 4
10708 3
10709 4
10710 3
10711 4
10712 3
10713 4
10714 3
10715 4
10716 3
10717 4
10718 3
10719 4
10720 3
10721 4
10722 3
10723 4
10724 3
10725 4
10726 3
10727 4
10728 3
10729 4
10730 3
10731 4
10732 3
10733 4
10734 3
10735 4
10736 3
10737 4
10738 3
10739 4
10740 3
10741 4
10742 3
10743 4
10744 3
10745 4
10746 3
10747 4
10748 3
10749 4
10750 3
10751 4
10752 3
10753 4
10754 3
10755 4
10756 3
10757 4
10758 3
10759 4
10760 3
10761 4
10762 3
10763 4
10764 3
10765 4
10766 3
10767 4
10768 3
10769 4
10770 3
10771 4
10772 3
10773 4
10774 3
10775 4
10776 3
10777 4
10778 3
10779 4
10780 3
10781 4
10782 3
10783 4
10784 3
10785 4
10786 3
10787 4
10788 3
10789 4
10790 3
10791 4
10792 3
10793 4
10794 3
10795 4
10796 3
10797 4
10798 3
10799 4
10800 3
10801 4
10802 3
10803 4
10804 3
10805 4
10806 3
10807 4
10808 3
10809 4
10810 3
10811 4
10812 3
10813 4
10814 3
10815 4
10816 3
10817 4
10818 3
10819 4
10820 3
10821 4
10822 3
10823 4
10824 3
10825 4
10826 3
10827 4
10828 3
10829 4
10830 3
10831 4
10832 3
10833 4
10834 3
10835 4
10836 3
10837 4
10838 3
10839 4
10840 3
10841 4
10842 3
10843 4
10844 3
10845 4
10846 3
10847 4
10848 3
10849 4
10850 3
10851 4
10852 3
10853 4
10854 3
10855 4
10856 3
10857 4
10858 3
10859 4
10860 3
10861 4
10862 3
10863 4
10864 3
10865 4
10866 3
10867 4
10868 3
10869 4
10870 3
10871 4
10872 3
10873 4
10874 3
10875 4
10876 3
10877 4
10878 3
10879 4
10880 3
10881 4
10882 3
10883 4
10884 3
10885 4
10886 3
10887 4
10888 3
10889 4
10890 3
10891 4
10892 3
10893 4
10894 3
10895 4
10896 3
10897 4
10898 3
10899 4
10900 3
10901 4
10902 3
10903 4
10904 3
10905 4
10906 3
10907 4
10908 3
10909 4
10910 3
10911 4
10912 3
10913 4
10914 3
10915 4
10916 3
10917 4
10918 3
10919 4
10920 3
10921 4
10922 3
10923 4
10924 3
10925 4
10926 3
10927 4
10928 3
10929 4
10930 3
10931 4
10932 3
10933 4
10934 3
10935 4
10936 3
10937 4
10938 3
10939 4
10940 3
10941 4
10942 3
10943 4
10944 3
10945 4
10946 3
10947 4
10948 3
10949 4
10950 3
10951 4
10952 3
10953 4
10954 3
10955 4
10956 3
10957 4
10958 3
10959 4
10960 3
10961 4
10962 3
10963 4
10964 3
10965 4
10966 3
10967 4
10968 3
10969 4
10970 3
10971 4
10972 3
10973 4
10974 3
10975 4
10976 3
10977 4
10978 3
10979 4
10980 3
10981 4
10982 3
10983 4
10984 3
10985 4
10986 3
10987 4
10988 3
10989 4
10990 3
10991 4
10992 3
10993 4
10994 3
10995 4
10996 3
10997 4
10998 3
10999 4
11000 3
11001 4
11002 3
11003 4
11004 3
11005 4
11006 3
11007 4
11008 3
11009 4
11010 3
11011 4
11012 3
11013 4
11014 3
11015 4
11016 3
11017 4
11018 3
11019 4
11020 3
11021 4
11022 3
11023 4
11024 3
11025 4
11026 3
11027 4
11028 3
11029 4
11030 3
11031 4
11032 3
11033 4
11034 3
11035 4
11036 3
11037 4
11038 3
11039 4
11040 3
11041 4
11042 3
11043 4
11044 3
11045 4
11046 3
11047 4
11048 3
11049 4
11050 3
11051 4
11052 3
11053 4
11054 3
11055 4
11056 3
11057 4
11058 3
11059 4
11060 3
11061 4
11062 3
11063 4
11064 3
11065 4
11066 3
11067 4
11068 3
11069 4
11070 3
11071 4
11072 3
11073 4
11074 3
11075 4
11076 3
11077 4
11078 3
11079 4
11080 3
11081 4
11082 3
11083 4
11084 3
11085 4
11086 3
11087 4
11088 3
11089 4
11090 3
11091 4
11092 3
11093 4
11094 3
11095 4
11096 3
11097 4
11098 3
11099 4
11100 3
11101 4
11102 3
11103 4
11104 3
11105 4
11106 3
11107 4
11108 3
11109 4
11110 3
11111 4
11112 3
11113 4
11114 3
11115 4
11116 3
11117 4
11118 3
11119 4
11120 3
11121 4
11122 3
11123 4
11124 3
11125 4
11126 3
11127 4
11128 3
11129 4
11130 3
11131 4
11132 3
11133 4
11134 3
11135 4
11136 3
11137 4
11138 3
11139 4
11140 3
11141 4
11142 3
11143 4
11144 3
11145 4
11146 3
11147 4
11148 3
11149 4
11150 3
11151 4
11152 3
11153 4
11154 3
11155 4
11156 3
11157 4
11158 3
11159 4
11160 3
11161 4
11162 3
11163 4
11164 3
11165 4
11166 3
11167 4
11168 3
11169 4
11170 3
11171 4
11172 3
11173 4
11174 3
11175 4
11176 3
11177 4
11178 3
11179 4
11180 3
11181 4
11182 3
11183 4
11184 3
11185 4
11186 3
11187 4
11188 3
11189 4
11190 3
11191 4
11192 3
11193 4
11194 3
11195 4
11196 3
11197 4
11198 3
11199 4
11200 3
11201 4
11202 3
11203 4
11204 3
11205 4
11206 3
11207 4
11208 3
11209 4
11210 3
11211 4
11212 3
11213 4
11214 3
11215 4
11216 3
11217 4
11218 3
11219 4
11220 3
11221 4
11222 3
11223 4
11224 3
11225 4
11226 3
11227 4
11228 3
11229 4
11230 3
11231 4
11232 3
11233 4
11234 3
11235 4
11236 3
11237 4
11238 3
11239 4
11240 3
11241 4
11242 3
11243 4
11244 3
11245 4
11246 3
11247 4
11248 3
11249 4
11250 3
11251 4
11252 3
11253 4
11254 3
11255 4
11256 3
11257 4
11258 3
11259 4
11260 3
11261 4
11262 3
11263 4
11264 3
11265 4
11266 3
11267 4
11268 3
11269 4
11270 3
11271 4
11272 3
11273 4
11274 3
11275 4
11276 3
11277 4
11278 3
11279 4
11280 3
11281 4
11282 3
11283 4
11284 3
11285 4
11286 3
11287 4
11288 3
11289 4
11290 3
11291 4
11292 3
11293 4
11294 3
11295 4
11296 3
11297 4
11298 3
11299 4
11300 3
11301 4
11302 3
11303 4
11304 3
11305 4
11306 3
11307 4
11308 3
11309 4
11310 3
11311 4
11312 3
11313 4
11314 3
11315 4
11316 3
11317 4
11318 3
11319 4
11320 3
11321 4
11322 3
11323 4
11324 3
11325 4
11326 3
11327 4
11328 3
11329 4
11330 3
11331 4
11332 3
11333 4
11334 3
11335 4
11336 3
11337 4
11338 3
11339 4
11340 3
11341 4
11342 3
11343 4
11344 3
11345 4
11346 3
11347 4
11348 3
11349 4
11350 3
11351 4
11352 3
11353 4
11354 3
11355 4
11356 3
11357 4
11358 3
11359 4
11360 3
11361 4
11362 3
11363 4
11364 3
11365 4
11366 3
11367 4
11368 3
11369 4
11370 3
11371 4
11372 3
11373 4
11374 3
11375 4
11376 3
11377 4
11378 3
11379 4
11380 3
11381 4
11382 3
11383 4
11384 3
11385 4
11386 3
11387 4
11388 3
11389 4
11390 3
11391 4
11392 3
11393 4
11394 3
11395 4
11396 3
11397 4
11398 3
11399 4
11400 3
11401 4
11402 3
11403 4
11404 3
11405 4
11406 3
11407 4
11408 3
11409 4
11410 3
11411 4
11412 3
11413 4
11414 3
11415 4
11416 3
11417 4
11418 3
11419 4
11420 3
11421 4
11422 3
