-0.00501736680535569
-0.00432658622874194
-0.00208669256926464
0.000429860324244746
0.0023231644656827
0.00166647548918333
-2.72850744998011e-07
-0.00326800614407524
-0.00608053000883055
-0.00719459724574395
-0.00678020525810191
-0.00408627621377079
5.30700972545669e-07
0.0020316507261951
0.0031123055684221
0.000897388614429007
-0.00237601307366675
-0.00472488216240963
-0.00524736095980471
-0.00439228009894171
-0.00375096826126003
-0.00159420707668562
0.00172306928769778
0.00366682902856344
0.0038853182597469
0.00181275265487275
-0.00148182957558544
-0.00386930036018637
-0.00528631565852586
-0.00416604100725834
-0.00179165955157555
0.00217642974856482
0.00431563913260045
0.00382748419336931
0.00221663513971188
-0.00139365219022897
-0.00346139170169252
-0.00438227531275504
-0.00239824804251543
-0.00136727068922265
0.00162031409583896
0.00455214305847873
0.0056418683501514
0.006043673601832
0.00391882490133973
0.00108526632330447
-0.00121962618881408
-0.00268266837958425
-0.00153553862813106
0.00130609259721851
0.00468906804870629
0.00665127794642362
0.00658264814195947
0.00382148672815244
0.00126054365302619
-0.00117324519295725
-0.00241824601981583
-0.0027126683675953
-0.00158358240838209
0.00131529435576098
0.00470744103675375
0.00667199383798239
0.00658007254233389
0.00390046523633375
0.00138900760272831
-0.00107720771422848
-0.00233824802485733
-0.00134733366396839
0.00170730606972913
0.00466017043915568
0.00564194272102872
0.00606997149733829
0.00392623022694286
0.00110512357592295
-0.00124338096446944
-0.0027856697409312
-0.00530631562269064
-0.00399617068345927
-0.00178763666944166
0.00215389900453631
0.00426082949939191
0.00387221853650624
0.00223890725721893
-0.0015773651346554
-0.00378081844546418
-0.00418228005715798
-0.00364111807646034
-0.00143730600826386
0.00188817597959534
0.00369134643142122
0.00406887088392649
0.00185037440395594
-0.0014821298902378
-0.00391045992879348
-0.00531631972754378
-0.00722459720083374
-0.0067703676331374
-0.00406151227338512
-5.08949192170793e-06
0.00199091443190147
0.00314747816147512
0.000914747683251949
-0.00245055982229692
-0.00456640313024059
-0.00516736675432594
-0.00463676932651425
-0.00232599607340417
0.000503849381426502
0.00228173577440316
0.001780432239003
2.54040650454426e-05
-0.00322312831824299
-0.006130747071905
-0.00711460234529124
-0.00528631562269075
-0.00419217068345933
-0.00176863666944171
0.00215589900453634
0.00428082949939201
0.00388221853650639
0.00218890725721888
-0.00149736513465554
-0.00364081844546421
-0.00442228005715867
-0.00357111807646043
-0.00128730600826382
0.00162817597959497
0.00372134643142108
0.00399887088392641
0.00181837440395588
-0.00148812989023785
-0.00392545992879353
-0.00534631972754375
-0.00274866836759508
-0.00151358240838202
0.0013172943557611
0.00467744103675398
0.00655199383798238
0.00663007254233383
0.00393046523633372
0.00133900760272793
-0.00108720771422854
-0.00234824802485745
-0.0014073336639685
0.00162730606972877
0.00457017043915578
0.00567194272102881
0.00599997149733825
0.00391623022694276
0.00112012357592305
-0.00124838096446937
-0.00274966974093105
-0.00245824804251588
-0.00120727068922277
0.00164031409583898
0.00467214305847866
0.00568186835015133
0.005983673601832
0.00388882490133977
0.00107926632330446
-0.001243626188814
-0.00275866837958423
-0.00152353862813097
0.00129809259721865
0.00468906804870636
0.00671127794642362
0.00656264814195939
0.00383148672815209
0.00142054365302624
-0.00109324519295773
-0.00242824601981606
-0.00439228009894121
-0.00358096826126014
-0.00119420707668594
0.00173306928769806
0.00365682902856346
0.00391531825974693
0.00182375265487265
-0.0014858295755855
-0.00391430036018645
-0.00528631565852586
-0.00414404100725843
-0.00180865955157565
0.00216642974856477
0.00434563913260042
0.00377748419336926
0.0022666351397117
-0.00144365219022907
-0.00357139170169235
-0.00424227531275473
-0.00516736680535568
-0.00445658622874195
-0.00241669256926469
0.000369860324244797
0.00227316446568271
0.00170647548918333
-2.73252644998011e-07
-0.00327700614407525
-0.00619053000883055
-0.00702459724574395
-0.00678020525810191
-0.00410027621377079
5.37487972545669e-07
0.0020216507261951
0.00313230556842209
0.000877388614429042
-0.00293601307366675
-0.00676488216240961
-0.00513736095980477
