-4.00000012515794e-09
0.00252900489735401
0.00336272263312992
0.000649822695791225
-0.00339410505706034
-0.00724899680431035
-0.00835569161664007
-0.00731479805169705
-0.00321454837475266
0.00239012249240456
0.00583207079640891
0.0035279689245314
-5.34700475037178e-07
-0.00441216817137416
-0.00764253668423881
-0.00652314430500842
-0.00631167928946927
-0.00389783642868471
-5.02706483414505e-05
0.00197078340083979
0.00427577311934665
0.00425785131406223
0.0019486683798699
-0.00208316043753981
-0.00523048434442075
-0.00632375739145302
-0.00519704881948663
-0.00202352245752568
0.00307705310155648
0.00639732280070771
0.00508915221977466
0.00198934164904749
-0.00193296788206273
-0.00448167745226612
-0.00445617673644166
-0.00387596514227451
-0.00162227853831071
0.00188941767149023
0.00419056709382536
0.00612429606474263
0.00618951620725719
0.00463246601841252
0.00144088107748389
-0.00139818828093841
-0.00286561557544512
-0.00169674415974225
0.0011607313093725
0.00428584611950339
0.00597931034906551
0.00730304485028652
0.0050604084587586
0.0022455490723322
-0.000471120244878956
-0.0023993085372213
-0.0010432815299205
0.00134817538919259
0.00417607143157542
0.00417420414598485
0.00584946474270964
0.00729424792563632
0.0050620006895116
0.00224080684892808
-0.000489850971106209
-0.00234430820857767
-0.000997854929019173
0.00136291826937589
0.00426921279756316
0.00606444048200949
0.00612011143443827
0.00471439647850999
0.00143794834404901
-0.00141499317943639
-0.00279561509140636
-0.00167756895226084
0.00133366475927141
0.00428177847570368
0.00311297999805893
0.00635771918571371
0.00509564447943131
0.00206477554574361
-0.00191878322098556
-0.00449268983535224
-0.00443617575413691
-0.00381866353788145
-0.00161946143306366
0.00199601208904835
0.00436615903899749
0.00433370593270987
0.00217345710062417
-0.00200607736840258
-0.00491667296363707
-0.0062137562461021
-0.0052190109788342
-0.00184060369776018
0.00314657544500169
0.00244511908942624
0.00585255967393644
0.00351884552732845
4.96705206281642e-06
-0.00436220216563021
-0.00764008240419045
-0.00658314307392252
-0.00621380594828619
-0.00393080024462678
-4.71597603769452e-06
0.00231948300731942
0.00311294318187871
0.000795705162483284
-0.00344318568869467
-0.00695878183951254
-0.00850569021778047
-0.00746719611955488
-0.00316546548894941
0.0022986718097327
0.00307297999805867
0.00641771918571374
0.00524564447943134
0.00206277554574369
-0.00192778322098556
-0.00449268983535225
-0.00441617575413696
-0.00382566353788148
-0.00161446143306369
0.00181201208904842
0.0042961590389976
0.00448370593270983
0.00203345710062397
-0.00193607736840251
-0.00506667296363694
-0.00622375624610244
-0.00506901097883439
-0.00179060369775985
0.00321657544500165
0.00418420414598461
0.00596946474270957
0.00730424792563625
0.00505200068951164
0.00220880684892825
-0.000495850971106118
-0.00235730820857748
-0.00106585492901917
0.00135291826937585
0.00422921279756318
0.00606444048200952
0.00617011143443841
0.00471439647851013
0.00145794834404878
-0.00147499317943639
-0.00278561509140662
-0.00161756895226106
0.0012836647592713
0.00433177847570346
0.00420056709382542
0.00614429606474273
0.00615951620725724
0.00473246601841223
0.00151088107748401
-0.00150818828093857
-0.00287561557544513
-0.00177674415974227
0.00125073130937253
0.00427584611950335
0.00605931034906559
0.00729304485028648
0.00506040845875869
0.0022505490723322
-0.000507120244878936
-0.00238630853722137
-0.00100728152992043
0.00137517538919277
0.00418607143157543
0.00191978340083979
0.00433577311934655
0.00455785131406228
0.00201866837986991
-0.00206316043754001
-0.00518048434442087
-0.00621375739145208
-0.00516704881948643
-0.00187352245752576
0.00317705310155647
0.00641732280070778
0.00512915221977454
0.00206334164904741
-0.00193496788206273
-0.00450867745226614
-0.00445617673644175
-0.00388096514227443
-0.00159727853831075
0.00187341767149021
-3.06220012515794e-09
0.00246900489735401
0.00313272263312991
0.000419822695791217
-0.00344410505706039
-0.00700899680431033
-0.00829569161664001
-0.00747479805169704
-0.00316454837475266
0.00207012249240457
0.0058520707964089
0.0035679689245314
-5.27647475037178e-07
-0.00442016817137417
-0.00764253668423881
-0.00654314430500841
-0.00608167928946926
-0.00348683642868471
-5.02727893414505e-05
