-4e-09
0.10963
0.22685
0.33597
0.42498
0.48284
0.50335
0.48277
0.42516
0.3377
0.22932
0.1106
1.5e-08
-0.090206
-0.14881
-0.16677
-0.14746
-0.08973
-4.1e-08
0.032284
0.12085
0.21499
0.30354
0.37538
0.42268
0.43928
0.42271
0.37544
0.30466
0.21713
0.12164
0.032303
-0.040438
-0.087265
-0.10247
-0.086644
-0.040158
0.032243
0.11557
0.14914
0.18517
0.21963
0.24743
0.26563
0.27162
0.26533
0.24715
0.21928
0.18496
0.15031
0.11644
0.08935
0.071492
0.064445
0.070925
0.088442
0.11557
0.21917
0.18483
0.15031
0.11644
0.08934
0.071478
0.0645
0.070971
0.088462
0.11565
0.14908
0.18511
0.21971
0.24742
0.26562
0.27169
0.26535
0.24733
0.21926
0.3047
0.21709
0.12167
0.032374
-0.040439
-0.087262
-0.10245
-0.086585
-0.04014
0.032313
0.12094
0.21509
0.30376
0.37544
0.42301
0.43939
0.42269
0.37564
0.30469
0.33776
0.22934
0.11062
-6.3397e-10
-0.090175
-0.14879
-0.16683
-0.14736
-0.089744
-2.3088e-08
0.10942
0.22663
0.33611
0.42491
0.48315
0.5032
0.48262
0.42523
0.33756
0.30466
0.21715
0.12182
0.032372
-0.040448
-0.087262
-0.10243
-0.086592
-0.040135
0.032129
0.12087
0.21524
0.30362
0.37551
0.42286
0.43938
0.42284
0.37569
0.30476
0.21918
0.18495
0.15032
0.11643
0.089308
0.071472
0.064487
0.070903
0.088452
0.11561
0.14908
0.18516
0.21971
0.24744
0.26556
0.2717
0.26541
0.24728
0.21931
0.11558
0.14916
0.18514
0.21973
0.2475
0.26552
0.27161
0.26525
0.24724
0.21927
0.18504
0.1503
0.11644
0.089355
0.071456
0.064458
0.070961
0.088469
0.11558
0.032233
0.12091
0.21529
0.30361
0.3754
0.42273
0.43939
0.42274
0.37559
0.30476
0.21715
0.12168
0.032377
-0.04044
-0.087292
-0.10247
-0.086649
-0.040133
0.032227
-3.0622e-09
0.10957
0.22662
0.33574
0.42493
0.48308
0.50341
0.48261
0.42521
0.33738
0.22934
0.11064
2.2053e-08
-0.090214
-0.14881
-0.16679
-0.14723
-0.089319
-4.3141e-08
