0.34962
0.33451
0.29343
0.2327
0.15718
0.074676
6e-09
-0.063377
-0.10298
-0.11519
-0.10388
-0.064134
-2.8e-08
0.075928
0.1581
0.23336
0.29327
0.33367
0.34866
0.30299
0.29075
0.25606
0.20882
0.14894
0.084355
0.023272
-0.028086
-0.059667
-0.070562
-0.060453
-0.028418
0.023642
0.08474
0.15005
0.20984
0.25748
0.29153
0.30304
0.18592
0.18267
0.17087
0.15152
0.12762
0.1035
0.080083
0.061065
0.04906
0.043494
0.049071
0.061528
0.080809
0.10459
0.12823
0.15087
0.1699
0.18283
0.18599
0.043473
0.048993
0.061633
0.080808
0.10459
0.12806
0.15141
0.1707
0.18316
0.18639
0.18256
0.17097
0.15166
0.12749
0.10349
0.080213
0.061099
0.049296
0.043542
-0.070566
-0.060379
-0.028435
0.023649
0.085519
0.14965
0.20982
0.2565
0.29007
0.30368
0.29106
0.25649
0.20967
0.1492
0.084923
0.023323
-0.028084
-0.05986
-0.07058
-0.11528
-0.104
-0.064154
-1.1428e-08
0.075918
0.15667
0.23334
0.29232
0.33459
0.34871
0.33317
0.2926
0.23319
0.15705
0.074965
1.7722e-08
-0.063168
-0.1032
-0.11481
-0.070491
-0.060584
-0.028402
0.02364
0.085538
0.15015
0.20942
0.25683
0.29088
0.30285
0.29143
0.25766
0.20892
0.14931
0.084688
0.023247
-0.02816
-0.059948
-0.070692
0.043397
0.049015
0.061613
0.080802
0.10455
0.12832
0.15139
0.17056
0.18325
0.18629
0.18235
0.1708
0.15149
0.12754
0.10331
0.080205
0.061172
0.049267
0.043647
0.18557
0.18291
0.17087
0.15177
0.12786
0.10318
0.079998
0.06096
0.049157
0.043577
0.049236
0.06156
0.080935
0.10452
0.12821
0.15105
0.17069
0.18316
0.18608
0.30297
0.2915
0.25792
0.20898
0.14904
0.084477
0.023331
-0.028089
-0.059835
-0.070743
-0.060618
-0.028445
0.02362
0.085588
0.15009
0.21004
0.257
0.29157
0.30355
0.34853
0.33406
0.29243
0.23201
0.15706
0.074861
5.2321e-09
-0.063212
-0.10301
-0.11419
-0.1039
-0.064141
-2.7749e-08
0.075928
0.15838
0.23295
0.28987
0.3227
0.34893
