-0.00258854430959821
-0.00281826422195719
-0.00142131884216135
0.00190541910410341
0.00335282020915451
0.000961923213479821
-1.83180175589506e-07
-0.00430929684961665
-0.00582748413858034
-0.00489161341304653
-0.00672726538751429
-0.00508129789828903
3.50360002626086e-07
0.00223088117368898
0.00423182584800361
0.00254354626283795
-0.00158086113607087
-0.00365038039980858
-0.00354854037205349
-0.00372038704667804
-0.00378087244946568
-0.00374913677439326
0.00123972791118901
0.00389225553021075
0.00411972625319627
0.00240717113254927
-0.0015704190180848
-0.00269774920309375
-0.00309879426846384
-0.00348357450377983
-0.00191442923364819
0.00277762722072363
0.00451841432902671
0.00496901700493455
0.00224192195252021
-0.00232876300462709
-0.00299442170916042
-0.00367038382271778
-0.00300926281572017
-0.00112579651898742
0.00155490875532849
0.0035389528022311
0.00442713163498983
0.00506303168002441
0.00342015159144399
0.00111506023930699
-0.000476060142140591
-0.00251513548421826
-0.000465001161540822
0.00157390163689704
0.00414631537474285
0.00615815394254536
0.00502418496340225
0.00288177473175
0.000585063384325402
-0.000963084957405741
-0.00293926145323609
-0.00253613547614254
-0.000543030651779769
0.0016824055250368
0.00414421942462574
0.0061519001963959
0.00486592198451073
0.00342782262652869
0.00138402870569188
-0.000635754099230113
-0.00253926280382574
-0.0012358389385774
0.00165961852687729
0.0036776240520798
0.00429044576253368
0.00506400989100847
0.00355513979540231
0.0011482904882768
-0.00024191575032919
-0.00246713640121728
-0.00310279424432536
-0.00340966185325958
-0.00192130986764839
0.00278157532584306
0.00528070263838569
0.00459914991730972
0.00223692438059198
-0.00331126403227633
-0.00446077153401842
-0.00303038701853259
-0.00347097336451191
-0.0033077522680367
0.00208643179429233
0.00413509053318761
0.00471706316341075
0.00247206187765855
-0.00157064209962029
-0.00289624546275948
-0.00311679700934148
-0.00498161338279515
-0.00684737476282581
-0.00508865856725597
-3.43073890181937e-06
0.002200177302843
0.00283898993258375
0.00254197524526387
-0.00253392381160056
-0.0027381408873845
-0.00349854427522467
-0.00415838755603881
-0.00223737774785876
0.00239137015198895
0.00320164994188371
0.00128726830989463
1.71137082876566e-05
-0.00410307353312827
-0.00605436632002673
-0.00451161684808549
-0.00302779424432542
-0.00361466185325961
-0.00188830986764843
0.00277257532584308
0.00529970263838578
0.00509914991730981
0.00183692438059191
-0.00298126403227633
-0.00365077153401838
-0.00386038701853308
-0.00310097336451193
-0.0021377522680367
0.00133643179429205
0.0042450905331875
0.0044820631634107
0.00239606187765851
-0.00164664209962032
-0.00298424546275952
-0.00322879700934146
-0.0026121354761424
-0.000521030651779719
0.00166240552503689
0.00413821942462589
0.0061119001963959
0.00512592198451067
0.00340782262652869
0.0012440287056916
-0.000545754099230134
-0.00263926280382579
-0.0014458389385775
0.0014896185268771
0.00350762405207991
0.00434044576253374
0.00488400989100844
0.00354713979540223
0.00122129048827687
-0.00027091575032915
-0.00236213640121717
-0.00335926281572044
-0.000885796518987514
0.00155490875532849
0.00378895280223104
0.00466713163498979
0.00474303168002441
0.00333515159144401
0.00101006023930698
-0.00037906014214055
-0.00243213548421826
-0.000300001161540754
0.00160590163689714
0.00427231537474289
0.00608815394254537
0.00500418496340219
0.00306177473174973
0.00137506338432544
-0.000633084957406049
-0.00284926145323627
-0.00374038704667767
-0.00303087244946582
-0.00188913677439351
0.00139972791118917
0.00399225553021079
0.0042417262531963
0.0024661711325492
-0.00157341901808484
-0.00286574920309379
-0.00327979426846384
-0.00364857450377988
-0.00194142923364826
0.0027556272207236
0.00536641432902668
0.0050090170049345
0.00244192195252008
-0.00280876300462707
-0.00295442170916033
-0.00316038382271755
-0.00367854430959819
-0.00326826422195714
-0.00242131884216135
0.00121541910410342
0.00323282020915452
0.00114692321347981
-1.83948075589506e-07
-0.00414429684961665
-0.00585748413858034
-0.00389161341304653
-0.0067472653875143
-0.00508829789828904
3.50611002626086e-07
0.00223088117368898
0.00451182584800361
0.00213354626283793
-0.00498086113607082
-0.0146203803998086
-0.0032785403720535
