0
0.096225
0.19245
0.28868
0.3849
0.48113
0.57735
0.67358
0.7698
0.86603
0.96225
1.0585
1.1547
1.2509
1.3472
1.4434
1.5396
1.6358
1.7321
0
0.096225
0.19245
0.28868
0.3849
0.48113
0.57735
0.67358
0.7698
0.86603
0.96225
1.0585
1.1547
1.2509
1.3472
1.4434
1.5396
1.6358
1.7321
0
0.096225
0.19245
0.28868
0.3849
0.48113
0.57735
0.67358
0.7698
0.86603
0.96225
1.0585
1.1547
1.2509
1.3472
1.4434
1.5396
1.6358
1.7321
0
0.096225
0.19245
0.28868
0.3849
0.48113
0.57735
0.67358
0.7698
0.86603
0.96225
1.0585
1.1547
1.2509
1.3472
1.4434
1.5396
1.6358
1.7321
0
0.096225
0.19245
0.28868
0.3849
0.48113
0.57735
0.67358
0.7698
0.86603
0.96225
1.0585
1.1547
1.2509
1.3472
1.4434
1.5396
1.6358
1.7321
0
0.096225
0.19245
0.28868
0.3849
0.48113
0.57735
0.67358
0.7698
0.86603
0.96225
1.0585
1.1547
1.2509
1.3472
1.4434
1.5396
1.6358
1.7321
0
0.096225
0.19245
0.28868
0.3849
0.48113
0.57735
0.67358
0.7698
0.86603
0.96225
1.0585
1.1547
1.2509
1.3472
1.4434
1.5396
1.6358
1.7321
0
0.096225
0.19245
0.28868
0.3849
0.48113
0.57735
0.67358
0.7698
0.86603
0.96225
1.0585
1.1547
1.2509
1.3472
1.4434
1.5396
1.6358
1.7321
0
0.096225
0.19245
0.28868
0.3849
0.48113
0.57735
0.67358
0.7698
0.86603
0.96225
1.0585
1.1547
1.2509
1.3472
1.4434
1.5396
1.6358
1.7321
0
0.096225
0.19245
0.28868
0.3849
0.48113
0.57735
0.67358
0.7698
0.86603
0.96225
1.0585
1.1547
1.2509
1.3472
1.4434
1.5396
1.6358
1.7321
0
0.096225
0.19245
0.28868
0.3849
0.48113
0.57735
0.67358
0.7698
0.86603
0.96225
1.0585
1.1547
1.2509
1.3472
1.4434
1.5396
1.6358
1.7321
