0.51786
0.49646
0.43564
0.34306
0.23069
0.1111
8e-09
-0.090958
-0.15031
-0.17094
-0.15101
-0.091754
-3.1e-08
0.11144
0.23154
0.34356
0.43535
0.49605
0.51763
0.45094
0.4335
0.38411
0.30989
0.219
0.123
0.032788
-0.040846
-0.088444
-0.10544
-0.088741
-0.041138
0.033151
0.12341
0.21921
0.31041
0.38431
0.43378
0.45095
0.27808
0.27149
0.25298
0.22424
0.18853
0.15218
0.11773
0.090085
0.07232
0.065621
0.072004
0.090312
0.1185
0.15278
0.18949
0.22352
0.25262
0.27168
0.27806
0.065591
0.071956
0.090316
0.11852
0.15281
0.18947
0.22359
0.25275
0.27178
0.27814
0.27151
0.25306
0.22435
0.18854
0.15219
0.11773
0.090106
0.072299
0.065518
-0.10546
-0.088571
-0.041149
0.033133
0.12338
0.21921
0.31041
0.38413
0.43347
0.45115
0.43361
0.38425
0.31006
0.21905
0.12314
0.032805
-0.040843
-0.088477
-0.10547
-0.17097
-0.151
-0.091748
-1.3294e-08
0.11143
0.23152
0.34355
0.43528
0.49622
0.51771
0.49615
0.43538
0.34314
0.23068
0.11116
2.3919e-08
-0.090909
-0.15035
-0.17086
-0.10544
-0.088767
-0.04113
0.033135
0.1234
0.21922
0.31036
0.38421
0.43361
0.45091
0.43368
0.3844
0.3098
0.21908
0.12307
0.032773
-0.040849
-0.088492
-0.1055
0.065555
0.072026
0.090318
0.11849
0.15269
0.18952
0.22362
0.2527
0.27177
0.27813
0.27145
0.25298
0.22426
0.18857
0.15212
0.11772
0.090121
0.072294
0.065554
0.27802
0.27165
0.253
0.22436
0.18857
0.15212
0.1177
0.090079
0.072296
0.065545
0.072016
0.090304
0.1185
0.15284
0.18947
0.22353
0.25278
0.27176
0.27805
0.45094
0.43367
0.38451
0.3099
0.21899
0.12303
0.032799
-0.04085
-0.088489
-0.10544
-0.088719
-0.041155
0.033141
0.12344
0.21916
0.31046
0.38426
0.43367
0.45109
0.51771
0.49633
0.43531
0.343
0.23064
0.11114
7.5981e-09
-0.090967
-0.15042
-0.17077
-0.15101
-0.091768
-2.4213e-08
0.11143
0.23156
0.34354
0.43479
0.49401
0.51774
