0.522877366805356
0.500786586228742
0.437726692569265
0.342630139675755
0.228366835534317
0.109433524510817
2.80850744998011e-07
-0.0876899938559248
-0.144229469991169
-0.163745402754256
-0.144229794741898
-0.0876677237862292
-5.61700972545669e-07
0.109408349273805
0.228427694431578
0.342662611385571
0.437726013073667
0.50077488216241
0.522877360959805
0.455332280098942
0.43725096826126
0.385704207076686
0.308166930712302
0.215333170971437
0.119114681740253
0.0309752473451272
-0.0393641704244146
-0.0845746996398136
-0.100153684341474
-0.0845749589927417
-0.0393463404484245
0.0309745702514352
0.1190943608674
0.215382515806631
0.308193364860288
0.385703652190229
0.437241391701693
0.455332275312755
0.280478248042515
0.272857270689223
0.251359685904161
0.219687856941521
0.182888131649849
0.146136326398168
0.11381117509866
0.0889997336766955
0.0735396261888141
0.0683036683795843
0.0735395386281311
0.0890059074027815
0.113810931951294
0.146128722053576
0.182907351858041
0.219698513271848
0.251359456346974
0.272853245192957
0.280478246019816
0.0683036683675953
0.0735395824083821
0.089000705644239
0.113812558963246
0.146138006162018
0.182889927457666
0.219689534763666
0.251360992397272
0.272857207714229
0.280478248024857
0.272857333663968
0.251352693930271
0.219689829560844
0.182898057278971
0.146120028502662
0.113803769773057
0.0890008764240771
0.0735423809644694
0.0683036697409312
-0.100153684377309
-0.0845748293165407
-0.0393613633305583
0.0309791009954637
0.119119170500608
0.215337781463494
0.308171092742781
0.385707365134655
0.437250818445464
0.455332280057158
0.43725111807646
0.385687306008264
0.308171824020405
0.215358653568579
0.119071129116074
0.0309546255960441
-0.0393608701097622
-0.0845665400712065
-0.100153680272456
-0.163745402799166
-0.144229632366863
-0.0876864877266149
5.07619792170793e-06
0.109439085568099
0.228372521838525
0.342635252316748
0.437730559822297
0.500786403130241
0.522877366754326
0.500786769326514
0.437705996073404
0.342636150618573
0.228398264225597
0.109379567760997
-2.53801460454426e-05
-0.087685871681757
-0.144219252928095
-0.163745397654709
-0.100153684377309
-0.0845748293165407
-0.0393613633305583
0.0309791009954637
0.119119170500608
0.215337781463494
0.308171092742781
0.385707365134656
0.437250818445464
0.455332280057159
0.43725111807646
0.385687306008264
0.308171824020405
0.215358653568579
0.119071129116074
0.0309546255960441
-0.0393608701097622
-0.0845665400712065
-0.100153680272456
0.0683036683675951
0.073539582408382
0.0890007056442389
0.113812558963246
0.146138006162018
0.182889927457666
0.219689534763666
0.251360992397272
0.272857207714229
0.280478248024857
0.272857333663969
0.251352693930271
0.219689829560844
0.182898057278971
0.146120028502662
0.113803769773057
0.089000876424077
0.0735423809644694
0.0683036697409311
0.280478248042516
0.272857270689223
0.251359685904161
0.219687856941521
0.182888131649849
0.146136326398168
0.11381117509866
0.0889997336766955
0.073539626188814
0.0683036683795842
0.073539538628131
0.0890059074027813
0.113810931951294
0.146128722053576
0.182907351858041
0.219698513271848
0.251359456346974
0.272853245192958
0.280478246019816
0.455332280098941
0.43725096826126
0.385704207076686
0.308166930712302
0.215333170971437
0.119114681740253
0.0309752473451273
-0.0393641704244145
-0.0845746996398136
-0.100153684341474
-0.0845749589927416
-0.0393463404484243
0.0309745702514352
0.1190943608674
0.215382515806631
0.308193364860288
0.385703652190229
0.437241391701692
0.455332275312755
0.522877366805356
0.500786586228742
0.437726692569265
0.342630139675755
0.228366835534317
0.109433524510817
2.80850744998011e-07
-0.0876899938559248
-0.144229469991169
-0.163745402754256
-0.144229794741898
-0.0876677237862292
-5.61700972545669e-07
0.109408349273805
0.228427694431578
0.342662611385571
0.437726013073667
0.50077488216241
0.522877360959805
