-3.00000012093362e-09
0.0220648983147112
0.0383280028992079
0.0466168568769787
0.0387481088366016
0.023163366541891
2.57849984240892e-07
-0.0321355967365183
-0.0660669514484575
-0.100409884270429
-0.132813883397843
-0.152767751419752
-0.159105691616126
-0.152078229131404
-0.131753594343912
-0.0997683982175949
-0.0646082551218979
-0.031215553474834
5.02440224639417e-05
-0.00717821659916017
0.0104632972260679
0.0239367810467581
0.0289538242066861
0.0238348656506429
0.0108074696009315
-0.00739299572347183
-0.0323147483945435
-0.0618818844292224
-0.0910710930710392
-0.117732979427246
-0.133457647592293
-0.138383757391032
-0.136148038468112
-0.117100078793744
-0.0903654613328202
-0.0608529414559313
-0.0315508929292224
-0.00709985547707264
-0.0315844329061746
-0.0254951652959325
-0.0215973672195667
-0.0218913082216845
-0.0218203386562723
-0.0257981443740707
-0.0319453535887291
-0.0405973959594915
-0.0523703808636488
-0.0635074378160562
-0.0743690440383422
-0.0819811993535078
-0.0860256155752671
-0.0820413636584206
-0.0742554330804693
-0.0640771050232519
-0.0524007925800314
-0.040274934414858
-0.0315379391941322
-0.0636757958540152
-0.0746091563645732
-0.0816574456938566
-0.0860156155561407
-0.0820674867800989
-0.0744678403193187
-0.0635758920202187
-0.0518087263540305
-0.0400858483526025
-0.0313850786269372
-0.0255252488614039
-0.0215427576781677
-0.0218723082086982
-0.0218476434542268
-0.0258193750051349
-0.0318186011707618
-0.0405154632398557
-0.0517906673119071
-0.0633933688690149
-0.0910570200019412
-0.118123250942612
-0.133298717750462
-0.138053757345772
-0.133548815493512
-0.117770069791838
-0.0904072585530465
-0.0613676366927056
-0.0319056128004457
-0.00709944532758982
0.0104330558847625
0.0238525104716851
0.0286638242455024
0.0237388488021957
0.0105938113086627
-0.00734317799970411
-0.0323125836813135
-0.0614069460554319
-0.0910506115083982
-0.100264880910573
-0.132504215886577
-0.152656837748298
-0.15847569156085
-0.152086957205701
-0.13423032035436
-0.0997851739468793
-0.0650717125439831
-0.0310044732127781
4.70249922516221e-06
0.0222505968735075
0.0386276813591728
0.046376856925625
0.0388381050024703
0.0229120697114401
-2.48722726493051e-05
-0.0323781982527959
-0.0656761939333726
-0.101208428691114
-0.0912770200019412
-0.117163250942612
-0.133618717750462
-0.138243757345773
-0.133408815493511
-0.116970069791838
-0.0907872585530468
-0.0611976366927055
-0.0316626128004456
-0.00714844532758982
0.0104030558847626
0.023582510471685
0.0289008242455023
0.0237018488021957
0.0106728113086627
-0.00743317799970408
-0.0320925836813135
-0.0611669460554319
-0.0907106115083984
-0.0638257958540155
-0.0746091563645734
-0.0817374456938572
-0.0860256155561408
-0.0821174867800992
-0.0741478403193186
-0.0635858920202187
-0.0519087263540307
-0.0400558483526026
-0.0314350786269371
-0.0255942488614037
-0.0216147576781676
-0.021913308208698
-0.0218126434542267
-0.0259253750051349
-0.0318246011707618
-0.0403954632398557
-0.051860667311907
-0.0630833688690149
-0.0317194329061746
-0.0254231652959326
-0.0215973672195666
-0.0218513082216845
-0.0217163386562722
-0.0259971443740708
-0.032028353588729
-0.0407073959594915
-0.0521203808636488
-0.0633974378160565
-0.0738590440383419
-0.0819011993535077
-0.0857356155752677
-0.0821913636584206
-0.0742854330804693
-0.0639071050232517
-0.0518307925800313
-0.0401049344148581
-0.0314909391941322
-0.00713621659916031
0.0103932972260679
0.0235267810467579
0.0289008242066861
0.0237948656506429
0.0107674696009313
-0.00733399572347182
-0.0323067483945436
-0.0614918844292224
-0.0905510930710394
-0.117012979427246
-0.133147647592293
-0.138503757391031
-0.133338038468112
-0.117090078793744
-0.0901954613328203
-0.0611129414559313
-0.0315188929292225
-0.00707085547707268
-3.19620012093362e-09
0.0221368983147112
0.0386780028992079
0.0469068568769787
0.0388281088366016
0.023023366541891
2.57395984240892e-07
-0.0323595967365183
-0.0659969514484575
-0.102349884270429
-0.132763883397843
-0.152737751419752
-0.164465691616126
-0.152088229131404
-0.131273594343912
-0.100118398217595
-0.0662682551218979
-0.033527553474834
5.02453784639417e-05
