-3e-09
-0.063748
-0.10282
-0.11363
-0.1024
-0.062646
-1.7e-08
0.074971
0.15742
0.23491
0.29556
0.33733
0.3526
0.33802
0.29658
0.23552
0.15888
0.075916
2e-08
0.023135
-0.028057
-0.058831
-0.06906
-0.058933
-0.02771
0.02292
0.084264
0.14885
0.21052
0.25973
0.29446
0.30722
0.29177
0.26033
0.2112
0.14988
0.085048
0.023173
0.079795
0.061604
0.050371
0.044953
0.050148
0.061302
0.079434
0.10242
0.12661
0.15149
0.17162
0.18505
0.18846
0.18499
0.17172
0.15091
0.12658
0.10275
0.079827
0.15132
0.17138
0.18537
0.18847
0.18496
0.17152
0.15142
0.12717
0.10293
0.079993
0.061574
0.050423
0.044972
0.050118
0.06129
0.079568
0.1025
0.12718
0.15162
0.21053
0.25934
0.29461
0.30755
0.29436
0.25969
0.21118
0.14936
0.084669
0.02321
-0.028087
-0.058923
-0.06935
-0.059037
-0.027897
0.02299
0.084261
0.1493
0.21058
0.23505
0.29587
0.33743
0.35323
0.338
0.29414
0.23553
0.15841
0.076097
9.6603e-09
-0.063562
-0.10253
-0.11387
-0.10232
-0.062864
-3.3017e-08
0.074722
0.15778
0.23416
0.21031
0.2603
0.29429
0.30736
0.2945
0.26049
0.2108
0.14953
0.084912
0.023161
-0.028117
-0.059193
-0.069113
-0.059074
-0.027818
0.0229
0.084481
0.14954
0.21092
0.15117
0.17138
0.18529
0.18846
0.18491
0.17184
0.15141
0.12707
0.10296
0.079943
0.061505
0.050351
0.044931
0.050153
0.061184
0.079562
0.10262
0.12711
0.15193
0.07966
0.061676
0.050371
0.044993
0.050252
0.061103
0.079351
0.10231
0.12686
0.1516
0.17213
0.18513
0.18875
0.18484
0.17169
0.15108
0.12715
0.10292
0.079874
0.023177
-0.028127
-0.059241
-0.069113
-0.058973
-0.02775
0.022979
0.084272
0.14924
0.21104
0.26045
0.29477
0.3071
0.29458
0.26034
0.21137
0.14962
0.08508
0.023202
-3.1962e-09
-0.063676
-0.10247
-0.11334
-0.10232
-0.062786
-1.7454e-08
0.074747
0.15749
0.23297
0.29561
0.33736
0.34724
0.33801
0.29706
0.23517
0.15722
0.073604
2.1356e-08
