1.20933615583229e-16
-0.0858128983147112
-0.141148002899208
-0.160246856876979
-0.141148108836602
-0.0858093665418909
-2.74849984240892e-07
0.107106596736518
0.223486951448458
0.335319884270429
0.428373883397842
0.490097751419752
0.511705691616126
0.490098229131404
0.428333594343912
0.335288398217595
0.223488255121898
0.107131553474834
-5.02240224639417e-05
0.0303132165991602
-0.0385202972260679
-0.0827677810467581
-0.0980138242066861
-0.0827678656506429
-0.0385174696009315
0.0303129957234718
0.116578748394543
0.210731884429222
0.301591093071039
0.377462979427246
0.427917647592293
0.445603757391032
0.427918038468112
0.377430078793744
0.30156546133282
0.210732941455931
0.116598892929222
0.0302728554770726
0.111379432906175
0.0870991652959325
0.0719683672195667
0.0668443082216845
0.0719683386562723
0.0871001443740707
0.111379353588729
0.143017395959491
0.178980380863649
0.214997437816056
0.245989044038342
0.267031199353508
0.274485615575267
0.267031363658421
0.245975433080469
0.214987105023252
0.178980792580031
0.143024934414858
0.111364939194132
0.214995795854015
0.245989156364573
0.267027445693857
0.274485615556141
0.267027486780099
0.245987840319319
0.214995892020219
0.178978726354031
0.143015848352603
0.111378078626937
0.0870992488614039
0.0719657576781677
0.0668443082086982
0.0719656434542268
0.0871093750051349
0.111386601170762
0.143015463239856
0.178970667311907
0.215013368869015
0.301587020001941
0.377463250942612
0.427908717750462
0.445603757345772
0.427908815493512
0.377460069791838
0.301587258553047
0.210727636692706
0.116574612800446
0.0303094453275898
-0.0385200558847625
-0.0827755104716851
-0.0980138242455024
-0.0827758488021957
-0.0384908113086627
0.0303331779997041
0.116573583681314
0.210706946055432
0.301630611508398
0.335314880910573
0.428374215886577
0.490086837748298
0.51170569156085
0.490086957205701
0.42837032035436
0.335315173946879
0.223481712543983
0.107101473212778
-4.69283892516222e-06
-0.0858125968735075
-0.141157681359173
-0.160246856925625
-0.14115810500247
-0.0857760697114401
2.48392556493051e-05
0.107100198252796
0.223456193933373
0.335368428691114
0.301587020001941
0.377463250942612
0.427908717750462
0.445603757345773
0.427908815493511
0.377460069791838
0.301587258553047
0.210727636692706
0.116574612800446
0.0303094453275898
-0.0385200558847626
-0.082775510471685
-0.0980138242455023
-0.0827758488021957
-0.0384908113086627
0.0303331779997041
0.116573583681314
0.210706946055432
0.301630611508398
0.214995795854015
0.245989156364573
0.267027445693857
0.274485615556141
0.267027486780099
0.245987840319319
0.214995892020219
0.178978726354031
0.143015848352603
0.111378078626937
0.0870992488614037
0.0719657576781676
0.066844308208698
0.0719656434542267
0.0871093750051349
0.111386601170762
0.143015463239856
0.178970667311907
0.215013368869015
0.111379432906175
0.0870991652959326
0.0719683672195666
0.0668443082216845
0.0719683386562722
0.0871001443740708
0.111379353588729
0.143017395959491
0.178980380863649
0.214997437816056
0.245989044038342
0.267031199353508
0.274485615575268
0.267031363658421
0.245975433080469
0.214987105023252
0.178980792580031
0.143024934414858
0.111364939194132
0.0303132165991603
-0.0385202972260679
-0.0827677810467579
-0.0980138242066861
-0.0827678656506429
-0.0385174696009313
0.0303129957234718
0.116578748394544
0.210731884429222
0.301591093071039
0.377462979427246
0.427917647592293
0.445603757391031
0.427918038468112
0.377430078793744
0.30156546133282
0.210732941455931
0.116598892929223
0.0302728554770727
1.20933615583229e-16
-0.0858128983147112
-0.141148002899208
-0.160246856876979
-0.141148108836602
-0.0858093665418909
-2.74849984240892e-07
0.107106596736518
0.223486951448458
0.335319884270429
0.428373883397842
0.490097751419752
0.511705691616126
0.490098229131404
0.428333594343912
0.335288398217595
0.223488255121898
0.107131553474834
-5.02240224639417e-05
