1.25157935914899e-16
0.107100995102646
0.22348727736687
0.335320177304209
0.42837410505706
0.49008899680431
0.51170569161664
0.490084798051697
0.428374548374753
0.335309877507595
0.223487929203591
0.107072031075469
5.49700475037178e-07
-0.0857938318286258
-0.141167463315761
-0.160246855694992
-0.141148320710531
-0.0858321635713153
5.02296483414505e-05
0.0303132165991602
0.116574226880653
0.210732148685938
0.30159133162013
0.37746316043754
0.427910484344421
0.445603757391453
0.427907048819487
0.377463522457526
0.301582946898444
0.210732677199292
0.116550847780225
0.0303136583509525
-0.0385050321179373
-0.0827833225477339
-0.0980138232635583
-0.0827680348577255
-0.0385357214616893
0.0303535823285098
0.111379432906175
0.143015703935257
0.178980483792743
0.214997533981587
0.245989118922516
0.267028188280938
0.274485615575445
0.267026744159742
0.245989268690628
0.214994153880497
0.178980689650934
0.143006955149713
0.111379591541241
0.0871044509276678
0.071963120244879
0.0668443085372213
0.0719682815299205
0.0870938246108074
0.111393928568425
0.214995795854015
0.17898053525729
0.143015752074364
0.111377999310488
0.0870991931510719
0.0719678509711062
0.0668443082085777
0.0719688549290192
0.0870990817306241
0.111380787202437
0.14301555951799
0.178989888565562
0.21499560352149
0.245982051655951
0.267034993179436
0.274485615091406
0.267027568952261
0.245996335240729
0.214978221524296
0.301587020001941
0.210732280814286
0.116574355520569
0.0303092244542564
-0.0385202167790144
-0.0827693101646478
-0.0980138242458631
-0.0827663364621185
-0.0385205385669363
0.0303169879109516
0.116573840961003
0.21075629406729
0.301586542899376
0.377446077368403
0.427926672963637
0.445603756246102
0.427909010978834
0.37748060369776
0.301543424554998
0.335314880910574
0.223487440326064
0.107101154472672
-4.96768603281642e-06
-0.0858127978343698
-0.14114991759581
-0.160246856926077
-0.141146194051714
-0.0858131997553732
4.69288803769452e-06
0.107100516992681
0.223517056818121
0.335314294837517
0.428353185688695
0.490108781839513
0.51170569021778
0.490087196119555
0.428395465488949
0.335261328190267
0.301587020001941
0.210732280814286
0.116574355520569
0.0303092244542563
-0.0385202167790144
-0.0827693101646478
-0.098013824245863
-0.0827663364621185
-0.0385205385669363
0.0303169879109516
0.116573840961002
0.21075629406729
0.301586542899376
0.377446077368403
0.427926672963637
0.445603756246102
0.427909010978834
0.37748060369776
0.301543424554998
0.214995795854015
0.17898053525729
0.143015752074364
0.111377999310488
0.0870991931510717
0.0719678509711061
0.0668443082085775
0.0719688549290192
0.0870990817306242
0.111380787202437
0.14301555951799
0.178989888565562
0.21499560352149
0.245982051655951
0.267034993179436
0.274485615091407
0.267027568952261
0.245996335240729
0.214978221524297
0.111379432906175
0.143015703935257
0.178980483792743
0.214997533981588
0.245989118922516
0.267028188280939
0.274485615575445
0.267026744159742
0.245989268690627
0.214994153880497
0.178980689650934
0.143006955149714
0.111379591541241
0.0871044509276678
0.0719631202448789
0.0668443085372214
0.0719682815299204
0.0870938246108072
0.111393928568425
0.0303132165991602
0.116574226880653
0.210732148685938
0.30159133162013
0.37746316043754
0.427910484344421
0.445603757391452
0.427907048819486
0.377463522457526
0.301582946898444
0.210732677199292
0.116550847780225
0.0303136583509526
-0.0385050321179373
-0.0827833225477339
-0.0980138232635583
-0.0827680348577256
-0.0385357214616893
0.0303535823285098
1.25157935914899e-16
0.107100995102646
0.22348727736687
0.335320177304209
0.42837410505706
0.49008899680431
0.51170569161664
0.490084798051697
0.428374548374753
0.335309877507595
0.223487929203591
0.107072031075469
5.49700475037178e-07
-0.0857938318286258
-0.141167463315761
-0.160246855694992
-0.141148320710531
-0.0858321635713153
5.02296483414505e-05
