0.352208544309598
0.337328264221957
0.294851318842161
0.230794580895897
0.153827179790845
0.0737140767865202
1.89180175589506e-07
-0.0590677031503834
-0.0971525158614197
-0.110298386586953
-0.0971527346124857
-0.059052702101711
-3.78360002626086e-07
0.073697118826311
0.153868174151996
0.230816453737162
0.294850861136071
0.337320380399809
0.352208540372054
0.306710387046678
0.294530872449466
0.259809136774393
0.207580272088811
0.145047744469789
0.0802352737468037
0.0208648288674507
-0.0265155809819152
-0.0569692507969062
-0.0674632057315362
-0.0569694254962202
-0.0265035707663518
0.0208643727792764
0.0802215856709733
0.145080982995065
0.20759807804748
0.259808763004627
0.29452442170916
0.306710383822718
0.18892926281572
0.183795796518987
0.169315091244672
0.147981047197769
0.12319286836501
0.0984369683199756
0.076662848408556
0.059949939760693
0.0495360601421406
0.0460091354842183
0.0495360011615408
0.059954098363103
0.0766626846252572
0.0984318460574546
0.123205815036598
0.14798822526825
0.169314936615675
0.183793084957406
0.188929261453236
0.0460091354761425
0.0495360306517798
0.0599505944749632
0.0766637805753743
0.0984380998036041
0.123194078015489
0.147982177373471
0.169315971294308
0.18379575409923
0.188929262803826
0.183795838938577
0.169310381473123
0.14798237594792
0.123199554237466
0.0984259901089915
0.0766578602045977
0.0599507095117232
0.0495379157503292
0.0460091364012173
-0.0674632057556746
-0.0569693381467404
-0.0265136901323516
0.0208674246741569
0.0802382973616143
0.14505085008269
0.207583075619408
0.259811264032276
0.294530771534018
0.306710387018533
0.294530973364512
0.259797752268037
0.207583568205708
0.145064909466812
0.0802059368365892
0.0208509381223415
-0.0265133579003797
-0.0569637545372405
-0.0674632029906585
-0.110298386617205
-0.0971526252371742
-0.059065341432744
3.41931090181937e-06
0.073717822697157
0.153831010067416
0.230798024754736
0.294853923811601
0.337328140887384
0.352208544275225
0.337328387556039
0.294837377747859
0.230798629848011
0.153848350058116
0.0736777316901054
-1.70959862876566e-05
-0.0590649264668717
-0.0971456336799733
-0.110298383151915
-0.0674632057556746
-0.0569693381467404
-0.0265136901323516
0.0208674246741569
0.0802382973616142
0.14505085008269
0.207583075619408
0.259811264032276
0.294530771534018
0.306710387018533
0.294530973364512
0.259797752268037
0.207583568205708
0.145064909466812
0.0802059368365893
0.0208509381223415
-0.0265133579003797
-0.0569637545372405
-0.0674632029906585
0.0460091354761424
0.0495360306517797
0.0599505944749631
0.0766637805753741
0.0984380998036041
0.123194078015489
0.147982177373471
0.169315971294308
0.18379575409923
0.188929262803826
0.183795838938578
0.169310381473123
0.14798237594792
0.123199554237466
0.0984259901089916
0.0766578602045978
0.0599507095117231
0.0495379157503291
0.0460091364012172
0.18892926281572
0.183795796518988
0.169315091244672
0.147981047197769
0.12319286836501
0.0984369683199756
0.076662848408556
0.059949939760693
0.0495360601421405
0.0460091354842183
0.0495360011615408
0.0599540983631029
0.0766626846252571
0.0984318460574546
0.123205815036598
0.14798822526825
0.169314936615675
0.183793084957406
0.188929261453236
0.306710387046678
0.294530872449466
0.259809136774393
0.207580272088811
0.145047744469789
0.0802352737468037
0.0208648288674508
-0.0265155809819152
-0.0569692507969062
-0.0674632057315362
-0.0569694254962201
-0.0265035707663517
0.0208643727792764
0.0802215856709733
0.145080982995065
0.20759807804748
0.259808763004627
0.29452442170916
0.306710383822718
0.352208544309598
0.337328264221957
0.294851318842161
0.230794580895897
0.153827179790845
0.0737140767865202
1.89180175589506e-07
-0.0590677031503834
-0.0971525158614197
-0.110298386586953
-0.0971527346124857
-0.059052702101711
-3.78360002626086e-07
0.073697118826311
0.153868174151996
0.230816453737162
0.294850861136071
0.337320380399809
0.352208540372054
