9.57959731862495e-19
-6.33602350709301e-18
9.19602599033751e-18
-9.29652565641031e-18
-4.7179022915835e-18
2.82137207128691e-17
1.73464260685011e-17
-3.83086337777436e-17
-3.33588288224487e-17
-6.09401330222986e-17
-9.61488165703468e-17
6.31719280627569e-18
1.75414604777746e-17
1.67401824643243e-17
-2.36659117156011e-17
-8.96764036209518e-18
9.01300001416476e-18
-1.00748876194306e-18
4.25187735275823e-18
0.220107882740774
0.206893498418244
0.168934483553419
0.110997213700035
0.0402084091027807
-0.034937936271451
-0.105501689433105
-0.163093246678339
-0.200745807941447
-0.213840045445737
-0.200746025412313
-0.163078497509848
-0.105502238210891
-0.034954009140689
0.0402464700520912
0.11101714460873
0.168934072596661
0.206886485941743
0.220107879249649
0.353003756742863
0.331682860444897
0.270416720123936
0.176845882753171
0.0624208583212942
-0.0591670812185212
-0.173452593937328
-0.266808969397789
-0.327883271746551
-0.349130022583982
-0.327883624584386
-0.266785051592257
-0.173453483164858
-0.0591931005478212
0.062482410345211
0.176878084352338
0.270416056669576
0.331671545098082
0.35300375111056
0.349130022632974
0.327883448165823
0.266805203847007
0.173447532939539
0.059161333722879
-0.0624266094153455
-0.176850952877102
-0.270420496079162
-0.331682683427684
-0.353003756693693
-0.331683037461401
-0.27039651218976
-0.17685184370814
-0.0624526450391641
0.0592228472165716
0.173479676571872
0.266804542220746
0.327872171040141
0.349130017020913
0.213840045475928
0.200745916677098
0.163090924611701
0.105498566089376
0.0349343858817743
-0.0402119653148181
-0.111000351810203
-0.168936822454839
-0.206893388715102
-0.220107882710297
-0.206893608120947
-0.168921966360165
-0.111000903182526
-0.0402280645491958
0.0349723844877415
0.105518403205566
0.163090516612875
0.200738966043832
0.213840042017555
1.87117465232222e-17
7.35190739088592e-17
1.50399029502371e-17
-5.05111893234719e-17
1.75847409466202e-17
9.56825954334932e-18
2.50484845566942e-17
1.69366122724593e-18
1.07514774716156e-18
-2.57939278171977e-18
-5.77833962172997e-18
1.21350663378749e-17
2.84601886317229e-18
-3.57647122918788e-17
5.43866838362686e-18
-3.52831248861237e-17
-5.55829710995537e-17
1.01452587729894e-17
-1.4589510603088e-17
-0.213840045475928
-0.200745916677098
-0.163090924611701
-0.105498566089376
-0.0349343858817745
0.040211965314818
0.111000351810203
0.168936822454839
0.206893388715102
0.220107882710297
0.206893608120947
0.168921966360165
0.111000903182526
0.0402280645491958
-0.0349723844877416
-0.105518403205566
-0.163090516612875
-0.200738966043832
-0.213840042017555
-0.349130022632974
-0.327883448165823
-0.266805203847007
-0.17344753293954
-0.059161333722879
0.0624266094153454
0.176850952877101
0.270420496079162
0.331682683427684
0.353003756693693
0.3316830374614
0.27039651218976
0.17685184370814
0.0624526450391639
-0.0592228472165716
-0.173479676571872
-0.266804542220746
-0.327872171040141
-0.349130017020913
-0.353003756742862
-0.331682860444897
-0.270416720123936
-0.176845882753171
-0.0624208583212941
0.0591670812185212
0.173452593937328
0.266808969397789
0.32788327174655
0.349130022583982
0.327883624584386
0.266785051592256
0.173453483164858
0.0591931005478212
-0.062482410345211
-0.176878084352337
-0.270416056669576
-0.331671545098082
-0.353003751110559
-0.220107882740774
-0.206893498418244
-0.168934483553419
-0.110997213700035
-0.0402084091027807
0.0349379362714509
0.105501689433105
0.163093246678339
0.200745807941447
0.213840045445737
0.200746025412313
0.163078497509848
0.105502238210892
0.0349540091406888
-0.0402464700520913
-0.11101714460873
-0.168934072596661
-0.206886485941743
-0.220107879249649
9.57959731862495e-19
-6.33602350709301e-18
9.19602599033751e-18
-9.2965256564103e-18
-4.7179022915835e-18
2.82137207128691e-17
1.73464260685011e-17
-3.83086337777436e-17
-3.33588288224487e-17
-6.09401330222986e-17
-9.61488165703468e-17
6.31719280627572e-18
1.75414604777747e-17
1.67401824643243e-17
-2.36659117156011e-17
-8.96764036209514e-18
9.0130000141648e-18
-1.00748876194303e-18
4.25187735275823e-18
