0.37358
0.3607
0.31523
0.25062
0.16754
0.080888
7e-09
-0.06831
-0.1117
-0.12463
-0.11265
-0.069795
-3.2e-08
0.082058
0.1706
0.25049
0.31607
0.36207
0.37615
0.32866
0.31518
0.27874
0.22634
0.15972
0.091725
0.025431
-0.03032
-0.064975
-0.07729
-0.06639
-0.031037
0.025822
0.092943
0.16253
0.22632
0.27866
0.31422
0.329
0.2016
0.19771
0.18498
0.16391
0.13824
0.11233
0.086692
0.066085
0.053089
0.046504
0.052867
0.066457
0.087721
0.11254
0.13872
0.1634
0.18368
0.19793
0.20195
0.047074
0.052849
0.066671
0.088064
0.11358
0.13846
0.16242
0.1834
0.19774
0.20159
0.19745
0.18441
0.16356
0.13776
0.11235
0.087297
0.066041
0.053051
0.046978
-0.077088
-0.066165
-0.03097
0.025875
0.093
0.16169
0.22577
0.27711
0.30772
0.32769
0.31519
0.27734
0.22457
0.16104
0.091619
0.025511
-0.030649
-0.065068
-0.077294
-0.12466
-0.1126
-0.069893
-1.316e-08
0.082079
0.16965
0.25204
0.31531
0.36117
0.37867
0.35873
0.3168
0.25137
0.16908
0.081035
1.9088e-08
-0.068827
-0.11184
-0.12371
-0.077475
-0.065305
-0.031077
0.025657
0.092746
0.16155
0.22646
0.27857
0.31474
0.3296
0.31453
0.27873
0.2256
0.16084
0.091024
0.025424
-0.030622
-0.064934
-0.077703
0.047062
0.053079
0.066364
0.086995
0.11161
0.13863
0.16326
0.18451
0.19785
0.20196
0.19781
0.1848
0.16386
0.13863
0.10499
0.086914
0.066171
0.052906
0.047128
0.19936
0.1978
0.18463
0.16372
0.13848
0.11134
0.087072
0.066095
0.053091
0.047078
0.053115
0.066573
0.087981
0.11309
0.13835
0.1638
0.18375
0.19849
0.20276
0.32776
0.31556
0.27826
0.22576
0.16085
0.091906
0.025477
-0.030553
-0.065231
-0.077254
-0.06614
-0.031021
0.025811
0.093005
0.16239
0.22684
0.27934
0.31554
0.32662
0.37818
0.34316
0.31729
0.249
0.16853
0.080981
6.5981e-09
-0.068697
-0.11152
-0.1247
-0.11255
-0.069906
-3.0347e-08
0.081974
0.16998
0.25274
0.31524
0.36101
0.37819
