0.380889054984903
0.364740752921452
0.318673320081307
0.249281931305881
0.166026818861782
0.0795023689678805
2.0390733992239e-07
-0.0636359910177553
-0.104636197384289
-0.118783279033503
-0.104636432817028
-0.0636198371560762
-4.07814302964994e-07
0.0794840675625311
0.166071127951324
0.249305609668571
0.318672823916832
0.364732198695927
0.380889050711112
0.331634101084265
0.318408377681846
0.280730372359566
0.224127197548643
0.156469719184621
0.0864704756320765
0.022455525564416
-0.0285620352735508
-0.0613226679250643
-0.0726062111325214
-0.0613228557916701
-0.0285491105885509
0.0224550341745797
0.0864557051963272
0.156505649929138
0.224146480114452
0.280729966974962
0.318401374102437
0.331634097582733
0.204225957946952
0.198621834651
0.182832207658747
0.15962321312048
0.132744448075739
0.106007451484999
0.0825924606047461
0.0646945190445302
0.0535792605540056
0.0498218127372447
0.0535791976877765
0.0646989636682742
0.0825922848747313
0.106001931441363
0.132758460002383
0.159631010738696
0.182832039204462
0.19861887538256
0.204225956459101
0.0498218127286454
0.0535792291208261
0.0646952187885869
0.0825934607659931
0.106008670837311
0.1327457572553
0.159624440842459
0.182833166393167
0.198621788356102
0.204225957933963
0.198621880945717
0.18282707679078
0.159624656556032
0.132751684059656
0.105995620742175
0.0825871085529699
0.0646953417373306
0.0535812384097776
0.0498218137136989
-0.0726062111584729
-0.0613227618585581
-0.0285600004531184
0.0224583222891588
0.0864737383345082
0.156473076341282
0.224130233568915
0.280732679548919
0.318408268117768
0.331634101053698
0.318408487245489
0.28071802491132
0.224130767004172
0.156488274489901
0.0864388189652208
0.0224405596648645
-0.0285596429247165
-0.0613167574054866
-0.0726062081857657
-0.118783279066056
-0.104636315100897
-0.063633447805123
3.68549509983131e-06
0.0795064116381645
0.166030958845937
0.2492856594417
0.318676143931292
0.364740619099072
0.380889054947593
0.364740886743299
0.318658207600035
0.249286314483068
0.16604970091334
0.0794631445436596
-1.84268599371555e-05
-0.0636330009496435
-0.104628790376245
-0.118783275337176
-0.0726062111584728
-0.0613227618585581
-0.0285600004531184
0.0224583222891588
0.0864737383345081
0.156473076341282
0.224130233568915
0.280732679548919
0.318408268117768
0.331634101053698
0.318408487245489
0.28071802491132
0.224130767004172
0.156488274489901
0.0864388189652208
0.0224405596648645
-0.0285596429247165
-0.0613167574054866
-0.0726062081857657
0.0498218127286454
0.0535792291208261
0.0646952187885868
0.082593460765993
0.106008670837311
0.1327457572553
0.159624440842459
0.182833166393167
0.198621788356102
0.204225957933963
0.198621880945718
0.18282707679078
0.159624656556032
0.132751684059656
0.105995620742175
0.0825871085529699
0.0646953417373306
0.0535812384097776
0.0498218137136988
0.204225957946952
0.198621834651
0.182832207658747
0.15962321312048
0.132744448075739
0.106007451484999
0.082592460604746
0.0646945190445302
0.0535792605540055
0.0498218127372447
0.0535791976877764
0.064698963668274
0.0825922848747313
0.106001931441363
0.132758460002383
0.159631010738696
0.182832039204462
0.19861887538256
0.204225956459101
0.331634101084265
0.318408377681846
0.280730372359566
0.224127197548643
0.156469719184621
0.0864704756320765
0.0224555255644161
-0.0285620352735508
-0.0613226679250643
-0.0726062111325214
-0.0613228557916701
-0.0285491105885508
0.0224550341745798
0.0864557051963273
0.156505649929138
0.224146480114452
0.280729966974962
0.318401374102438
0.331634097582733
0.380889054984903
0.364740752921452
0.318673320081307
0.249281931305881
0.166026818861782
0.0795023689678805
2.0390733992239e-07
-0.0636359910177553
-0.104636197384289
-0.118783279033503
-0.104636432817028
-0.0636198371560762
-4.07814302964994e-07
0.0794840675625311
0.166071127951324
0.249305609668571
0.318672823916832
0.364732198695927
0.380889050711112
