0.0   0.0   19.1737962442257  0.0   0.0   0.0
1.420397   0.0   19.1764030531081  0.7429482906272251   -0.16728784221894988   0.723869422196879
2.13076182451975   1.23021339403083   19.1762073325349  1.2863987481710621   0.3758193078285399   -1.2302770367520288
3.5510221799703   1.23029449920117   19.1780236258051  0.5482176782657538   0.20894918732979972   -0.506836127241646
4.26115473914334   2.46014032494663   19.1775502410459  0.578635356474281   -0.5010338178409999   -0.28945464090560025
5.68171282959492   2.46013544220835   19.1781088469658  0.7973751008132905   -0.6685751922443401   0.4345276328525598
6.39175415043159   3.69028929084365   19.1776425383945  1.3026444460358497   1.1282659611616408   0.6510748602672698
7.81219902260844   3.69044122349106   19.1771538749361  0.8484215098044455   -0.29272149130007996   -0.7963247998335303
8.52231028006349   4.92031115279888   19.1782332086812  1.157482273115066   -1.0022901684702594   -0.5789470016879603
9.94280471068974   4.92037338233318   19.1741196653355  1.178480817823492   -1.16953863775721   0.14490138981713052
10.6530388508195   6.15057975748816   19.1741446846713  0.7232775862020407   0.6264981527008988   0.3614284595388302
12.0734722921344   6.15052193161611   19.1745350923212  1.1783611418361877   0.45911886293919935   1.0852395359011302
12.7837468473163   7.38069268264606   19.1775666593485  1.3261899962105397   1.0024117529021002   -0.8683032786375104
14.2039376641823   7.38058304179231   19.1762435090164  0.8482762207654267   0.8358445616596004   -0.14469421363739965
14.9142527680702   8.61074219321393   19.1739749344352  0.14448964123056415   0.12512564233039924   0.07225531159950904
16.3346767653515   8.61058436015713   19.1762259635246  0.7973676465354976   -0.0421370330638986   0.7962534986963199
17.0449860402931   9.84086339180638   19.1761214165868  1.2616284065782761   0.5011269174762987   -1.1578333424400693
18.4652083673582   9.84093143896753   19.1774620346594  0.54815322770375   0.3343920903333988   -0.43434305677022067
19.1753988195072   11.0708460124482   19.1763319607844  0.4339764830582415   -0.3758059027357028   -0.21703804117390035
20.5959498782001   11.0708478378057   19.1783371643366  0.7431167351365654   -0.5433737879421976   0.5069195287394006
21.3060192423362   12.3010231105177   19.1780610499516  1.4472615134226263   1.2534989179885017   0.7233991642488995
22.7264165906399   12.3011773176867   19.1783367545268  0.7431280376211561   -0.1674313419394018   -0.724020735915099
23.4364706079733   13.5310118682903   19.1787229655305  1.012757923545096   -0.8769524476485984   -0.5065895935236995
24.8570041261727   13.5310851217777   19.1749642119466  1.0666063701223856   -1.044239429954402   0.21728589856260072
25.5671614291254   14.7612737371452   19.174731012456  0.8681595732807879   0.7520080701762026   0.43380284354640075
26.9876264054798   14.7613048464047   19.1745367087339  1.2139563238587934   -0.6685350739821025   -1.0132871316129997
27.697887211725   15.9913914120947   19.1778094404075  1.3803653424583557   1.1278440312666014   -0.7958494328680992
29.118130211979   15.9912748111928   19.1758022272219  0.9638391305271892   0.9611212374122005   -0.07233143528680053
29.8284393177628   17.2214660914446   19.1741896145403  0.28908295747852764   0.25036134508199837   0.1445273441023005
31.2488377866224   17.2212644218685   19.1760246932652  0.8725018280066541   0.08313170794979996   0.868532416786099
31.9591372937333   18.4515518230883   19.1763797052104  1.2532490414073918   0.6264664024614035   -1.0854367813814
33.3793315109332   18.4515821872961   19.1769285583927  0.5851766430260289   0.45986654454350173   -0.3618763114005006
34.0895944780868   19.6815680094376   19.1750142262858  0.2893022438441545   -0.25054297833250416   -0.14465131973660306
35.5101327583377   19.6815627939508   19.1778235936325  0.714398026638269   -0.4180859919887965   0.5792828702520012
36.2202851126354   20.9117602974931   19.1776628577755  1.3806836356280379   0.12497071408260041   -1.3750162261998007
37.6406326378722   20.9118927683764   19.1788117978146  0.6530198807625021   -0.042063469296500955   -0.6516637393793019
38.3506782045988   22.1417031312979   19.1788710430334  0.8680680053022479   -0.7516639033918011   -0.4342158888930996
39.7712267610774   22.1417344406737   19.1761819119967  0.9636133138576646   -0.9190271541197035   0.2897235037658987
40.4813331097658   23.3718844487669   19.1756513057473  1.013052518921861   0.8774616461020983   0.5062968158242
41.9018089994006   23.371999509221   19.1749544720613  1.0865416444366498   -0.5433111176535022   -0.940949400621097
42.612017988963   24.6020097279342   19.1778562435646  1.4470571197751254   1.2533008791784042   -0.7233334045531983
44.0323411086284   24.601940123455   19.1749553417167  1.0863787276204977   1.0863787267077996   4.453169109908117e-05
44.7426280689053   25.8321570533608   19.1742031717641  0.4337375186844804   0.3756508762625046   0.2168286288241994
46.1630173154213   25.8319613146041   19.1756010865727  0.9635955526298542   0.2083978249254983   0.9407904844408002
46.873289972658   27.0622421524116   19.1768359340013  1.2615258765324597   0.7517761032348034   -1.013054898693099
48.2934625415459   27.0622229829223   19.1765908828738  0.6529290265206386   0.5852730758359996   -0.28943348177890016
49.0037529576144   28.2922822325575   19.1740900258772  0.14463676380903046   -0.12527016525230295   -0.07229923334870136
50.4242619024324   28.2922494477648   19.1769711834218  0.7143644236073001   -0.29273638790569834   0.6516302148548014
51.1344900887622   29.5224813493617   19.1768206982545  1.3264858051090787   0.25037808890959923   -1.3026417019848004
52.5547877186844   29.522593572281   19.1785760287485  0.5852340836687487   0.08341350956600024   -0.5792591122369011
53.2648350371228   30.7524183744197   19.1784518053766  0.7233364182399381   -0.6263266562994971   -0.3618431891867999
54.6853882181515   30.7524260828642   19.1773161350123  0.8724870534001893   -0.7937858022330033   0.3621294775688
55.3954176803231   31.9825843208924   19.1767027807795  1.1579333467277182   1.002952190270598   0.5787024619746006
56.8158917804025   31.9827207112818   19.1758515600658  0.9639678059153692   -0.4179823362700006   -0.8686338108821019
57.5260541916581   33.2126529158112   19.1778986596185  1.3022863614125564   -1.1276843210644003   -0.6513661329441973
58.9464716779189   33.212653779102   19.1741602471137  1.2138423936174692   1.2116844205517978   0.07234792004640411
59.6567399148936   34.4428744106522   19.1740564669793  0.5784987614764349   0.5010753730574038   0.289109473288498
61.0771409957238   34.4427291412215   19.1749742861531  1.0665670864089178   0.3337603314313   1.0130001929781045
61.7874030758309   35.6729713816206   19.1772311646849  1.2861821626561907   0.8771222384489974   -0.9407024685590955
63.2075677437326   35.672894744118   19.1764019502402  1.8097433596293258   -1.7966664165774944   -0.21716540991839395
23.4364310454763   35.6730604424498   19.1772314688987  1.2863218161896295   -0.8769830978954012   -0.9410230926024994
24.8569967952786   35.6730287981688   19.1749749508092  1.0665921596605699   -1.0441818238904013   -0.21749288196700434
4.26130334533977   3.5402319577689e-05   19.1758655901878  0.7518831020235516   0.7518830976120396   -8.14486495397713e-05
5.68153052001588   4.61809664692388e-05   19.1757116084623  0.9302313741353248   0.5848930149842699   0.7233467843630088
6.39179379240335   1.23030082821704   19.1784228407616  0.9486976931167129   -0.12561038519841006   0.9403453323408799
7.81207377265107   1.23020019732641   19.1765197678694  1.0863275188704395   0.9611188791343199   -0.506318060537834
8.52248910900365   2.460204804545   19.1754017944781  0.3825582190125473   0.2504650684332894   -0.28916784127692985
9.94279051714162   2.4601088243188   19.1773382836146  0.44252552668903805   0.08346753219697867   0.4345825730978601
10.6530841662211   3.69035577765659   19.1748848073036  0.9038699150288534   -0.626623981728601   0.65140095856305
12.0734385706985   3.69039607360462   19.1753814159191  0.918934415911246   0.4594578127952005   -0.7958259728154098
12.7836196188827   4.92036237404317   19.1750298458002  0.6307313402079343   -0.25078209513189975   -0.5787316859147698
14.2041692792231   4.92031444160968   19.1785104063534  0.44258270432205954   -0.41819202977609926   0.1448960882728505
14.9142403421916   6.15036038884142   19.176525427616  1.1847503637459555   -1.128081741973201   0.3620290151671304
16.3346644782054   6.15057333868854   19.1756223832887  1.0863811923234474   -0.04223860025780013   -1.0855597614513801
17.0447263170741   7.38062475936634   19.1772592664791  1.1487174401153424   -0.7518105858192996   -0.8685232295541594
18.465318097973   7.38063517710504   19.1753786234797  0.9304027000742818   -0.9190366904747016   -0.14498532983312984
19.1754953517452   8.61065669985864   19.1756671855247  0.8802398301453447   0.8772661386711   0.07229301844164127
20.5957819942156   8.61075276625109   19.1749650161849  1.0664951129873523   0.710231180975299   0.7956025990381992
21.3059892998133   9.8410056188633   19.1787231211284  1.0126674716578261   -0.00031084453220131536   1.0126674239500009
22.7263115106777   9.84093135161932   19.1767470711398  1.1698480627233008   1.086354086464901   -0.43402682944545035
23.4366881092102   11.070941895749   19.1763309425013  0.433874628677484   0.37575595255200156   -0.21692085545599937
24.8569202289227   11.0708607583808   19.177461614186  0.5481245288933231   0.20884895271629844   0.5067766905885005
25.5672251588161   12.3011257883281   19.1756666798322  0.8803102384868395   -0.5013469274961011   0.7236002862596003
26.987543230251   12.3011091133218   19.1753788723409  0.9303300726233505   0.5849734241510021   -0.7234086929699011
27.6978222240917   13.5310915072132   19.1744544459126  0.5216184465114414   -0.12548087206959835   -0.506300656216899
29.1183307145098   13.5310103412082   19.1785171177867  0.3647196586037143   -0.2928466295852985   0.2173965982082997
29.8284477037681   14.761099055493   19.1763837276958  1.0927858686377419   -1.0027164607764973   0.4344429237336005
31.2488607012057   14.7612734487986   19.1762229197403  1.0165566957774734   0.08307795242799898   -1.0131562414308988
31.9589033328439   15.9912733027128   19.177206424027  1.0130655619296858   -0.6265580818784002   -0.7960695967067011
33.3795037532327   15.9912783083995   19.1762780000258  0.7971413670732619   -0.7938372600318999   -0.07250354256499847
34.0896187732202   17.2212973134486   19.1756601342249  1.0131074597939715   1.0027248151927992   0.14467090269560146
35.5099740394775   17.2214611286102   19.1743886227791  1.2048260580702255   0.8356620793168048   0.8679140046093003
36.220141273022   18.4516879035234   19.1783567592467  1.0922456403035212   0.125114553696001   1.085056167769899
37.6405385515418   18.4516366522085   19.1762833022735  1.2644376468553356   1.2116022806491955   -0.3616938986363003
38.3508801399679   19.6816455142926   19.1766440284118  0.5215431367311708   0.5010835271941048   -0.1446462659251999
39.7710712715386   19.6815710227841   19.1772595390865  0.6685145784018747   0.33419539936759435   0.5789863353977971
40.4813821802164   20.9118297934119   19.1767326001389  0.8802597361531824   -0.3761191117241012   0.7958590433539996
41.9016649088335   20.9117640478363   19.1756003445934  0.9635645687371711   0.7104246539306942   -0.6509635083574992
42.6120393456769   22.1417541550256   19.174202813462  0.4338228661799063   -0.00018149045919813034   -0.4338228282164991
44.0324864378363   22.1416611449588   19.1779942064215  0.334800367017499   -0.1674452113146998   0.2899196215554021
44.7426617186912   23.3718131227178   19.1756521530908  1.0132328368136299   -0.8773428505498018   0.5068632006632008
46.1630575085254   23.3719505078341   19.1761832258054  0.9635083440009389   0.20845822357710375   -0.9406877792246
46.8730964527443   24.6019241456394   19.1767340278069  0.8802823656982993   -0.5013098896848973   -0.723592038280902
48.2936873403911   24.6019201336389   19.1772592346346  0.6686499686320443   -0.6686499683613008   -1.902801490061279e-05
49.0037452986613   25.8319413921485   19.1758623135823  1.1488358372155272   1.1281443488107001   0.2170578473982978
50.4241487120064   25.832156853173   19.1742468128057  1.2645387090337161   -0.292741124702502   -1.2301872949078003
51.1342687868359   27.0623396023144   19.1776496546421  1.1843168532985668   0.25059939083590166   1.157500045062502
52.5547530670049   27.0623223526467   19.1754277961694  1.2049168576196176   -1.1695272231853053   -0.2898805064236001
53.2650404975563   28.2923390255955   19.1763268987403  0.6306282034736138   0.6264626402402982   -0.07236360549000054
54.6852281689451   28.2923015190623   19.1765919841043  0.7969909643501252   0.4595364164845961   0.6511688561196998
55.3955043140433   29.5225678735289   19.1777093150893  0.9036114886160961   -0.25086348799879943   0.8680905671346011
56.8157695940895   29.5224694591335   19.1760214812018  1.0165615177590699   0.8358276369054991   -0.578609955646801
57.5261735100661   30.7524765116208   19.1745133126959  0.3825207969094289   0.1251792413420958   -0.3614585973597002
58.9465505446377   30.7523720151258   19.1774391530688  0.36473053542548045   -0.04195164406949914   0.36230984396179977
59.6567912960212   31.9825832279826   19.1748959268515  0.9491234645559813   -0.7519315480453983   0.5791668999734014
18.4652562532646   31.9826751186302   19.1757106393252  0.9302673377625414   0.3339655787569029   -0.8682535988485007
61.7872560622937   33.2126387664314   19.1758647319703  0.7519324565709335   -0.3760182333195985   -0.6511625814310946
20.5959168888706   33.2126184556043   19.1780227907349  0.5482169065281305   -0.5434122617282995   0.07242161560340321
21.3059546323736   34.442646335439   19.1762064228008  1.2864651765553765   1.253493315207301   0.2893910144083023
22.7263795523338   34.4429105228224   19.1747311733715  1.169985600716272   -0.16745063970979857   -1.1579406673678037
25.567098243934   34.4428558660932   19.1740571900359  0.5785168597824161   -0.500958318068701   0.28934844152040284
26.9876424136886   34.4428278993676   19.1741609395793  1.2138604150687706   -0.668549544687302   1.0131626787290031
27.697768675727   35.6730117042369   19.1748967322025  0.9491387252579669   -0.12567343759729965   -0.9407818593418966
29.1182873033082   35.6730152856665   19.1774395050883  0.36478145439188747   -0.2928637594816017   -0.21747718926490478
8.52234294393374   -4.57386559209267e-05   19.1765062109788  1.0025532447276742   -1.00255324376427   -4.395143149937621e-05
9.94284133426979   9.79225488249386e-06   19.1738836794666  1.375525067608075   -1.1696486824844001   0.7238723445336935
10.6529544594083   1.23022333460966   19.1762137804102  1.130214118251119   0.6266394323328015   0.9405886321553001
12.0735517070387   1.23022598439617   19.1761452366389  0.9419001134893705   -0.7938511770797003   -0.5069281334079451
12.7837426243253   2.46014574425941   19.1778232368086  1.0433954751927115   1.0025379435676012   -0.28912244700104006
14.2039297908193   2.46021193540768   19.1769709171709  0.9417698092225817   0.8358461167385993   0.4339258493062399
14.9142114441292   3.69044975376779   19.1780311466962  0.6627902105935161   0.1250207414070985   0.6508922164818203
16.3345980863434   3.6902760624536   19.1779320037648  1.3753842116711452   -0.042172208395800936   1.3747375147835599
17.0449337543399   4.92033724818226   19.1778870745233  0.7653937652607818   0.501151631071199   -0.5785107246842998
18.4650468516037   4.92037000848719   19.1785167950359  0.36463233333403067   0.3346378062521005   0.14482498796617005
19.1753742230859   6.15052461244789   19.1744539578316  0.5216000592411175   -0.3757880525722008   0.3617318915223402
20.5958683239776   6.15047167952702   19.1745365798591  1.2138988012522558   -0.543324343867301   1.0855178289843197
21.3060769473669   7.38064444207933   19.1747313430947  0.8682523203151098   -0.0003824174186988216   -0.8682522360981801
22.7265191779619   7.38069992536508   19.1777612809472  0.22154386947640012   -0.16748039566360262   -0.14502414685471976
23.4365179749654   8.61068466317809   19.1762531975842  0.8801074941641136   -0.8771353172528009   0.07226919476280003
24.8570464310174   8.6107259187539   19.1741366423808  1.313252334743326   -1.0443808338748006   0.7961786034199694
25.5670847427859   9.84094325211426   19.1761214757045  1.2615807092663003   0.7520481262834977   1.0129212712478406
26.9876917229385   9.84094130655204   19.176225817064  0.7974458944985893   -0.6686080715329012   -0.43460695039737907
27.6978425671198   11.0708428889767   19.1772594473987  1.1486169410903886   1.1279681892710016   -0.21681476276429912
29.1181286034991   11.0709408306914   19.1756232357474  1.086296252780897   0.9611420092901   0.5062070591996992
29.8284102303715   12.301170065976   19.1778877572196  0.7653675052322817   0.2503289635434989   0.7232723056198989
31.2488416800161   12.3010345794297   19.1779323056581  1.3754666192188838   -1.1695710672269009   -0.7238866895386007
31.9591467589597   13.5310536217779   19.1787411187707  0.8053651169632705   0.6264316679852975   -0.5061584109411008
33.3792197319335   13.5310584425845   19.1788982157473  0.5086568516288522   0.4599703014268002   0.21716149408749885
34.0895458698392   14.7612468423396   19.1754752361598  0.5011824040688825   -0.2505933936403011   0.4340354285217991
35.5099829442773   14.7611326537878   19.1752908440869  1.230995126657911   -0.41801293550889795   1.1578489485259986
36.220276795452   15.9912860331437   19.174909705453  0.80549703280712   0.1250204132207955   -0.7957357388852007
37.6406325726373   15.9913686691492   19.1778641640839  0.08378081942959915   -0.041942744713701074   -0.07252607717349946
38.350691627359   17.2213973371367   19.1755269845592  0.7654789754890889   -0.7516899365126974   0.14463851928639926
39.7712410409395   17.2214182107375   19.1742467560156  1.2645473795899325   -0.9191002087485032   0.8685245428346988
40.4812631060999   18.4516277237791   19.1758625048623  1.1489519229044676   -0.3761988116819026   -1.0856173244910003
41.901859517426   18.4516102276644   19.1765902140315  0.6530639905103138   -0.543397408738798   -0.3622317378105002
42.6119694552576   19.6815026229012   19.1768360095835  1.261632467971181   1.2533327571428003   -0.14447658672559882
44.0323460491489   19.6816086678264   19.1744704596609  1.2308594530047192   1.0863959218491033   0.5785835238241006
44.7426091937175   20.9118255605176   19.1772055215415  0.8799865100244997   0.3757011111762978   0.7957543169132002
46.1631031141824   20.9117558968322   19.1772951066922  1.230944945683407   -1.0443611431843962   -0.6515637051817009
46.8733622563207   22.1417383050189   19.17887083479  0.8679015597215304   0.7517231287312995   -0.4337804226766018
48.2934299737748   22.1417426856732   19.1788118898047  0.6529109182789549   0.5852402915261976   0.289458923479998
49.003721456937   23.3719636623702   19.1766439237908  0.5216250538378567   -0.1254129383665017   0.5063242949747
50.424110033942   23.3718031629376   19.1762825281312  1.2645094236348078   -0.29270244663810274   1.2301663953276005
51.1344442905092   24.6019373349388   19.1755261079468  0.7654013075100597   0.25045449502989925   -0.7232646178663984
52.5547092447154   24.6020281955036   19.177864138024  0.08365151564931739   0.0836515106479041   -2.8926658600880728e-05
53.264867251492   25.8321058014076   19.1745769215477  0.6628292947852895   -0.6262940780273993   0.21702166217540153
54.6854225442427   25.8321179831817   19.1741872868597  1.231009559760666   -0.7938320467218958   0.9408587661384011
55.3954643612489   27.0623218982508   19.1753908052061  1.0438396700893982   -0.2509512931840945   -1.0132249036130005
56.8160309574929   27.0623068141813   19.177051736499  0.5088057751097478   -0.41816572396830054   -0.2898633196579006
57.5260747706914   28.2922203248911   19.1766232400653  1.130257662503721   -1.1279415328769034   -0.07232068901550193
58.9465211831632   28.29230382662   19.1738835526351  1.449604374288422   -1.2949239521681974   0.6515556768666997
17.0447997125711   29.5225212916601   19.1765059539176  1.5039921114450459   -0.7519784652606987   -1.3025055313023017
18.4653571510738   29.5225042150474   19.1765197923173  1.0864031064272837   -0.9190961277056999   -0.5792529824621013
19.1755753836931   30.7524544835892   19.178422655314  0.9486805535675518   0.8771246053486976   -0.3614515450362994
20.5956832488122   30.7524843098929   19.1781090387335  0.7973098525286485   0.7105566954132989   0.3616796697944018
21.3059567874483   31.9827235147648   19.1775496461711  0.5785734706173147   -0.00019128947390001372   0.5785734389950008
22.7263282262687   31.9825548604716   19.1772534120227  1.313128839590877   -0.1673993136446974   1.3024149949829997
23.4366625960693   33.2126685805072   19.1766026559723  0.7516428319342533   0.3758754559412978   -0.6509105840428973
24.8568449529077   33.2127272511743   19.1780368882048  0.22140387959408872   0.20923408260010135   0.07239320809169669
27.6978709395325   33.2127146634194   19.1778993613276  1.3022330535004687   1.127870501018002   -0.6509370619058004
29.118109423865   33.2126421645848   19.175852635078  0.9638922990030374   0.9611741640878009   0.07233664608950363
29.8283971687174   34.4428840451874   19.1745138761419  0.3824712450254569   0.25036085763929705   0.2891430342122021
31.2488197837606   34.4426463041604   19.1760218425505  1.0165732661172435   0.08309196104980288   1.0131717186110052
31.9591004331587   35.6729106656417   19.1766231661285  1.1301892795506103   0.6265109500128041   -0.9406443733554042
33.379260965635   35.6729431892719   19.1770519083634  0.508708455073414   0.4600181695535994   -0.21718097509619838
12.7835848205533   -8.88394080803336e-06   19.1744136374541  0.25045441467457585   -0.2504544114403   -4.0250184270109434e-05
14.2041270113477   -1.90806063142297e-05   19.1767245822926  0.8359461543181437   -0.4180270648387001   0.7239194333498963
14.9142994863916   1.23021586458705   19.177187889625  1.2366830659863117   0.1250217479935003   -1.2303473364160034
16.3346423002427   1.23030385121696   19.1788982887305  0.5087464098247811   -0.0419726617368994   -0.5070120365201639
17.0446754794906   2.46012560779571   19.1787414294982  0.8054477789934978   -0.7516175656569004   -0.28951193357365
18.4652205629686   2.46014688407772   19.1762225766248  1.0165685402262084   -0.9190140842615016   0.43453965285879015
19.175277467486   3.69034731046099   19.1763831423666  1.092685781320025   0.8775392723092992   0.6510660813264804
20.5957997679152   3.69041812496257   19.1758016644815  0.9639508844195396   -0.5432590786132003   -0.7962856780562797
21.3060241974732   4.92032531838219   19.1778095715508  1.3803601461389978   1.2533112608352006   -0.5784505307392802
22.7263537046264   4.92034307044962   19.1747844774736  1.0960119653797185   1.0864228410940981   0.14466388147890008
23.4366426191709   6.1505934544226   19.1745002535814  0.5212995164667312   0.37563746140279974   0.3614549535686402
24.8570723768525   6.1503981485772   19.1757227984516  1.1052296572527363   0.20832950887480095   1.0854176205511799
25.5673350223321   7.38063014125003   19.1771565453355  1.1485042357061535   0.7517735201637024   -0.8682733174615302
26.9874726941933   7.38061343008793   19.1769660217191  0.6029960359493403   0.585356744061098   -0.14478156496187022
27.6977616919453   8.61073649894628   19.1739751602604  0.14457942555585349   -0.1252332542097001   0.07224847634455145
29.1182676254257   8.61066960716979   19.1762435797362  0.8483180661272356   -0.2927082767535971   0.7962194459053311
29.8285198223732   9.84092153189731   19.1765257574534  1.184721351727927   0.25042011888480076   -1.1579526956217894
31.2488056229823   9.84100881006607   19.1785107759676  0.4425597816092062   0.08351864491299921   -0.4346076348269605
31.958879789089   11.0708548703916   19.178031617664  0.662877723376683   -0.6262943401492009   -0.21716877226279863
33.3794370054161   11.0708544453026   19.1769702255799  0.9418508945652835   -0.7938077721524976   0.5069046542138995
34.0894633813033   12.3010482336396   19.1771874450765  1.2366076479177648   1.0029037927749016   0.7234517657220998
35.5099636058258   12.3011386639945   19.1767240262985  0.8359894881369309   -0.4180156380541007   -0.7239760704730998
36.2201316568783   13.5309901622677   19.1779506870922  1.2362786958392233   -1.127764482800103   -0.506490162906001
37.6405545649748   13.5310695594517   19.1741874039005  1.230912940844091   1.2116422324809974   0.21695568304590118
38.3508256534473   14.7613109246681   19.1745765104433  0.6627044229656082   0.501007811494901   0.4337837307221992
39.7712815919365   14.7611761186748   19.1754276166534  1.2048080521300912   0.33363418676039913   1.1576919589866002
40.4815433640771   15.9913407823312   19.1776490548491  1.1843081508937896   0.8770345560664055   -0.7958619124816
41.9016799395817   15.9912681775437   19.1769709166396  0.7142833391976253   0.7106063910111047   -0.07238263403250045
42.611967791627   17.2214461546265   19.1740894631521  0.14455460130400907   -7.291881580329118e-05   0.14455458291250167
44.032429963586   17.2212974195098   19.1760895853093  0.8845597671598842   -0.16743102459009407   0.8685694178836023
44.7427291163783   18.4515605812559   19.1761296263728  1.1486949465243732   0.3757961361922   -1.0854848429129014
46.1629648223251   18.4516509054515   19.1778647501736  0.4181148812375452   0.20901952895160036   -0.3621199945172009
46.8731191325557   19.681545455423   19.1767572594318  0.5215210931466799   -0.501026698037002   -0.14476359504739733
48.293682756325   19.6815517500007   19.1772669857435  0.8846586099103607   -0.6686229113974989   0.5792790851073981
49.0037178316257   20.911753559434   19.1776618814323  1.3805933201289124   1.128165453475603   0.7957893095341007
50.4241743563492   20.91185268464   19.1778224389165  0.7144187269926523   -0.29277683589939585   -0.6516715751346993
51.1342655665342   22.1416789373205   19.1783560454947  1.092357251074524   -1.0023822814328938   -0.43413606835239804
52.5547555484095   22.141775913478   19.1743879860594  1.2049675121143857   -1.1696041239013013   0.2897807768023988
53.264960607406   23.3720069220736   19.1749097498562  0.8054138026054819   0.6264860057408939   0.5061686260903997
54.6854508410702   23.3719557547866   19.175291484605  1.2310597832120662   -0.7938502900875974   -0.9409090852840016
55.3957052933718   24.6020369170259   19.1779508551957  1.2361648546304262   1.0023911518955018   -0.7234055062169986
56.815871421746   24.6019431278933   19.1767249318732  1.671356930099942   -1.6713569296489013   3.882912060149124e-05
14.9142327458212   25.8321645404152   19.1744134628765  0.25035654377454897   0.12511656189469988   0.2168507434858995
16.3346628160061   25.8319510761887   19.1761451880188  0.9418370206723851   -0.04216171855980022   0.9408928541534998
17.0449544080186   27.0622265297914   19.1762134068859  1.13024350620734   0.5011839476074975   -1.0130473996730984
18.4651476923663   27.0623023978503   19.1773383138043  0.44251632605007857   0.3345564795673006   -0.28964229801669816
19.1753766674972   28.2922723040899   19.1754024163568  0.38263404973794   -0.3757235927861018   -0.07239197360729932
20.5959374146532   28.2922852760898   19.1771541415436  0.8484097946351918   -0.5433408351145985   0.6515979715514
21.3060226538106   29.5225041877077   19.1776426267735  1.3027147707214133   -0.0003441250005025154   -1.3027147252694
22.7264257465183   29.5226053276492   19.1786401642941  0.6030877459296066   -0.16740910452769953   -0.5793867628895981
23.4364609112649   30.7524273863603   19.1787350638761  0.9486951879273294   -0.8769736374597983   -0.3618560470643004
24.8569889101793   30.7524889459633   19.1751955641964  1.1052741822882992   -1.044264887597901   0.3621351440597991
25.5671052457982   31.9827104197637   19.1755179624672  0.9488698545609068   0.7520624836841989   0.5785810414533046
26.9876252356121   31.9827227929654   19.1753283602367  1.096113594455467   -0.6685327841783   -0.868636246324602
29.8284793224072   31.982547315713   19.1767035799048  1.1580116509340925   -1.0027378818566994   0.5792302858005982
31.248845933749   31.9827066666715   19.177316462972  0.872462517068881   0.08318523721090187   -0.8684878007205015
31.9588779746538   33.2126143521664   19.1777096517977  0.9036666781135259   -0.6264526172267999   -0.6512837964377951
33.3794607124705   33.2126181729578   19.1765910090998  0.7970917004451158   -0.793795589910097   0.0724136752124025
34.0895379325616   34.4426906012797   19.1753901967455  1.0437508524517534   1.002853692446699   0.2893100647052975
35.5099486519208   34.4428703439841   19.1741870850613  1.2310106405886958   -0.417993907903103   -1.1578723116986964
36.2200893034635   35.6730344464134   19.1779509450625  1.4687568314396493   -1.1276976784552062   -0.9410337804284055
37.6404993138224   35.6729724115121   19.175291568892  1.2309503315198973   1.2116721619619   -0.21700066957389907
17.0448581050545   5.14021242643185e-05   19.1754758043433  0.5011231374867984   0.5011231302902992   -8.492740685877049e-05
18.4651181234254   -4.51614620802657e-05   19.1762787182321  0.7970327179189015   0.33406903695760093   0.7236428898147292
19.1754132972559   1.23023395606625   19.1772059501748  1.0130013679344194   -0.376196411059599   0.9405572984900401
20.5956497258194   1.23017857428887   19.1760245316132  0.8725105683231057   0.7105461174965022   -0.506358476522469
21.3060238070696   2.46017847226582   19.1741897780996  0.28918066281645805   -7.565387280195068e-05   -0.2891806529203804
22.726480127265   2.46009188190397   19.1775484717305  0.465791035787552   -0.1673889653584979   0.4346748477842399
23.4367261765029   3.69028478268492   19.1758371953159  1.0928787704658809   -0.8773907181945013   0.6515900049579897
24.8570633015744   3.69042223594795   19.1770250831283  0.8229476351403976   0.2086243673140018   -0.79606449710184
25.5671235844337   4.92031358098139   19.1771328710721  0.7656866424398412   -0.5012022192442984   -0.5788543597792
26.9876953530328   4.92030907299607   19.1777155082  0.6841234069396646   -0.6686125729322008   0.14485186653860005
27.6977383440563   6.1503745086065   19.1760735207335  1.1847920259590927   1.1282359334138974   0.3616847015425497
29.1181654499144   6.15059773360569   19.1747549855837  1.1243722048412772   -0.29273489484080173   -1.08559621239307
29.828263159929   7.38069132249497   19.1775669253823  1.3261845918257076   0.2506767813289983   1.3022775137805507
31.2487585662285   7.38066569278709   19.1745351453123  1.1784486057581653   -1.1694934484423989   -0.14500410498903005
31.9590341610014   8.61075106862685   19.1750297033535  0.6306438773613758   0.6264985332723008   0.07218925031502899
33.379305715618   8.61070384762737   19.1753815751456  0.918892822731185   0.459388769457199   0.7958178046283493
34.089584063544   9.84096846588288   19.1778227682526  1.0434215650995253   -0.2509716558605035   1.0127891145097188
35.5098202221546   9.84088823155774   19.1761450803252  0.9418205469071137   0.8358492174750012   -0.43402998539598947
36.2202235151819   11.0709082614092   19.1744131972666  0.2504026648193893   0.12516785393110297   -0.21687439427219957
37.6406158103165   11.0708119027592   19.1770520308576  0.5087206225997307   -0.04201823156009965   0.5069823863556007
38.3509154535759   12.3010495764574   19.1753906991334  1.0438316240141505   -0.7520782210385022   0.7238527534876003
39.7712271834017   12.3011386624685   19.1765919484416  0.7970376092232752   0.33408501796139944   -0.7236408994039003
40.481356998506   13.5310369564312   19.1763272199461  0.6307432867684919   -0.3759789732642034   -0.5064354899359991
41.901915080351   13.5310041137928   19.1785754487703  0.5852767731370845   -0.543438746256605   0.21730906617260004
42.6119705787772   14.7610723324143   19.1768200538212  1.326502325291027   1.2534767271594944   0.43405588749840085
44.0323877023658   14.7612952184707   19.1758702477881  1.0270178606042992   -0.1675071035792044   -1.0132655408384998
44.7424542398007   15.9913093944099   19.1775756780805  1.1845022687480509   -0.8770069338640027   -0.7961811744971996
46.1630090995217   15.9913129954359   19.1745103798367  1.0467579064569172   -1.044241938153199   -0.07253198833699948
46.8732283252518   17.2213980341023   19.174720541778  0.7656470721860758   0.7518815643284   0.14453218454789862
48.2935405156559   17.2214271272523   19.1745283007943  1.0466171475182466   0.5847189040589029   0.8680502616296977
49.0037851440553   18.4516716766813   19.1781653260233  1.092338246519222   -0.1257256061467018   1.0850787606288002
50.4240497694607   18.4515847864215   19.1762072813076  1.0268883485464757   0.961078834064601   -0.361700366454798
51.1344368854999   19.6816284562404   19.1750128179328  0.2891563286464713   0.25039914337899916   -0.14460861451300033
52.5547657920228   19.6815230729933   19.1769280112589  0.5851909007170459   0.08331821922280369   0.5792291987007978
53.2650748007021   20.9117947326884   19.1756598529396  1.013217903671566   -0.6267882876258994   0.7960822588248
12.0734449747746   20.911832037551   19.1762787630329  0.7970408767228274   0.4595723580534994   -0.6512045814336993
55.3955711080252   22.1417648948395   19.1754763686925  2.0054332065935436   1.0025253372420977   1.7368665159693997
14.2041939615709   22.1417031058914   19.1788983893776  0.5087751630926794   -0.41818269956490006   0.28978508651170287
14.9142873285716   23.3717999898368   19.1771878703746  1.4687574571294428   1.3786907289835995   0.5064191363762021
16.3346792726472   23.3720001389686   19.1769702256711  0.9418435318482714   -0.042213424385099785   -0.9408970535005992
17.04471360674   24.601951404834   19.1778230179419  1.0435011964660696   -0.7517355491848008   -0.7237322786210001
18.4652931756046   24.6019686036052   19.1753806035056  0.9190130761746479   -0.9190130741916   -6.037295609928606e-05
19.1754334837564   25.8320518304321   19.1748845227271  0.9037782752114581   0.8773649752057011   0.21690060171999903
20.5957995463911   25.8321661139769   19.1741197429586  1.1783753477940468   0.7101809495507005   0.9403251986329018
21.3059901907469   27.062382335289   19.1782333122301  1.157407169110834   -0.00031166193680221   1.1574071271492983
22.7263152512192   27.0623016081535   19.1759694277131  1.1242614088196847   1.086382306869897   -0.2893738044143994
23.4366652519295   28.2923692702214   19.1754772992995  0.38265289421186577   0.3757461556517008   -0.07237447037239875
24.8569477587153   28.2922560566377   19.1767704604025  0.6840414951356121   0.20870813817559863   0.6514243472012993
25.5672484012281   29.5225432124471   19.1763729759865  1.0026946878424166   -0.5014643260913978   0.8682915217166993
26.9875064667192   29.5225215154281   19.17604361066  0.8230048798505772   0.5851069467820018   -0.5787805223789988
27.6978069318525   30.7524959229173   19.1746139220522  0.3827216221327479   -0.12538004203990027   -0.36160155572950003
29.1183148619502   30.7524047860377   19.1783842461401  0.46578367942470633   -0.29279565347729886   0.3622501087966974
31.9591420515029   30.7524787316108   19.1784512353652  0.7232374171287106   0.6264215391511954   -0.3614808664679998
33.3792283151734   30.7524572525641   19.1785757052242  0.5851642619420581   0.45983602440669813   0.3618950733459023
34.0895319995873   31.9826833818909   19.176326162801  0.630694631005734   -0.250671175233002   0.578739733806799
35.5099037749892   31.9825533444923   19.1754270083292  1.2048133612517902   0.835696443531603   -0.8678632897636973
36.2202432438458   33.2126407792935   19.1745761781776  0.6627748798196748   0.1250919382233988   -0.6508629259002987
37.6406024576064   33.2126574321443   19.1778642030501  0.08374306830761165   -0.04191137421809543   0.07250060827830396
38.3507035986668   34.4427664269747   19.1749102572058  0.8055284646563741   -0.7517056721784954   0.28950766792320337
39.771218459945   34.4428229507344   19.1743884771978  1.2048965812781909   0.3337358011266005   -1.157754804188805
40.481250568589   35.6729707888325   19.1756604096961  1.0132201398121088   -0.37613872535509785   -0.9408159814804975
41.9018521808934   35.6729604708969   19.1769279616114  0.5852743503001508   -0.5433923132817995   -0.21741862612370255
21.3059640294135   -9.95827201466982e-05   19.176379890665  1.253312057135818   -1.2533120544871004   8.14821428523542e-05
22.7263639257845   4.08625998299572e-05   19.1740918426711  1.3051427163371712   1.0864376268966005   0.7232225057831461
23.4365733508482   1.23024817677366   19.1772125215536  1.0128043533615352   0.37585577058050035   0.9404813118342201
24.857094753747   1.23023322277471   19.1765687973958  1.160847415922711   -1.0442932010658978   -0.5069698543917339
25.5673564087393   2.46018569942619   19.1781920932014  0.8054775352458862   0.7517792283182985   -0.28917477700333993
26.9874502494974   2.46019655110893   19.1781248375414  0.7285844153691412   0.5851498956515009   0.4340908314371901
27.6977339760208   3.69043326214344   19.1775400222117  0.6629593232349846   -0.12546543075849925   0.6509788705855
29.1180725423773   3.69027979235585   19.1764617333539  1.2476222445300156   0.9610945448578008   -0.7955240668205401
29.8284498768412   4.92034256800474   19.1754635197585  0.6303717501784412   0.2504923049956993   -0.5784653391180603
31.2487157405769   4.92035067887257   19.1778151816994  0.16735233532452323   0.08365073894050212   0.1449460520789705
31.958920786146   6.15050385916692   19.1741448782394  0.7233550908651689   -0.6263398696306979   0.3618576449262294
33.3794265757314   6.15053216511973   19.174119819046  1.1784459714318212   0.4591976685476027   -1.0852983040548505
34.0895136773805   7.38066025999676   19.1748851094597  0.9038899240809228   -0.25090137943820423   -0.8683694447935295
35.5100843244428   7.38065742324943   19.1773380681956  0.4426041591718296   -0.4181756122776008   -0.14500896183497058
36.220118517159   8.61061679780517   19.1762136818916  1.130300432205627   -1.127979811008501   0.07239207830594019
37.6405699967123   8.61075249168545   19.1738836034966  1.3755318721960996   -0.042152617366404854   -1.3748858455437194
38.3507239741689   9.84093542749936   19.1766234656283  1.130149803800534   0.5012733258403017   1.0128986286057398
39.771303420134   9.84094873574616   19.1760217966031  1.0166564678755803   -0.9190703933058941   -0.4346262599312194
40.4815243182458   11.0708841856528   19.1777098306833  0.9035644254676708   0.8771514664939986   -0.21687317906589954
41.9016707257419   11.07093071107   19.177316920105  0.8723852646491159   0.7104376053639996   0.5062948339274005
42.6119440034793   12.3011684953635   19.1784511552559  0.7232584871149187   -0.00027401133279880696   0.7232584352094005
44.0322858898841   12.301011498573   19.1774592933861  1.3050689152337216   1.0863544253256023   -0.7232143085454013
44.74266398839   13.531042353061   19.1768016059546  0.6303737815568756   0.37580091338830357   -0.5061074766992011
46.1628440008054   13.5310351605804   19.1780655464961  0.30159943339856493   0.20910880828940037   0.21733781199350055
46.8731360823399   14.7612174715452   19.1741142128785  0.6630477232448667   -0.501107195535198   0.4341933461984997
48.2936105447166   14.7612019520957   19.1740372441397  1.16943650583864   0.5846742791063022   -1.0127871091890999
49.0037864290623   15.9913142552825   19.1742383939857  0.805719948125187   -0.12567408669720237   -0.7958584413949996
50.4243059297094   15.9913268235086   19.1775981020022  0.30176324385054876   -0.29291628538089753   -0.07253347570510016
51.1343207206823   17.2213258499684   19.176020307901  1.0130307273210082   -1.0026377227473944   0.14473718050469842
9.94289289899277   17.2214421842087   19.1740915369809  1.305208411045068   0.08302781083322941   -1.302564923100201
53.264886469814   18.4516138822985   19.1763799573153  1.2532093865935976   0.6266428122454997   1.0852891561732996
12.0735811173225   18.4516261078322   19.1760243934416  0.8726156709029741   -0.7938753724435994   -0.3622430152991001
12.7837480796306   19.6815583985293   19.177206420516  1.0129283483048115   1.0025608046363992   -0.14455335280210235
14.2039795943249   19.6816483022609   19.1762235883675  1.016459269933335   0.8357462154546997   0.5785479330068988
14.9142341362931   20.9118863002971   19.1787415469504  0.8053645646500562   0.12500046108070073   0.7956047804806019
16.3346138514525   20.9117580543981   19.1779321306186  1.3753455915952701   1.2115606714631006   -0.6509195308826001
17.0449578407034   22.1417614227625   19.1780306560961  0.662774496077046   0.501095492520399   -0.43378951119860076
18.4650727433213   22.1417463914234   19.1785102712065  0.4424708022131196   0.33449663291930065   0.2896418708970998
19.1753891817635   23.3719539107039   19.1750289198126  0.630721098061971   -0.3758883843157008   0.5064750991677975
20.5958123396814   23.3718837527839   19.1745345391885  1.1783735527317876   0.7102022254500966   -0.9403068800894019
21.3060786824866   24.6019862624537   19.1741445388647  0.7233561288309278   -0.00032571622950072765   -0.7233560554983995
22.7265257414024   24.6020100233844   19.1778151167863  0.16747076751952056   -0.16747076424570295   -3.311400739747228e-05
23.4365562589265   25.832064254565   19.1756334681807  0.9036383937013763   -0.8771720500411995   0.2170979990643005
24.8570635718011   25.8321494167573   19.1743506717864  1.2477205333843102   0.20833485395730023   -1.2302045025341997
25.5670940648101   27.0623138091777   19.1761309142461  1.1305339185883299   -0.5014150401067994   -1.0132570743070985
26.9877096148157   27.0623065843872   19.1763788893818  0.7287499795620446   -0.6686279527443979   -0.2898502950154018
27.6978244446721   28.2922408949187   19.1766877521867  1.1303321257822418   1.1280214884762998   -0.0722373595247987
29.1181513925824   28.2923579631347   19.174953932364  1.1607507358979336   0.9611089084897984   0.6508547740541992
29.8283900891765   29.522586427677   19.1781416102223  0.9034117125374119   0.2504030588694981   0.8680155704010026
31.2488384785268   29.5225021297371   19.1774600158971  1.3051778857676388   -1.1695781774546   -0.5792893925481977
34.0894867313504   29.5225028099277   19.1768201483538  1.3264087215411935   1.0028090298057037   0.8681786373325977
35.5100158730051   29.5225283179421   19.1769705793845  0.7144064918212583   -0.4180856944568987   -0.5792935246028996
36.2201403681455   30.7523713750687   19.1776492297557  1.18442098148974   -1.1278446069893988   -0.3616899278084027
37.6405718931613   30.7524700590235   19.1742470715359  1.2644344712581606   1.2116217306548975   0.36161763495539745
38.3508195621815   31.9827183458722   19.1755268001474  0.7653558210506286   0.501021734423901   0.5785730329448029
39.77131544377   31.9826118923048   19.1762834291846  1.26456285055067   -0.9191218199538014   -0.8685241983259004
40.4815506924026   33.212691078652   19.1783564119469  1.092242064698697   0.8770520525909973   -0.6509780525817987
41.9016577956115   33.212644921053   19.1778232357867  0.7143111753990953   0.7106399027289001   0.07232830669590129
42.6119265304884   34.4428663820327   19.175013226837  0.28919708417817214   -7.201175569804263e-05   0.28919707521249904
44.0323695016726   34.4426751921625   19.1762072400082  1.0269458121355137   -0.16740527790389592   1.0132093436169
44.7426644142947   35.6729209993819   19.1760201412338  1.0129584507952987   0.3758702363695008   -0.9406414771043998
46.162882246978   35.6730320634246   19.1775983590212  0.3016673013292227   0.20917134772010115   -0.21737181966440033
25.5671193804552   -2.66274764011639e-06   19.1754511047156  0.5009472468619226   -0.5009472328385982   -0.00011853223738721261
26.9876958083372   5.56022962210943e-07   19.1758732402667  0.9854300846260144   -0.6685893117623003   0.7239204264857068
27.697741410495   1.23023450106429   19.1768418013777  1.2367721165938126   -0.12566250999189776   -1.2303715706917464
29.1182203026494   1.23027021521129   19.1777586353842  0.5854817697205675   -0.2927836427770032   -0.5070173973320401
29.8282826633431   2.46010625641575   19.1779028498144  1.0433686038604142   -1.0024248522401003   -0.2894174478725202
31.2487743762822   2.46017954887408   19.1743506335931  1.2477330098677357   -1.1696072890471   0.43457617666122994
31.95895304659   3.69041712454945   19.175633088711  0.9035296478977582   0.6265480502672993   0.6510018166921601
33.3794885935222   3.69038326550681   19.1759692378612  1.1243667631021974   -0.7938447217056961   -0.7962481873065199
34.0897235218763   4.92037825564302   19.1782334201762  1.1574120473990854   1.0024487424480952   -0.5785319059730201
35.5098760774258   4.92034694373727   19.1771545582967  0.848344401767169   0.8359208194173959   0.14465340533234983
36.2201484547142   6.15059271358455   19.1754019048477  0.38252955238280306   0.12511533178049916   0.36148998907250984
37.6405697087274   6.15036631459526   19.1765196125345  1.086318456374457   -0.042152329381501374   1.08550033154647
38.3508662288818   7.38059490641465   19.1765056918152  1.0025168649660352   0.5012305667777   -0.8682211604591501
39.7710295302541   7.3806831182589   19.1774392718856  0.3647111690858449   0.3346898804416014   -0.14490314277457994
40.4813111646423   8.61071255515273   19.1745138946978  0.3825629379204394   -0.37567995984009883   0.07224243382430906
41.9018746942323   8.61070917834588   19.1758519782985  0.9639384241098613   -0.5433257275793011   0.7962251184343696
42.6119967580949   9.84094331036219   19.1767032293043  1.1580078291336595   -0.00036620743370008313   -1.1580077712290908
44.0324128489692   9.84098940403502   19.1783835493184  0.46581385632198485   -0.1674261649456028   -0.4346849756239184
44.7424417563562   11.0708310772545   19.1781411000387  0.9035223613585115   -0.8770438298726972   -0.21713308812129917
46.1629693166054   11.0708563079637   19.1749530826895  1.1608669695808624   -1.0443290013956954   0.5069408820638994
46.873066697807   12.3010852123455   19.175990885348  1.0435396763716283   0.7520489601028046   0.7234621052758001
48.2936259766928   12.3010975338316   19.1758453037691  0.9854153885331757   -0.6685779167015014   -0.7239109456674004
49.0038569739986   13.5310145709511   19.1777914042124  1.4688215328574492   -1.3787413160887994   -0.5064672533298005
50.4240962569092   13.5310401519184   19.1758739738082  1.5610204172087356   -1.5458114330862998   0.2173746909881995
8.52247090122326   14.7612955238059   19.1754508274454  2.0050573166908867   -1.00267208041351   -1.7363477596308012
9.94289845247595   14.7610786416968   19.1765686178071  1.16077144103701   0.08302225735005031   1.1577986194117003
10.6531747996685   15.9912774159589   19.1772118838505  1.01281049346587   0.626474541990099   -0.7958107462913997
12.073296985532   15.9913167290943   19.1775482412404  0.46572515280027044   0.46005594744569933   -0.07244613979140091
12.7836024214921   17.2214232951408   19.1741897977288  0.2892149147818386   -0.25048016265770023   0.1445854593216005
14.2041329255528   17.221378462857   19.1758018393518  0.9639195243533744   -0.418054015552201   0.8685457325381982
14.9143347324026   18.4516209586843   19.176383585412  1.0927479998551461   0.12498810244810166   -1.0855764208169987
16.3346807045852   18.4516907605268   19.178517008499  0.3647166979657016   -0.04197860299720091   -0.36229279135170245
17.044710744222   19.6815598552235   19.1778877424373  0.7654898938925064   -0.7516644190634025   -0.1448287912179005
18.4652609509654   19.6815570766034   19.1756221719984  1.086410077715555   -0.9190864280498019   0.5792814469120984
19.1752903782721   20.9117857990745   19.1765251378163  1.1846354733112514   0.877481954192401   0.7958559069919993
20.5958458979557   20.9118193775239   19.1762430383934  0.8483935799642923   -0.5433163999221016   -0.6515972345708008
21.3060377982178   22.1416851302113   19.1775667690662  1.3261966192543861   1.2532803217573978   -0.4336887224927999
22.7263791662002   22.1417723837279   19.1747557133304  1.124254490372807   1.0863996051237983   0.28928196817339824
23.4366665160281   23.3720269808795   19.1754639631061  0.6302983596967832   0.3756003432607997   0.5061624288494997
24.8571214945896   23.3718542264163   19.1764622142785  1.2475986455130916   0.20827693116880042   1.2300906878068005
25.567375561424   24.602003674996   19.1779026089  1.0432883737322476   0.7517378821397998   -0.7234229657128992
26.9874772470948   24.6019867516906   19.1777587819354  0.5853631063648391   0.5853631039881968   -5.2748436299765444e-05
27.6977688367402   25.832161484752   19.1744092033976  0.2504614714955386   -0.1252729598138984   0.2168816134281002
29.1182560464086   25.8320382398846   19.1758451361148  0.985353102397638   -0.29272836006980185   0.9408670701090003
29.8285250354694   27.0622859489254   19.1759910777981  1.0436099181400933   0.2504198828469981   -1.0131197083835985
31.2488070722369   27.0623775211456   19.178066064237  0.301660313117781   0.08357060658800108   -0.2898532356638981
31.9589033249176   28.2922869419012   19.1768029506449  0.63047865463978   -0.6262973441168   -0.07249117676400019
33.3794752035983   28.2922706069816   19.1758705325867  1.0270402515207149   -0.7938585165133958   0.651613638594899
36.2202549372182   28.2923184203549   19.174089746112  0.1444991163138623   0.12510951705360185   -0.07230216703599979
37.6406655432085   28.292203397294   19.1765910163562  0.652988548304515   -0.042121235007002156   0.6516286103129012
38.350969202689   29.5224741595844   19.1758626833632  1.1489546956722216   -0.7521811435476025   0.8685162174643999
39.7712294210073   29.5225473318579   19.1772600786277  0.6685379970557309   0.3342084843568003   -0.5790058225020012
40.4813761878226   30.752439771517   19.1766449756581  0.5216819038906576   -0.3759063665787963   -0.3617269860164001
41.9019254434873   30.7524154933975   19.1788114795569  0.6530420708638288   -0.543422978220903   0.3621538527472019
42.6119748126244   31.982543108447   19.1776619155465  1.380646773708127   1.2535012177111966   0.578722913791399
44.0323787956531   31.9827341325013   19.1772668105132  0.884635352189794   -0.1674749593764986   -0.8686379247568006
44.7424276396854   33.2126459393976   19.1781654272012  1.092400989389675   -0.8769516093498027   -0.6513799171592041
46.1629730131225   33.2126802123546   19.1745276821849  1.0467282915874325   -1.044221722383206   0.0723955172134012
46.8731528701951   34.4428318349892   19.1742380756833  0.8056367050836707   0.7519680595740041   0.2891272003091032
48.2935491398421   34.4428607950641   19.1740374445397  1.1694128333116434   0.5846597448779036   1.0127681656891028
49.0037939321164   35.6730494348138   19.1777912027492  1.4687289880284309   1.1278872582522013   -0.9407630801362004
50.424048340297   35.6729337932995   19.1758455231522  0.9853160931724079   0.9611179230890983   -0.21702566986749616
29.8284345570323   5.20552475090964e-05   19.1744093956361  0.25040761848231174   0.2504076123566996   -5.538772301000386e-05
31.2487987663101   -9.6402991711413e-05   19.1763792820059  0.7286458203914637   0.08324473325210135   0.7238750209530205
31.9591066345806   1.23019082919938   19.176130573708  1.1304753134893613   -0.6268442012037987   0.9407660611576298
33.3793385596756   1.23022048330502   19.1767703656895  0.684084185774216   0.45975292711659677   -0.5065554453700931
34.0895745461009   2.460164952452   19.1754777605994  0.38275226151468505   -0.25059088482900194   -0.28931557534157015
35.5101073869831   2.46012941944599   19.1786406611228  0.6030455682585089   -0.4180961773200025   0.4345797325078897
36.220225705508   3.69028151343844   19.1776428861447  1.30270537804203   -1.128053441183603   0.65156483623156
37.6405885255625   3.69045714079172   19.1781087181696  0.7973960648828676   -0.0420951426007008   -0.7962841724284799
38.3506198490038   4.92031925893635   19.1784226542203  0.9487652041285464   -0.7516322608639996   -0.5789683557791001
39.7711811729322   4.92035517422458   19.1757103228545  0.9302984420997273   -0.9189555902716009   0.14483029545558956
40.4812935316228   6.15048477164286   19.1748957534871  0.9490533386091312   0.8774933282160973   0.36153519671170997
41.9017254859984   6.15059999762363   19.1741601091321  1.213924239279948   -0.5432324884756952   -1.0855922448948796
42.6119367381392   7.38071826118497   19.1778987408196  1.302217313944722   -0.00030618747800303936   1.3022172779481291
44.0322626157624   7.38061696433829   19.1753282184011  1.0960179929453546   1.0864297580179993   -0.14465760178060005
44.7425928080382   8.61075420419793   19.1746132254502  0.3826129818705018   0.37573508966760016   0.07222074693824077
46.1629312277563   8.61059453553002   19.1760435006891  0.822987548746777   0.208574996965595   0.7961186946888201
46.8732366984113   9.84087966954724   19.1766872709587  1.1304029866528782   -0.5015716195413944   1.0130334756089603
5.68153362117058   9.84086455143874   19.1763793126431  0.7286396531171488   0.5852122642654702   -0.4340994699927201
49.0037625808666   11.0708600795725   19.1744098255378  0.2504985684877171   -0.12531556364299945   -0.21689984399079876
7.81235611377562   11.0708161832285   19.1777593155705  0.5854533335620081   -0.29276213098250015   0.5069969826749006
8.522568536937   12.3010031739665   19.176842315775  1.236787319337574   -1.0027697161272497   0.7239445902085997
9.94289257791376   12.301154807617   19.1781248735417  0.7286467629185253   0.08329066210034064   -0.7238706864616997
10.6529336907262   13.5309959808723   19.1781922578344  0.8055765857550671   -0.6263938926266999   -0.5065415351150993
12.0734963007682   13.5310128418278   19.177024266717  0.82299748071015   -0.7937957370363993   0.21728594321329986
12.7835491681147   14.7611280112883   19.1758364755167  1.0927819344210412   1.0029139258636999   0.4339769734740013
14.2039970182919   14.7613033384317   19.1747837869925  1.0961093163978788   -0.41800355825620095   -1.0132762006379998
14.9141495801926   15.9913520987001   19.1778096446512  1.380379529689269   0.12517325465810103   1.3746924391672
16.3345653641811   15.9912963702066   19.1745371386343  1.2138257724891939   1.2116704171052   -0.07230357025139966
17.0448613371589   17.22145222785   19.1744542708968  0.5215013470425905   0.5010821203318017   0.14450039325559771
18.4651963684628   17.221328514092   19.1753792017873  0.9302984786003187   0.33387652805350143   0.8683212097495989
19.1754862491716   18.4516007410243   19.1772588681615  1.1486702168518061   -0.37634168608789764   1.0852696450168011
20.5956874315037   18.451547341243   19.1762259584201  0.7973311136751942   0.7105602594059022   -0.3617195358113001
21.3060389925167   19.6815902891265   19.1739750718399  0.1445727722660905   -7.47244553025439e-05   -0.14457275295490035
22.7265014427888   19.6815272525378   19.176966198551  0.6030328888227913   -0.16741639046409773   0.5793275560561
23.4367851077846   20.911756707298   19.1760740193406  1.1848822621767252   -0.8774669878094024   0.7962397004205002
24.8570749724859   20.9118762552675   19.1777161058143  0.6840874504315669   0.20873949128860048   -0.6514625581064024
25.5671584212996   22.1417272673142   19.1775408160644  0.6630520580749657   -0.5011518493659999   -0.4341484257652972
26.9877174261236   22.1417214892319   19.1781239555718  0.7286946971017016   -0.6686298229590975   0.28970695786229683
27.6977505835281   23.3718337239383   19.1768411950385  1.2366597783812372   1.1282426429363   0.5063555530712023
29.1181887347754   23.3720295848486   19.1758725554746  0.9854663864415916   -0.29276191944070007   -0.9409752692455022
29.8282894579694   24.6020052887331   19.1777911816592  1.2363281742792167   -1.0022962315049995   -0.7238160117235992
31.2487886087428   24.6020023063221   19.174037514106  1.1695405544179447   -1.1695405535059002   -4.618815879808835e-05
31.9590437648773   25.8321604841365   19.1741146561259  0.6629138120491724   0.6264674997625974   0.21677913632719736
33.3794045372854   25.8320968669437   19.1745114599084  1.0466262531170172   0.4591945796095942   0.9405141422492989
34.0896836003946   27.0623341845004   19.1775758194808  1.1844381993215944   -0.2511261557062028   1.157510043987699
35.5099013309793   27.0622312668367   19.1760901515252  0.884472337311892   0.8357974808272033   -0.2893680813650015
38.3507499369843   27.0622922823942   19.1768367219641  1.261506445155156   0.5012870691009965   1.1576311094299996
39.7713427070824   27.0623030959797   19.1756008624164  0.9637276255756785   -0.9191054037838953   -0.28985546921349936
40.4815300053702   28.2922792731326   19.1767335108492  0.8801370470193738   0.8771624132100939   -0.07230022397909863
41.9017387590258   28.292347232005   19.1761832008686  0.963442461627133   0.7102878238529016   0.6509320887407988
42.6119678844993   29.5226036110821   19.1788706954854  0.867951320539859   -0.000325627393600314   0.8679512594573993
44.032293640173   29.5224880671562   19.1772944960854  1.2308056568873853   1.0863222136438964   -0.5786074776303991
44.7426680621436   30.7524926114032   19.176755976383  0.521403733840789   0.3757642377689976   -0.36147350010339707
46.162865179521   30.7524299845795   19.1778641766355  0.41809466053788485   0.20897716301900005   0.36212109922900027
46.8731553411639   31.9826680326889   19.1747202975992  0.7657487691970883   -0.5012190613459993   0.5789219550770994
48.2935496402063   31.9826460171079   19.1745106579917  1.0466668135370234   0.5848259129094018   -0.8680380580074996
49.0037732723777   33.212685948336   19.1741146307166  0.6630359048688445   -0.12557152923830017   -0.6510364061940024
50.4242881216846   33.2126498800975   19.178065827216  0.30170558078460374   -0.2928768572036944   0.07245277076179946
51.1343384707685   34.4426994156181   19.1759912661168  1.0436389304796758   -1.0026572803998945   0.28958693905949673
52.5547960566878   34.4428557485363   19.1749534438166  1.160839984909404   0.08304526834469783   -1.1578656890892063
53.2648472036914   35.6729571510552   19.1766877372701  1.1304385798968835   -0.6266162163012012   -0.9408737962062972
54.6854573172642   35.672962292849   19.1760432998833  0.8230698452356938   -0.793835014446401   -0.21741651265529782
34.089638010427   -6.55482805205283e-05   19.1763733104329  1.002661849711156   1.0026618488114991   4.2474736686112e-05
35.5099284313753   5.82557650928322e-05   19.1751960904904  1.1051954254997953   0.8357214528316987   0.7232057672768851
36.2201324600836   1.23030431114944   19.178735203248  0.9486044237839494   0.12508767873600135   0.9403209162040997
37.6405162677642   1.23022965442416   19.1772537778499  1.3131444946369928   1.2116057289003024   -0.506320078104167
38.3508581075436   2.46021603881224   19.1775498979796  0.578587579264487   0.501126468048696   -0.2891986339874002
39.7709983176718   2.4601686399767   19.1780231729858  0.5481480030715677   0.3343966704793999   0.43433293686253993
40.4813042526928   3.69041244044265   19.1758642447721  0.7518906475067455   -0.3759435477292996   0.6511574269935196
41.9016507229312   3.69033687995192   19.1749739904944  1.0665904962568142   0.7103748792525977   -0.7956021729685099
42.611980431121   4.92036999651811   19.1740564471516  0.5785582846701485   -0.00019375261469889438   -0.5785582522273698
44.032427961913   4.92032550999975   19.1780366268793  0.2214508267973437   -0.16739951020740307   0.14497542092212967
44.7425385974286   6.15042362808393   19.1755181395774  0.9489589540961542   -0.8772002022232996   0.3619984831165306
3.5510845544827   6.15054057620782   19.1751956467189  1.1052562098918481   0.20841247312261002   -1.0854287312170294
46.873043287424   7.38060745835484   19.1763732759758  1.5039660519794118   0.752028765278105   1.3024463987822408
5.68173866354385   7.38060347391003   19.1767698603479  0.6841463816538969   -0.6686150509610407   -0.1449489053373103
6.3918344944317   8.61057317734296   19.1761307603631  1.130416825196948   1.12809508763194   0.0724132028640696
7.81220259185876   8.61074684422286   19.1743510755519  1.247646748001641   0.9611028411711189   0.7955524724943501
8.52238975838444   9.84096366419851   19.177903418526  1.0432889009235644   0.2505099256690695   1.0127667588993905
9.94285668962913   9.84093997163149   19.176462443828  1.247702945703504   -1.1695512565992505   -0.43464065491428094
10.6531631714373   11.070910832197   19.1775404204147  0.6629210913966456   0.6264327336498017   -0.21690182947719983
12.0732863899723   11.070888298067   19.1777159701172  0.6840264448714191   0.4596872999853012   0.506537030744699
12.7835801736891   12.3011355769111   19.1771319944457  0.7656420730449554   -0.2507697891877996   0.7234101857502999
14.2038904149033   12.3010203101559   19.175722247248  1.1052272077379062   0.8357658996855992   -0.7232029740307002
14.9142782351785   13.5310491793149   19.1744998560708  0.5213537901084653   0.1251380484623006   -0.5061128760341003
16.3346435299818   13.5309860945008   19.1777615032759  0.2214799364716516   -0.0419269369731019   0.2174752726531004
17.0448203109466   14.7611510365897   19.1747317567398  0.8682796949781946   -0.7518135051224029   0.4343801126053002
18.4652729457895   14.761235977994   19.1749650363266  1.0665498929557606   0.33382006251499874   -1.0129624080026005
19.1753368299918   15.9912865263533   19.1756676084046  0.8803473085891521   -0.376105534535899   -0.7959623173439994
20.5959296909589   15.991281670322   19.1774614100517  0.548244208229291   -0.5434283498652022   -0.07250751974619973
21.3059857258237   17.2212625353752   19.1761213661786  1.261702107214722   -1.2533605819890994   0.1448428764766021
22.7264041676028   17.2214642399859   19.1741367140309  1.3132612981510103   -0.16744123147320167   -1.302543155225198
23.4365529945475   18.4516416158157   19.177157030929  1.1484696366965634   0.3759402128752001   1.0851965088209994
24.857096555908   18.4516552585509   19.1757228137207  1.1053422301411167   -1.0442837608052002   -0.362288383269302
25.5673552848786   19.6816210842981   19.177132630286  0.7655689715889596   0.7517839831951996   -0.1446260449259995
26.987503063884   19.6816379582845   19.1770251561932  0.8228616570859313   0.5849796696374021   0.5787055320394998
27.6977738978371   20.9118885084163   19.1781913436773  0.8054952967568911   -0.1255782953149982   0.7956461304143012
29.1180757896316   20.9117594032919   19.1765679747224  1.1607463655790473   0.9610729830537004   -0.6509000279991
29.8284824567841   22.1417759344883   19.1754499675406  0.5008840673245841   0.2504503925998982   -0.4337735005117018
31.2487624498257   22.1417090603092   19.1775984192602  0.3016354413872522   0.08353611412339745   0.2898372942498
31.9590183117165   23.3719191282657   19.1742386651126  0.8057448814309821   -0.6265096848598972   0.5066659932627999
33.3794533121288   23.3719546339757   19.1745287576633  1.0466570566037325   0.45927776135769705   -0.9405078054225022
34.0895943454337   24.601992102869   19.1747216035489  0.7657807881328571   -0.2508985676269049   -0.7235123525111007
35.5101606414662   24.6019701068448   19.1778645364576  0.41824546056190104   -0.4182454573074992   -5.2175450200309115e-05
36.2202141746594   25.8319700103982   19.1761299680873  1.148819802937978   -1.1281000775038947   0.21720302658609825
37.6406661310166   25.8321472650737   19.1744702116165  1.2309464591503947   -0.04228190584490221   -1.230220072073699
40.4813856170502   25.8321185664782   19.1742036003265  0.4339175925884401   -0.3757804332258985   0.2169643822434999
41.9019257235281   25.8320880055617   19.1749545516823  1.0865242440361422   -0.5434013321771047   0.9408772104087006
42.6120628192582   27.0623188407818   19.1756515539095  1.013176619440588   -0.00043473170569541253   -1.013176526173698
44.0324920972172   27.0623546521733   19.1779938472721  0.33481697796657794   -0.1675036959896019   -0.28990501990219997
44.7424821410855   28.2922680027306   19.1772050300084  0.8801125963191218   -0.8771251066744057   -0.07245501667240006
46.1630120871229   28.292273763946   19.1744697328041  1.2309975415434233   -1.0443962333060028   0.6516068255798011
46.8730622434228   29.5225145196616   19.1761295038066  1.1486511367694485   0.7520402504925983   0.8682366587750003
48.2936505661158   29.5225132586806   19.1760896796609  0.884622568084202   -0.6686062313809984   -0.5792432954488014
49.0038311661813   30.75241128979   19.1775759382247  1.1843860426611779   1.1279060667378005   -0.36138373326240014
50.4240874727351   30.7524867934098   19.1758713565172  1.0269261268850984   0.9611572370252972   0.36159927515569734
51.1343725697103   31.9827346141498   19.1768025606982  0.6303584101846428   0.2502984417096954   0.5785347140563033
52.5547990636447   31.9825485016706   19.177459911953  1.3050862150063753   0.08304226138779569   1.302441557776497
53.2650818344307   33.2126555820925   19.1781410565517  0.9034415281977626   0.6264689763069953   -0.6509556179934037
54.6851697937217   33.2126776338452   19.1783837250239  0.46572235018051955   0.4600661975669027   0.07236298303689637
55.3954875059298   34.4428332368971   19.1746132030753  0.3826792723246861   -0.250500329062497   0.28929744313860084
56.8159819736891   34.4427434336449   19.1753278932678  1.0960568500336196   -0.41802481041980144   1.013210677193598
57.5262146657517   35.6729620180802   19.1755180193616  0.9489473205027419   0.12502101481789651   -0.940675694882799
58.9465655513082   35.6730461315065   19.1780366591587  0.22147326850494686   -0.04193121459989868   -0.21746765714570415
38.3506331604741   -4.37658154456312e-06   19.1766031860166  0.7516355798939448   -0.7516355673106005   -0.00013753609846034386
39.7711879234065   -1.04377553479498e-05   19.1747317537702  1.1699326324523878   -0.9190659267420003   0.7239200140753409
40.4811952694505   1.23023053666328   19.1762068593479  1.2863272847965141   0.8774832783361006   0.9405641816763499
41.9017738999689   1.23022037981855   19.1764020873045  0.7430731642235782   -0.5433037511788044   -0.5069307263761791
42.611919120845   2.46009449164557   19.1772312966726  1.286198387805945   -1.2532405730583989   -0.2892997733059399
44.0322759544689   2.46022371468234   19.1747319603306  1.485230913224074   -1.4202503522851018   0.43451099230107015
2.13065982882231   3.69044758187037   19.1766027904165  0.7515650715328491   0.3756754446623001   0.6509362618766601
3.55113327040322   3.69031225914827   19.1772534919158  1.3132064448950478   -1.0443131756847799   -0.7961916590903599
4.26140063408943   4.92035891291916   19.1787347412788  0.9486168281039706   0.75176287364192   -0.5785555015516497
5.68147416984754   4.92034870812089   19.1786403481196  0.6029939221424422   0.5853689133336699   0.14472354833711076
6.39177902114765   6.15054565685474   19.17547699087  0.3827045596802576   -0.12530307044270028   0.3616101775914107
7.8122233842198   6.15039202972511   19.1759688957284  1.1243121438157264   -0.29269378598399065   1.0855450909003608
8.52252639908929   7.3805929280777   19.175633087875  0.9035796666415828   0.2504591071690996   -0.8681742046410799
9.94279958380361   7.38071339563949   19.1778153714429  0.16738744653724588   0.08364974845699003   -0.1449871609534501
10.6529303778678   8.61070196819938   19.1754643672021  0.6304201858699349   -0.6262685074845002   0.07223134558776856
12.073505357058   8.6107031256983   19.174755186739  1.1243609048443102   -0.7938436205908008   0.7962410127527999
12.7835299556793   9.84093901819405   19.1760737606209  1.1848747380152158   -0.2509513636964016   -1.15799462772741
14.2040813002813   9.84093277044593   19.1769656479303  0.6030939963740463   -0.4181247659507008   -0.4346194295715389
14.9141688382354   11.0707979469975   19.1771566575564  1.1485832812326913   -1.1278996509596997   -0.21699292912959933
16.3346075020803   11.0708837368545   19.1741368980132  1.3131601895684055   1.2116350268629006   0.5062906725847007
17.0448401867201   12.3011162488388   19.1762532980487  0.8800026897953932   0.5010840305197988   0.7234082722814001
18.4653684288656   12.3010557418697   19.1767474099747  1.1699558125628144   -0.919125899922399   -0.7238813324304996
19.1755980457136   13.5310518460452   19.1787233004831  1.0126439476275886   0.8770762755231019   -0.5061471837137006
20.5956925231874   13.5310491247433   19.1783375179745  0.743019098092687   0.7106171213446011   0.21702692686019986
21.3059706959586   14.7612813861307   19.1763310909178  0.43388962498525047   -0.00013662220609944598   0.4338896034756008
22.7263790566993   14.7610870846909   19.1767467700449  1.169875091257287   -0.16741612056970112   1.1578340000698013
23.4366998472307   15.9912685676814   19.1762526396165  0.8800495053901652   0.37586412301270045   -0.7957470031167997
24.8568971931501   15.9913878639181   19.1777613774474  0.22143205775018748   0.20921822432219983   -0.07252510469449902
25.5671387621567   17.2214269698584   19.1745005396073  0.5214123708622214   -0.5009641593837983   0.14458828272390178
26.9877114350947   17.2214266673416   19.1747839530051  1.096084061562719   -0.6686103619543005   0.8685392644545011
27.6977881320312   18.4516566691317   19.1758368804841  1.092891138652718   -0.1257157712775978   -1.0856364887925025
29.1182900045637   18.4516631210283   19.1775478239881  0.4658652757319695   -0.29286315264329943   -0.3623004677842019
29.8283226160341   19.6815429146194   19.1772121128055  1.0129245308359156   -1.0025301505060007   -0.14473908420179882
31.2488190536541   19.6815864177691   19.1740916178944  1.305253126983376   -1.1696702809687984   0.579272957523699
31.9589687693443   20.9118194894055   19.1760205599539  1.01288183245679   0.6265553774893   0.795837901497702
33.3795420916975   20.9118059723903   19.1762078565944  1.0270422418059224   -0.793892868005905   -0.6515749232307009
34.0897605390559   22.1417445411924   19.1781663066905  1.0922665641696305   1.0024458257398976   -0.4337610098424989
35.5099227722139   22.1417746426981   19.1772685930891  0.8845043861237136   0.8358555460087018   0.2892983153746016
36.2202171723688   23.3720164559418   19.1767569712265  0.5213883333502555   0.12500012179910414   0.5061825399042981
37.6406250218882   23.3718061800282   19.1772947746043  1.2308460470188836   -0.04224079671649861   1.2301210129718
38.3509690432369   24.6019432729071   19.1772045938185  0.8799555960192782   0.501105443794998   -0.7233361494938997
39.77112   24.602   19.1779945870805  0.33459210856063365   0.3345921071741955   -3.0459522299963737e-05
