x           y           stackinginfo
0.0 0.0 0
46.424134 77.808234 3
2.25314612646547 0.989279567214283 4
3.66521357141722 0.834402693659616 2
4.50544181383773 1.97976927988274 2
5.91739754512764 1.82537480763783 5
6.75724903184303 2.97074098323588 2
8.16919348113823 2.81493027111653 0
9.00952171306416 3.95968361547762 3
10.4214654924579 3.80329760204066 3
11.2612389141754 4.94866332194436 1
12.673058375575 4.79331189249957 2
13.51287241443 5.93894401767459 2
14.924813247871 5.78437716800076 5
15.7658765902846 6.92908987645718 1
17.1778618272508 6.77389383620471 1
18.018775037779 7.91869426360338 1
19.4304882212751 7.7635046666519 1
20.2706880810502 8.90878735294687 3
21.6822613777921 8.75343049302198 0
22.5229730664362 9.89843242542469 0
23.9348236152542 9.74282688228743 0
24.7760659072577 10.8874796163254 0
26.1881338284326 10.7325751127334 2
27.0285689484888 11.8778102048141 2
28.4405236131355 11.7234844908004 5
29.2803487141401 12.8689332678175 2
30.6922589143766 12.7133210320776 0
31.5325669366731 13.8581000650612 3
32.9445259324174 13.701671482092 3
33.7843993139525 14.8469229792573 1
35.1962555842021 14.6913872687359 5
36.0359293231857 15.8370785312862 2
37.4478930702857 15.6825910802936 5
38.2887006756061 16.8274644877456 1
39.7007121452407 16.6722734274044 1
40.5416241949615 17.8170250663027 1
41.9533944778121 17.6616666139212 1
42.7936149354946 18.8069081876972 1
44.2051714045035 18.651573320338 0
45.0457315788795 19.7967071746244 0
46.457520055021 19.6412185139685 0
47.2988378526964 20.7858517797113 0
48.7108871953388 20.6308710120515 4
49.551576588644 21.7759445961667 2
50.963537712453 21.6216247169704 1
51.8034139550272 22.7671019514996 2
53.2152864153473 22.6117090534007 0
54.0555431869054 23.7565534966766 0
55.4675060578119 23.6001191861744 3
56.3075166210666 24.7452437760405 1
57.7194098084565 24.5895203964952 5
58.5590239765471 25.7352128111233 2
59.9710096108969 25.5807632078186 2
60.8115120844725 26.7258440701616 1
62.2235425470453 26.5706939737815 2
63.0644350661968 27.7154000677222 1
64.4762709855953 27.5598698837367 1
65.3165175575072 28.7050507857778 1
66.7280731746672 28.5496963886876 4
67.5684558606334 29.6949644855024 0
68.9801860196455 29.5395980039322 0
69.8215273971527 30.6842414194753 0
71.2335486312354 30.5292033761627 4
72.0744842510614 31.6741229538205 2
73.4864517553365 31.5197675236838 1
74.3264324965862 32.6652317374719 5
75.7382704507077 32.5100688497931 0
76.5784716840131 33.6550001568719 0
77.9904274205661 33.4986131575016 0
78.8306045675654 34.6436056626855 3
80.2425310995816 34.4877193210088 5
81.0821611115977 35.6333596676821 2
82.4941612193926 35.4789122767639 2
83.334361435629 36.6242083078208 5
84.7464027623816 36.4691395592183 2
85.5872633781445 37.6138059498416 1
86.9991606069218 37.4581295337721 1
87.8394259561849 38.6032396054549 1
89.2509983778211 38.4478241053575 4
90.0912124802543 39.5932017735455 0
91.5028913358078 39.4379473870307 0
92.3441986979491 40.5826324934732 0
93.7561847627006 40.4275586149527 3
94.5973317616491 41.5723448737217 2
96.009298018012 41.4179141417614 1
96.8494261833261 42.5633248982532 5
98.2612377623658 42.4083725165951 0
99.1013992521988 43.5533951672369 0
100.513335376419 43.3971087364638 0
101.35368393687 44.5419826173692 3
102.765640259715 44.3859694218473 5
103.605358755986 45.5315102522338 5
105.017366441829 45.3770331933598 2
105.857314047399 46.5225159658756 5
107.26936031758 46.3675584520293 2
108.110158971913 47.5122153981432 1
109.522104375064 47.3564226820476 1
110.362370014415 48.5014658002484 1
111.773981192692 48.3459446831019 5
112.61405221145 49.4913974442465 0
114.025692162176 49.3362253531837 0
114.866900264015 50.4809911976372 0
116.278850315983 50.3259044206549 3
117.120149646144 51.4705931489351 2
118.532106929844 51.3160551673782 1
119.372408459072 52.4613819249132 1
30.759704982266 52.3065915673381 0
31.5998481351838 53.4517003969366 0
33.0117505689303 53.2955598308651 0
33.8522417362618 54.440352818577 3
35.2642224406409 54.284258824874 4
36.1040902787783 55.4296674881067 5
37.5161060764971 55.2751295533274 2
38.3558786677891 56.4207490075657 5
39.7679266523049 56.2659237089182 2
40.6086055099329 57.4106332072819 5
42.0205842790761 57.2547628977361 1
42.8608402597053 58.3997463335598 1
44.2725124334352 58.2440874540461 2
45.1124681720402 59.3895816532128 4
46.5240874602535 59.2344503768076 4
47.3651229227297 60.3793436009867 0
48.7770403930976 60.2242780998922 3
49.6184296332727 61.3689075667769 4
51.0303763858081 61.214248805527 5
51.8708594330712 62.3594733087297 1
53.2826386816508 62.2047819113278 3
54.1227764677607 63.3499702221484 0
55.5346316342366 63.1940101124721 0
56.375214374448 64.3387748240365 0
57.7872107706281 64.1826446941252 4
58.62726915803 65.3279087716642 5
60.0392958752847 65.1732756366439 2
60.8789861587799 66.3189682355547 2
62.2910331321252 66.1642762286984 2
63.1315248238526 67.3091142336239 2
64.5435237717227 67.1532052821519 1
65.3837793501162 68.2981313182648 1
66.795526562729 68.1423028537842 2
67.635393183531 69.2878069159313 4
69.0470105755679 69.132647002177 4
69.8878061173296 70.2777072317074 0
71.2996935022709 70.1226803888316 3
72.1411259995021 71.2672740325084 3
73.5530654634172 71.1124783450887 5
74.3937367525641 72.2575803897403 1
75.8055010994323 72.1029101327264 3
76.645651939743 73.2481554396563 0
78.0574506126337 73.0923875013962 0
78.89809343802 74.2371560070486 0
80.3100941967605 74.0810312160398 0
81.1503892477021 75.2261364999117 5
82.562430049432 75.0713871591413 2
83.4021364188992 76.2170774379503 2
84.8141786652697 76.0625209525038 2
85.6544532785819 77.207532712844 2
87.0664614124075 77.0516502424836 5
42.8944956672172 0.23300864852374 1
44.306319708494 0.0770197774328713 1
45.1461336437634 1.22249732898572 2
46.5577671764606 1.0672703728777 2
47.3982892731055 2.21251140069552 0
48.8101508305514 2.05756581818606 3
49.6515860356891 3.20214310021311 3
51.0635241916705 3.04723543381739 1
51.9043685911802 4.19221404647629 1
53.316115287886 4.03751015868595 1
54.1562807241175 5.18279627975654 0
55.5680184982185 5.02721354530861 0
56.4086802698237 6.17202158701931 0
57.8206684075013 6.01594221829641 0
58.6612088741774 7.16090047045959 4
60.0732658781899 7.00602187105182 2
60.9130559505908 8.15165682983157 2
62.3250894106311 7.99721875928844 2
63.165149842374 9.14242035356659 2
64.5771568895238 8.98661817722138 5
65.4174831908137 10.1314111170897 1
66.8293710318982 9.97528046182262 1
67.6691589627572 11.1207075526246 2
69.0808230352914 10.9653732694363 2
69.921073546734 12.1107819963604 4
71.332918010596 11.9559411377227 3
72.1743064339286 13.1005302490108 3
73.5862504128529 12.9455378503179 1
74.4272269001006 14.0904131145298 5
75.8389597197118 13.9356273641359 1
76.6791469563877 15.0809308099524 3
78.0908268438193 14.9255024306368 0
78.9314730435121 16.070376583503 0
80.3434277229394 15.9143820003698 0
81.1841973456831 17.0592170499956 4
82.5962684371515 16.9042171543156 2
83.4362062933812 18.049749031523 2
84.8482273489622 17.8954082535961 2
85.6881164881791 19.0407785833486 2
87.1001119453075 18.8851110509692 4
87.940475732586 20.0298538311899 1
89.352407445322 19.8736189898204 1
90.19220972536 21.0189684124269 2
91.6039138521027 20.8635005862891 2
92.4439289504014 22.0090389350732 4
93.8557707596349 21.854316708577 5
94.6970574230659 22.9989537975431 3
96.1090143036564 22.8439181594642 1
96.9500816002195 23.9887110955135 5
98.3618164505558 23.8338079056524 1
99.2020527049623 24.9790910788069 3
100.613685827971 24.8237754568328 0
101.454295706732 25.9687281412995 0
102.866196071692 25.8128435628913 0
103.707159465212 26.9575848410279 0
105.119236560499 26.8024723936648 2
105.959385588835 27.9478570620625 2
17.3468978425785 27.7935658139409 2
18.1866869332615 28.9390562339124 2
19.5986607776485 28.7835477266057 4
20.4390182666145 29.9282859373022 5
21.8509753367906 29.7719674729271 1
22.6908264808611 30.9172232280379 1
24.1025777566889 30.7615855477447 2
24.9424002756708 31.9072147292687 2
26.3542557971042 31.7525845237828 5
27.19535079186 32.8973369716703 3
28.6073247915586 32.7422897227294 1
29.4484330716468 33.8870288532282 1
30.8601931251203 33.7319754966408 1
31.7004874721675 34.8772182574248 1
33.1120890069243 34.7219732389898 0
33.9526221116604 35.8670285152538 0
35.364455319723 35.7112686904288 0
36.2055490203604 36.8559624802218 0
37.6176197427269 36.7007617177638 4
38.4580159247882 37.8459810114507 2
39.8700216584247 37.691699538225 5
40.7097935130805 38.8372522838642 2
42.1217382343193 38.6819296389466 4
42.9620337505238 39.8267207618352 5
44.3740024170564 39.6703553134344 3
45.2139376262983 40.8155057732563 1
46.625741524381 40.6596881327803 1
47.4654335554057 41.8053598669149 2
48.877315378576 41.6507835129563 2
49.7181366574233 42.7957151478082 3
51.1301289666117 42.6406951697947 1
51.9712454461991 43.7853926657066 1
53.3830509802609 43.630181578091 1
54.223409303337 44.7753652420752 1
55.6349938627054 44.6201536091705 0
56.4754112870561 45.765326215558 0
57.8871752204031 45.6096970134993 0
58.7283421356139 46.754382044292 0
60.140393866435 46.5991174488906 4
60.9810534594271 47.7441696176285 2
62.3930654570704 47.5898562399417 5
63.2328951783425 48.7354175295285 2
64.6448065733196 48.580292287324 4
65.4850015087186 49.7251822916371 4
66.8969695411258 49.5688083778444 3
67.7370162083996 50.7138474869284 1
69.1488703463959 50.5578520396541 5
69.9884968992179 51.7035176766308 2
71.4004070353046 51.5489404672317 2
72.240909566182 52.694087172319 5
73.6529173162857 52.5391276607222 1
74.4940166853199 53.6837879841502 1
75.90587640375 53.528430940243 1
76.7463000782575 54.67353830195 1
78.1578818004764 54.5183180975033 3
78.9981723550048 55.663597186284 0
80.4098705452777 55.5080948819206 0
81.2510622786335 56.6528001757355 0
82.6630818107278 56.497498012675 4
83.504003731377 57.6423890764077 2
84.9160246626995 57.4880111544285 1
85.7559774648882 58.6335309620363 2
87.1678582571151 58.4786051669719 4
88.0079561029174 59.6236093468893 4
89.4199124726468 59.4672810891701 0
90.2600934715118 60.6122055351836 1
91.671988877593 60.4560594305014 5
92.5116183241014 61.6016697941454 2
93.9235494351213 61.4470453677374 2
94.7637407185457 62.5924028612454 5
96.1757597323959 62.4375358970483 1
97.0168127492431 63.5821724515816 1
98.4287260497249 63.4266976235362 1
99.2692001004463 64.571724934676 1
100.680796434134 64.4164545408013 5
101.520975331298 65.5618101286851 0
102.932617075955 65.4064200452408 0
103.773778109614 66.5511773913955 0
105.185754030083 66.395870021378 0
106.026901060172 67.5406260460254 2
107.438925297132 67.3861630208456 2
108.27904832346 68.5316020407899 5
109.690908062173 68.3768590272902 4
110.530937604832 69.5219735119887 4
111.94287177849 69.3657487441618 0
112.783180671399 70.510578316544 3
114.195109199208 70.3543219059039 5
115.034803358155 71.4998390162721 5
116.446749031227 71.3451275312608 2
117.286679322906 72.4906616383563 5
118.6987082004 72.3359044320294 1
119.539668761382 73.4805552156971 1
120.951628559995 73.3249906414568 1
121.792125211302 74.4699466427295 1
123.203758714977 74.3145723000919 5
124.043854494056 75.4599671067771 0
125.455454578296 75.3046494165156 0
126.296531501004 76.4494883571752 0
127.708460898197 76.2941984761654 0
128.549782212903 77.4388521748696 1
129.961801928579 77.2842669544849 1
85.7898945225921 0.466082054184463 2
87.2017544611187 0.311425160384477 2
88.041625381467 1.45672862135343 4
89.4535080864923 1.30066551550158 0
90.29389388701 2.44547758222209 3
1.68136463743632 2.289312096826 2
2.52120943130759 3.43466556100536 2
3.93316723866324 3.27982094183822 2
4.77292672932718 4.42546454742557 2
6.18496280460835 4.27081420676821 2
7.02576310449649 5.41554201860503 1
8.43775618284264 5.25991722156899 1
9.27824459914637 6.40481530403585 1
10.6899358642771 6.24928940225459 5
11.5299627979422 7.39469610290228 3
12.9415363801136 7.23940356485948 4
13.7824476174636 8.3843708658662 0
15.1943298108988 8.22914227268085 0
16.0357424435895 9.37374520288929 4
17.4477476572196 9.21906970484324 2
18.2882949817115 10.364262497559 1
19.7001416528968 10.2097465213005 3
20.5401593479963 11.3550194260215 4
21.9520198281366 11.1991526574096 0
22.7924725095433 12.3439223805858 0
24.2044443581507 12.1875824428206 0
25.044423463567 13.332842368691 5
26.4564045268238 13.1778721252645 2
27.2960619340936 14.3235849895777 2
28.7081081527068 14.1690513685465 2
29.5486713770557 15.3139386541377 1
30.9606877419792 15.1583040330512 5
31.8011625809249 16.303150552043 1
33.2129278272375 16.147451105062 5
34.0529050176604 17.2928418468364 5
35.4644710684433 17.1375201820957 4
36.3051605475591 18.2826459937 0
37.716999588243 18.1274975253711 3
38.5584574095209 19.2720757797214 0
39.9704463925752 19.1172931516316 5
40.8112112680475 20.2623454094366 1
42.2230537196255 20.1078496670159 1
43.0631105058015 21.253167800464 4
44.4749238425742 21.0975273405965 0
45.315394815156 22.2423288192991 0
46.7273726443052 22.0860121535239 0
47.5675532094289 23.2311291111647 5
48.979556281556 23.0760105793166 2
49.8192145194274 24.221713656522 2
51.2312652294329 24.0672747475685 2
52.0715671182168 25.2123598356322 1
53.4835939995689 25.0567628320174 5
54.3240705313092 26.2015514754067 1
55.735910458516 26.0456772858601 1
56.5758577643123 27.1910243856723 5
57.9874333628044 27.0356273446383 4
58.8278757719199 28.1809166576253 0
60.2396746650651 28.0258660836423 3
61.081129353522 29.1704449815308 0
62.4931017724978 29.0155698631608 5
63.334063650582 30.1604883265568 2
64.7458956640316 30.0059515864139 1
65.5860116092677 31.1512886796542 3
66.9977766731353 30.9958656016913 0
67.8382458940514 32.1407250612169 0
69.2502144660764 31.9844763491472 0
70.090617643033 33.1294533979473 3
71.5026432282018 32.9741929792019 2
72.3423783342986 34.1198296539451 2
73.7544284518067 33.9654691811207 2
74.5944881233864 35.1107554391753 2
76.0065154702959 34.9552492989392 5
76.8470055531538 36.0999807577868 1
78.2589069286214 35.943959468509 1
79.0988383249058 37.0892457074813 5
80.5104425136612 36.9337397589396 2
81.35064983146 38.0791709857838 0
82.7624184112818 37.9242273926915 3
83.6038174423146 39.0688375555992 3
85.0157777823159 38.9138952804132 1
85.8568918762841 40.058704707779 2
87.2687106283156 39.9040768133657 1
88.1089051694446 41.0494010689147 3
89.5206248505014 40.8941572814824 0
90.3610780681992 42.0390910332283 0
91.7730178349062 41.8829497142474 0
92.6136375311545 43.0278044364317 0
94.0256821240427 42.872419302195 2
94.8655657196501 44.0179380511418 2
96.2776114155506 43.8636296963045 2
97.1174856025992 45.00908569069 2
98.5295054103187 44.853713666699 2
99.3699922100747 45.9984142761385 5
100.781935792674 45.8422808953555 1
101.621873830492 46.9874915158666 5
103.033523780145 46.8318479283972 2
103.873528439494 47.9773854698707 4
105.285283111963 47.8225377164307 4
106.126561098428 48.9672224670156 3
107.53851562975 48.8122449834937 1
108.379725591648 49.9569787907009 5
109.791538145685 49.8022191152067 1
110.631828550453 50.9475006720164 3
112.043509632652 50.7923805782051 0
112.883931635682 51.9373998494287 0
114.295821808625 51.7813929955794 0
115.136619585179 52.9261621363442 0
116.548674843981 52.7706761814447 4
117.388764893098 53.9160424600353 2
118.80080506019 53.7617477569315 2
119.640571790269 54.9073201309562 2
121.052577477206 54.752110386585 2
121.893008815818 55.8968374322351 5
33.2804804662673 55.7406259732066 1
34.1204500406266 56.8857540815342 5
35.5321597406595 56.7299539035568 2
36.3719988109272 57.8755613606852 4
37.783759224114 57.7207767893313 4
38.624831580834 58.865596017583 3
40.0367863475987 58.7106211918266 1
40.8780449462526 59.8553052372659 5
42.2898679710481 59.7003965296408 1
43.13026557442 60.8456121007968 1
44.5419179343843 60.690566587011 0
45.3822905633357 61.8356781243725 0
46.7941163683733 61.679825523865 0
47.6350358483898 62.8245550663486 0
49.0470900342401 62.6690046225561 4
49.8874242107178 63.8142052585924 2
51.2994630704513 63.6598856146643 5
52.1392037298283 64.8055150478761 2
53.5511897185614 64.6504854140054 2
54.3915000061411 65.7953089140158 5
55.8034794760607 65.6390590083477 3
56.6435007088596 66.7841065836836 1
58.0552773870008 66.6281403771338 1
58.8949940598911 67.7737812279211 2
60.3067771775592 67.6190075673669 2
61.1475632811058 68.7640196393283 3
62.5595217847119 68.6090786305468 1
63.4007931932246 69.7537289184114 1
64.8126439677223 69.598666531105 1
65.6531474853831 70.7438036610388 1
67.0647796636898 70.5887698156452 3
67.905080884698 71.7339749390063 0
69.3168354499992 71.5782563311122 0
70.1578217590689 72.7229854701725 0
71.569859691027 72.5673836270621 4
72.4104642209156 73.7124119788594 2
73.8225095694447 73.5580129843074 2
74.6623145122519 74.7036292584938 2
76.0742764683277 74.5487731303932 4
76.9144459534729 75.6937251358614 2
78.3264256516658 75.5374833248704 3
79.1665388639504 76.6824338682255 1
80.5783793316509 76.5263137298486 1
81.4180403487007 77.6719347380799 2
82.8298544190735 77.5171281306073 2
38.6580795306625 0.698846085270471 3
40.0700437354061 0.543986279009138 1
40.9113028143728 1.68860774292071 1
42.3231917052807 1.53342684292721 1
43.1638009228473 2.67847008040264 1
44.5754238908538 2.52341723600219 3
45.4156541666688 3.66869592608087 0
46.8273394831624 3.51311410372583 0
47.6683465539559 4.65787400643168 0
49.0803521235781 4.50226697821148 0
49.9212216724378 5.64713746915799 2
51.3332772797201 5.49264475888145 2
52.1732075594833 6.63820154153479 2
53.5851441058047 6.48351277260186 4
54.4251725094609 7.62861075988295 4
55.8371401149822 7.47243077507374 0
56.6773510962913 8.61729208958243 1
58.0892408541672 8.4610414812686 1
58.928893911961 9.60660787640015 2
60.3407359372945 9.45171762077014 2
61.180904068437 10.5971326146693 4
62.5928756443063 10.4423794080627 1
63.4340791684115 11.5869954723927 1
64.8460092125952 11.4317242743653 1
65.686696185315 12.5766811889359 1
67.0983271192852 12.4215669242783 1
67.9385001120878 13.5668911076978 0
69.3501264742501 13.4114222157171 0
70.1911047484159 14.5562436593844 0
71.6030616255567 14.4006668369192 0
72.444154864528 15.5454127335188 4
73.8562161639981 15.3908166103427 2
74.6963209524939 16.5362750710824 5
76.1082381707693 16.3817301363627 4
76.9481630233827 17.5269607602423 4
78.3601071375242 17.3708970368245 0
79.2003994864892 18.5156927402024 3
80.6123238783692 18.3593472194468 1
81.4520202541381 19.5048277049625 1
82.8638863182407 19.3498141755428 2
83.7037967945295 20.4953866341996 2
85.1157802205599 20.3407528222262 1
85.9568680944957 21.4854081171733 1
87.3688375600638 21.3300823785739 1
88.2095678157287 22.4749663664176 1
89.6212304207844 22.319748669154 1
90.4613717259094 23.4650834284953 3
91.8729549813696 23.3096955922683 0
92.7138589507303 24.4546021821142 0
94.1257587767645 24.2990963146922 0
94.967020447141 25.443754232506 4
96.3790779378948 25.2890594176362 2
97.2194057780918 26.4343800099832 5
98.6313151262329 26.2799424907518 5
99.4712024256273 27.4252669644348 4
100.883114178461 27.2693687174051 0
101.723454633513 28.4141359653105 3
103.135402642204 28.2577264544667 3
103.975197271359 29.4030918161881 1
105.387088716304 29.2479131749649 5
106.22681740061 30.3935863412076 2
17.6143201540681 30.2390509820367 5
18.4552121408103 31.3838129218311 1
19.8672145169563 31.2284534949903 5
20.7079504384058 32.3732798564132 1
22.1196670407715 32.2179044668712 1
22.9597904720474 33.3632242313957 3
24.3713475174776 33.2078641313441 0
25.2121096228832 34.3528929554488 0
26.6239529707067 34.1974788931908 0
27.4653178394253 35.3420915140465 0
28.8773619204433 35.1873026346226 2
29.7179312741026 36.3324709228098 2
31.1298428881249 36.1780891160786 5
31.9697494744073 37.3234724154646 4
33.3816226307442 37.1677848224962 0
34.221964979567 38.3125738976202 0
35.6339265002241 38.1561411407567 3
36.4738596389524 39.3013777700176 1
37.8857796587024 39.1460209541114 2
38.7254146363282 40.2917321900122 2
40.1374313817959 40.1372759101481 5
40.9780576632269 41.282211270165 1
42.3900837925005 41.1268569941116 5
43.2308067258294 42.2716315306163 1
44.6425922617673 42.1160762476755 1
45.4827111433469 43.2613560838986 3
46.8942593553102 43.1059815516354 4
47.7348276867958 44.2511567099052 0
49.1466180027038 44.0958532500374 0
49.9880319885265 45.2404525352957 0
51.4000552521034 45.0855832715672 5
52.2408652006687 46.2305985099504 2
53.6527814155271 46.0762226377686 1
54.4927522527677 47.2216319324842 4
55.9045855809703 47.0661830641569 0
56.7449041963215 48.2110305552275 0
58.1568687126096 48.0546220897844 0
58.9969747296403 49.1997226659111 1
60.4089238951178 49.0441936811194 2
61.2485468932004 50.1898850970882 2
62.6605768692462 50.0354804450259 5
63.5009097750949 51.18062644666 1
64.9129491162935 51.0253197385856 5
65.7536556282251 52.1700436866629 1
67.1655110443559 52.0143112318765 1
68.0056281394512 53.1595334887842 1
69.4171838400852 53.0040985666064 4
70.2575405703219 54.1494168116544 0
71.669281031519 53.9942243585882 0
72.5106900040749 55.1388393871235 0
73.9226866653382 54.9839014909245 5
74.7637144329304 56.1287758703602 2
76.1756291040974 55.9743519348201 1
77.0157020978907 57.1197512117954 5
78.4274990507536 56.9645332591053 0
79.2677923031172 58.1094560619812 0
80.6797467018759 57.9531210669266 0
81.5200515996864 59.0980841286939 3
82.9320286872271 58.9424046305523 2
83.7717189656764 60.0880198825474 2
85.1837551257485 59.9336421061822 2
86.0238219769729 61.078991925285 5
87.4358652791983 60.9237776765887 2
88.2765534356638 62.0684575415869 5
89.6884667248455 61.9125791323222 1
90.528581454494 63.0577331113337 5
91.9401647609941 62.9022009948505 2
92.7803280781103 64.0476339781271 0
94.1920277682579 63.8925437888232 0
95.0333727353376 65.0372085981107 0
96.4453422534349 64.8822245985482 3
97.2865400676716 66.026985982671 2
98.6984454099212 65.8724684733644 1
99.5386488037338 67.017822952849 5
100.950414993701 66.8627995464704 0
101.79068601585 68.0078061853041 0
103.202613633019 67.8515919898191 0
104.043107908835 68.9964406350946 3
105.45510927732 68.8406456277286 4
106.294936238203 69.9861399229369 2
107.706974970705 69.831764912068 2
108.546837699825 70.9772831362143 5
109.958878866016 70.8221987341715 2
110.799514371725 71.9668753639401 5
112.211468290169 71.8108874472006 1
113.051578331672 72.9559741656083 5
114.463211104138 72.8003124992321 2
115.303211372976 73.9458257170627 4
116.714886568242 73.7908081127327 4
117.556099470891 74.9355668134325 0
118.968046029804 74.7805615939214 3
119.809355698931 75.9252449210997 5
121.221251282039 75.770596325402 1
122.061604942626 76.9158760645356 1
123.473345914387 76.760979840534 0
124.313603298916 77.9060680001374 0
125.725487415777 77.749999126623 0
81.5538878274221 0.931271363132841 0
82.9659070733028 0.775384601227374 4
83.805924667903 1.92073097624649 2
85.2179699014923 1.76629371518765 2
86.0576586610452 2.91196602172442 2
87.469687953794 2.75703671347654 2
88.3101826999435 3.90180132717537 5
89.722160529946 3.7457713634901 1
90.562273730393 4.89080212591355 1
91.973978812254 4.73505431592399 1
92.813860227518 5.88059667152575 1
4.20103313795057 5.72560930710667 4
5.04204075967083 6.87050713994307 0
6.45396735071137 6.71551288956923 3
7.29533622419774 7.86014540545787 5
8.70722799673451 7.70535329566537 5
9.54773414979345 8.85054011801661 1
10.9594515203249 8.69570611221203 3
11.7996894963323 9.84087315219593 0
13.2115136728562 9.68497736846779 0
14.0522608840899 10.8297245466621 0
15.4642848720523 10.6738112984831 4
16.3045395748327 11.8189921210581 2
17.7165865414937 11.6645058919702 2
18.5563070034584 12.8101774115313 2
19.9683326302016 12.655402274086 2
20.8086877344121 13.8002721592115 2
22.2206803807042 13.6441960351976 1
23.0608287805668 14.7891468193642 1
24.4726049947651 14.6331783105542 1
25.3123786168867 15.7787476919394 2
26.7240636463312 15.6237357187176 2
27.5647868792763 16.7688295060124 0
28.9766996366874 16.6138888135873 1
29.8180845402388 17.7584948329018 3
31.2299855052057 17.6035707557052 1
32.0706403891571 18.7486554011041 1
33.4823376014268 18.5938255433011 3
34.3225511435098 19.7390622352115 0
35.734308945574 19.5833355575275 0
36.5751060604541 20.7280968642909 0
37.9871211971326 20.5721816909781 0
38.8276314836369 21.7172024378455 2
40.2396884527333 21.5626102252589 2
41.0794619232997 22.7082623948455 2
42.4914734313408 22.5536404729019 2
43.3316346430316 23.6986791870561 2
44.7436297755697 23.5426398882754 3
45.583833804375 24.687516951759 1
46.9956808039397 24.5314008461453 1
47.8354023226065 25.676943803649 2
49.2471154128169 25.5218624204501 2
50.087540250498 26.6671503646262 4
51.4994432629619 26.5122989834948 1
52.3408113305031 27.6568901517182 1
53.7527298980859 27.5018596398235 1
54.593521792285 28.6468365359133 1
56.0052034441623 28.4919629930766 1
56.8453973679226 29.6372465515301 0
58.2570886418161 29.4816724334465 0
59.0978959115138 30.6264766797035 0
60.5098836468994 30.4705974956128 0
61.3506482951253 31.6154725750997 4
62.7627178220267 31.4607617998038 2
63.6026113124861 32.606342489216 2
65.0146052225314 32.4518535943293 2
65.8545897560407 33.5970634079066 2
67.2665761180573 33.4411135326192 4
68.1068477073104 34.5859195107323 1
69.5187484463053 34.429680371322 1
70.3584613676623 35.5751642618208 2
71.7702077713224 35.4199724904547 2
72.6103521226262 36.5654308116422 4
74.0222535585946 36.4106942554689 1
74.8635589168628 37.5552972580185 1
76.2755016898378 37.4001935283836 1
77.1163941904691 38.5450785228716 1
78.5280746719939 38.3901218536097 1
79.3682653948709 39.5354224065262 3
80.7798992744581 39.3799709475204 0
81.6206810604284 40.5248416541155 0
83.0326215120573 40.3690356293732 0
83.8736079336888 41.5137949337662 4
85.2856861230317 41.3589697122112 2
86.1257605500639 42.5044333003184 2
87.5377377003216 42.3500481318805 2
88.3775970710666 43.4954003713542 2
89.7895628570494 43.3395862270482 4
90.6298826684059 44.4843453929209 1
92.0418182403421 44.3280111256552 1
92.8815692883038 45.4734067122679 2
94.2933511297137 45.3180653441047 2
95.1332604094164 46.4636523699973 2
96.5451720465272 46.3090308728894 5
97.3863463859557 47.4536949775053 1
98.7983162024145 47.2985512599188 1
99.6392680610832 48.4433644193331 5
101.050970944108 48.2882846945152 1
101.891180139946 49.4335709683931 3
103.302772554053 49.2782045865591 0
104.143491314052 50.4231637339807 0
105.555369332862 50.2674590713756 0
106.396519437213 51.4121435168028 0
107.808595485528 51.2572169174135 2
108.648897733832 52.4025300411162 2
110.06086624905 52.2482078883036 5
110.900671891236 53.3936565815758 2
112.312607219906 53.2380151353216 4
113.152926796125 54.382776027931 3
114.564882224433 54.2263761823623 3
115.404712742481 55.3716641627231 1
116.816533384111 55.2161423264141 2
117.656269368411 56.3618094506485 2
119.068202034389 56.2072784811669 5
119.909157002123 57.352073676836 1
121.321153023181 57.1969221244782 1
122.162123828023 58.3416813337599 1
123.573872553439 58.1864435515888 1
34.3896142161379 59.331692914949 3
35.8011818782644 59.1763724156873 0
36.6417832640479 60.3214486115097 0
38.0535957564244 60.1658599129835 0
38.8948509058146 61.310507988603 0
40.3069132753005 61.1555002677535 2
41.1474715684466 62.3006470097785 2
42.5594430395813 62.1463475975463 5
43.399273555325 63.2918389878372 2
44.8111733417407 63.1364105254447 4
45.6514470648303 64.2812230924359 3
47.0634112457892 64.1248060017849 3
47.9033569215887 65.269975133993 1
49.3152187660773 65.1142730937708 5
50.1548512083624 66.2599707443917 2
51.5668088508291 66.10549809355 5
52.4074650346308 67.2504924085058 1
53.8194827646822 67.0953706867509 1
54.6604338308116 68.2400929539498 1
56.0722428031553 68.0846820736507 1
56.9125082246427 69.2298822940738 1
58.3240673247203 69.0745626732628 4
59.1645051908154 70.2197751662337 0
60.5762553418972 70.0643043860993 0
61.4175580506358 71.2089532988273 0
62.8295966417499 71.0538763057251 4
63.6704095612212 72.1988645835959 2
65.0823892129792 72.0445342370447 1
65.9223006840171 73.1900292627508 2
67.3341641024688 73.0348107511691 0
68.1743684121554 74.1797101287103 4
69.586329223363 74.0232978722438 0
70.4264236675848 75.1683370673865 1
71.8383233363107 75.012446486157 5
72.6779371518079 76.158111548461 2
74.0899157330209 76.003638591679 2
74.9302665062803 77.1488430406123 1
76.3422998186617 76.9937843815821 1
32.1709855800169 0.174955572685559 1
33.582857976617 0.0193926934002611 1
34.4231650346345 1.16451580537121 1
35.8347315597952 1.0091655396723 4
36.6750102328845 2.1544919332807 0
38.0867032228599 1.99914582979593 0
38.9280037408393 3.14382153688154 0
40.3400082282187 2.98870749681887 4
41.1810591375042 4.13354781325907 2
42.5930430278628 3.97915953331243 1
43.4330891757571 5.12461271518422 5
44.844922984872 4.96961388088093 0
45.6850693587384 6.11460962995513 0
47.0970158124926 5.9582726580862 0
47.9372736223936 7.10318812966636 3
49.3492060345533 6.94715497225903 5
50.1888670808351 8.09274366090592 2
51.6008573309208 7.93824311411113 2
52.4409210445967 9.08365229841858 5
53.8529628502096 8.92869330480921 2
54.6938451741746 10.0733433468546 1
56.1057720712926 9.91765553563674 1
56.9460933895353 11.0627085126299 1
58.3576868765975 10.9072785984984 5
59.197820395945 12.052691201661 0
60.6094662121765 11.8974443863596 0
61.4506993624568 13.0421848392961 0
62.8626646525043 12.8870541249002 3
63.7039000165077 14.0317795921729 2
65.1158793516396 13.8772992088696 1
65.9560927301559 15.0226775380778 5
67.3679067686416 14.8678641158176 0
68.2080165887524 16.012955290867 0
69.6199362978097 15.8567444737448 0
70.460339640041 17.0015664822437 3
71.8723001439589 16.8454337272847 4
72.7120712112825 17.9909099980331 5
74.1240697897563 17.8363490596067 2
74.9639094587022 18.9819235221597 5
76.3759559228557 18.8270863456464 2
77.2167356855547 19.9717648473057 1
78.6287031143768 19.8159854979212 1
79.4690153692259 20.960978878328 1
80.8806589247995 20.8054268342284 5
81.7206746592135 21.9508907770279 4
83.1322887807463 21.7957050585167 0
83.9733878019859 22.9405507118518 0
85.3853152110902 22.7854335470072 3
86.2266758664171 23.9300799894795 4
87.6386448595544 23.7754885088106 2
88.4790504227457 24.9207624441666 1
89.890852146133 24.7660804940275 3
90.7309579149411 25.9112503721388 0
92.1428382669663 25.7552107054362 0
92.9833530561487 26.8999801658149 0
94.3953351556002 26.7437973547205 4
95.2352763213079 27.8891317685477 5
96.6472868985081 27.734480186365 2
97.486999084389 28.8801536005249 2
98.8990482366013 28.7254459263126 2
99.7396647375489 29.8702198509586 2
101.151659127046 29.714385348594 1
101.991964687158 30.8593196647868 1
103.403677436806 30.7036072353055 5
104.243603647219 31.849087366244 4
105.6552045602 31.6939001929101 4
106.496099560106 32.8388924140982 0
107.90799176356 32.6838101081803 3
108.749420275872 33.8284104647243 4
20.1368809890701 33.6736892449764 5
20.9774830445537 34.8188422080559 1
22.3892735513262 34.6642162404563 3
23.2293909218115 35.8094511219128 0
24.6412206240633 35.6536058542982 0
25.481800746776 36.7983698480908 0
26.8937940656784 36.6421768266191 0
27.7339436928939 37.7873609027377 5
29.1459688665725 37.6325919360297 2
29.9856486881695 38.7782956277177 2
31.397697196378 38.6237153003321 2
32.2380949800438 39.768651227078 2
33.6501041602309 39.6128150697593 5
34.4904179435659 40.7576887797005 1
35.9022083388283 40.6018070527615 2
36.7420720972627 41.7472718438146 5
38.1536783838615 41.5920338207563 4
38.9943167903748 42.7372006966718 0
40.4061767269989 42.5821881871392 3
41.2476275479987 43.7267659036662 3
42.6595769429593 43.5719264898645 5
43.5003689212481 44.7169509297228 1
44.9121449185466 44.5623192380553 1
45.7522834432037 45.7076014081878 0
47.1640562599793 45.5519600973559 0
48.0046651995828 46.6967547330171 0
49.4166560630354 46.5405964927687 0
50.2570397265328 47.6856319872999 4
51.669082179584 47.5307341535636 2
52.5088077766657 48.6764080625614 2
53.9208518457514 48.5219477828012 2
54.7610167976643 49.6670778603855 2
56.1730303528961 49.5113010720808 5
57.0133721769067 50.6561109635259 1
58.4252342538597 50.5000741255001 1
59.2650609010342 51.6454974636417 2
60.6766897489957 51.4901684671381 2
61.5170577406267 52.6355084529928 0
62.9288916592341 52.4805929483021 3
63.7703187690017 53.625172408521 3
65.1822656429156 53.470236676963 1
66.0232184726082 54.6151434613819 2
67.4349778814943 54.4604475667499 1
68.2751464575496 55.605753482405 3
69.6868618549072 55.4502889802266 0
70.5274705124991 56.5951398818487 0
71.9394401190863 56.4390518056729 0
72.780061894313 57.5839508769581 4
74.1921216761084 57.4289199681643 2
75.0319643428815 58.5745093358436 2
76.4439998807878 58.4201453586231 2
77.2839641980106 59.5654597152295 2
78.6959722448525 59.4097914103324 4
79.5363528878857 60.5545409769033 1
80.9482687857579 60.3983761788452 1
81.7880906530894 61.5437325288265 2
83.1997559878751 61.3882778080816 2
84.0398781615269 62.5337604978599 4
85.4516986619994 62.378955763043 3
86.2930527877789 63.5235667893759 3
87.70500461904 63.3685677728116 1
88.5460739016841 64.513380382956 5
89.9578247594934 64.3585787169 1
90.7980428794101 65.5038757453904 3
92.209707461908 65.3485495680581 0
93.0502916788384 66.4934745352337 0
94.4622184570917 66.3374921600441 0
95.3030531322674 67.4822817849193 4
96.7151248694439 67.3271330007181 2
97.5551495304559 68.4725919029238 2
98.967173860521 68.3182926670418 2
99.8069974947519 69.4637538183342 2
101.218990199353 69.3082357557383 4
102.059379776126 70.4529607500133 1
103.471329577278 70.2967015567354 1
104.311181141489 71.4419721762066 2
105.722892902894 71.2863645742627 2
106.562806288498 72.4319528296957 4
107.974630367379 72.2772514916979 5
108.815834677785 73.4219490123027 3
110.227797667673 73.2669255041148 1
111.06893172734 74.4116740343576 5
112.480692704132 74.2567328257188 1
113.320976604408 75.4019936700164 3
114.732602941361 75.2467595646039 0
115.573134913973 76.3917756668721 0
116.985000240983 76.2359173948602 0
117.825996463649 77.3806378671021 0
119.238069494824 77.2253887968311 3
75.0660787537129 0.407185631631677 2
76.4780955169711 0.252903716047876 2
77.3178592889927 1.39845456587705 2
78.729828865673 1.24310544608603 4
79.5701716345598 2.38786330946541 5
80.9821396236082 2.23153020588734 3
81.8220480479525 3.37670828852536 1
83.2338150224992 3.2209136574783 2
84.073542428483 4.36658579454498 2
85.4853839579009 4.21195009431638 5
86.326326652903 5.35681959790387 3
87.7383028065637 5.20182031699858 1
88.5794507267073 6.34653447515922 1
89.9912443315748 6.19145988634485 1
90.8316020330193 7.33666688781925 1
92.2432059501324 7.18151468777404 0
93.0836558847936 8.32663026865374 0
94.4954511117616 8.17091077638753 0
95.3365515815342 9.31560047155268 0
6.72411486746484 9.16027950080591 4
7.56463408803118 10.3054048434682 2
8.97665174232619 10.1511026004156 5
9.8164394195774 11.2966814522056 2
11.2283782892861 11.1415256860915 4
12.0686253119803 12.2863688502296 4
13.4805973651022 12.1300159494168 3
14.3206050753557 13.2750839073643 1
15.732427242008 13.1191252124438 1
16.5720870241549 14.2647901901298 2
17.9839600075307 14.1101733990674 2
18.8246212583078 15.2552273468946 3
20.2366135083417 15.1002634199916 1
21.0777704797191 16.2449286100399 1
22.4896112448063 16.0896815513165 1
23.3300451270429 17.2348129698064 1
24.7416358934937 17.0796419782825 3
25.5819651937243 18.2248742848408 0
26.9936910413659 18.0692818517707 0
27.834834388427 19.2139857778626 0
29.2468694033038 19.0586190599169 4
30.0876534825392 20.2035813559434 2
31.4996803501416 20.0492223055652 5
32.3395591532027 21.1947811756321 2
33.7514669050187 21.0398207104378 4
34.5915968273726 22.184784101321 4
36.003562484067 22.0284529382679 3
36.8436857943544 23.173413363528 1
38.2555572456896 23.0172953082465 1
39.0951829663989 24.1629292313406 2
40.5070829690371 24.0082792413634 2
41.347421252824 25.1535504350397 5
42.7594256613725 24.998670512686 1
43.6005502527655 26.1433075953592 1
45.012442660049 25.987937007773 1
45.8529443046057 27.1329861629234 1
47.2645389954213 26.9777871968719 3
48.104759393888 28.1231053456042 0
49.5164222416378 27.9676367751583 0
50.3575617218944 29.1123806339832 0
51.7695569920478 28.9570012448438 0
52.6105893650527 30.1018147772997 2
54.0226238472308 29.9473756159575 2
54.8626518217924 31.0928682133706 5
56.2745338732713 30.9380942667905 4
57.1145668805403 32.0831803549433 4
58.526514865899 31.9269274271233 0
59.3667608687121 33.0717882953447 1
60.7786703475454 32.9155449352911 5
61.6183236982811 34.0611061268469 2
63.0302425000553 33.9063785465602 2
63.8702877759427 35.0518447976729 5
65.2823023615173 34.8970713317307 1
66.1233536008233 36.0417071503285 1
67.535294667325 35.8862418063032 1
68.3758376607756 37.0312150976388 1
69.7874564826255 36.8759407370246 5
70.6275900216568 38.0213108872156 0
72.0392021781853 37.865939098879 0
72.8802828735747 39.0107536738427 0
74.2922291923815 38.855394392251 0
75.1334572348967 40.0000946497617 4
76.545491060545 39.8455597146054 2
77.3857102119051 40.9909498168041 5
78.7975777021125 40.8363326897753 4
79.6375558688421 41.981525270313 4
81.0494762356388 41.8254051171071 0
81.8898227833827 42.9701973448819 3
83.3017619957232 42.8138695564258 3
84.1415017676956 43.959324972324 5
85.5534370954663 43.8044811122053 2
86.3932558432987 44.9500952802426 2
87.8052814207522 44.7954348890095 1
88.6461975963849 45.9401229858188 1
90.0581790965074 45.7845922741425 1
90.898730786727 46.9295022088137 1
92.3103969173216 46.7740986300289 5
93.1504681264074 47.9194865027074 3
94.5620458005318 47.7641649003812 0
95.403006517506 48.9090834683118 0
96.8149029264334 48.7537751373076 0
97.6562652396371 49.898400909867 4
99.0682894539511 49.7437609621249 2
99.9087306176225 50.88901895069 5
101.320594003302 50.7345099219977 3
102.160568742193 51.8797800232003 4
103.572452614213 51.7238428198394 0
104.412859216033 52.8686117939035 3
105.824820016129 52.712242862506 3
106.664697753332 53.8575697244395 5
108.076653017722 53.7025818496331 2
108.916334356395 54.8482807337712 2
110.328370999585 54.6937260475128 2
111.16907743296 55.838539024213 1
112.581087521666 55.6829758038976 5
113.421627722831 56.8278311036269 1
114.833360286725 56.6722574026061 5
115.673386994569 57.817634396038 3
117.084947510076 57.6623082185252 4
117.925720910053 58.807367763215 0
119.337570046655 58.652135640018 0
120.179006952082 59.7967229454986 4
121.591015203162 59.6419770077451 5
122.431685715603 60.7870900358643 1
123.843548445256 60.6326281133275 1
124.683557185172 61.7779495308075 4
36.0709005998069 61.6222339518881 0
36.911331434137 62.7670209784588 0
38.3233034537133 62.6106537664968 0
39.1633619240821 63.7558385031824 5
40.5753401395782 63.6006963448567 2
41.4149832914217 64.7464078374815 2
42.8270290849004 64.5919512402682 2
43.6674794698644 65.7369439043199 1
45.0795074025631 65.5814091995901 5
45.9200421728094 66.7262076442492 1
47.3318505807094 66.5704688408104 5
48.1718447506989 67.7158126312232 5
49.5834051857873 67.5604463789512 4
50.4239371029355 68.7056749315272 0
51.8357406882931 68.5505442912782 0
52.6771856544991 69.6951338134378 0
54.0891741362249 69.5402905998066 5
54.9300485900556 70.6852712431888 2
56.3419072414306 70.5307889701363 1
57.1819697906295 71.676142033376 4
58.593765152187 71.5206522445239 0
59.4341932257168 72.6654933517896 0
60.8461647333237 72.5091686693593 0
61.6864299631187 73.6542139001636 3
63.0984328569694 73.4989148517748 2
63.9381102491296 74.6445882267225 2
65.3501602541732 74.4901990730508 2
66.1903423307551 75.6354023981554 1
67.6023753925064 75.4799171212219 5
68.4429125469362 76.6246584755607 1
69.8547890847803 76.4687368848811 1
70.6947699740758 77.6140197070048 5
72.1063488707866 77.4585489899592 2
27.9344074218054 0.640416431773164 0
29.346172927197 0.48538559520592 0
30.1876023242389 1.62998269795303 0
31.5995734292457 1.47506604837441 1
32.440643208432 2.61991179886075 2
33.8524906127347 2.46536832161733 1
34.692639917155 3.61071334737769 3
36.1043914285967 3.45543704502884 0
36.9448085261344 4.60034740620698 0
38.3567616166982 4.44411944747641 0
39.1972452525217 5.58903162667347 3
40.6092706945623 5.433600690255 2
41.4490598962938 6.57917812109316 2
42.8611086667843 6.42484615994446 2
43.7010672006923 7.57023939925706 2
45.1130970998635 7.41486946092182 2
45.9536331614391 8.55956772963443 1
47.3655606963427 8.40351692433439 1
48.2055346454737 9.54873155753296 5
49.6171512839414 9.39313905786189 2
50.4572463995238 10.5386271166078 4
51.8689860468442 10.3836978450792 3
52.7103245471405 11.5283525543207 0
54.1222822248094 11.373388359941 1
54.9634781383874 12.5181427131197 5
56.3753140779654 12.3634852318823 1
57.2155625020004 13.5087959617237 3
58.6272748384042 13.3536767573009 0
59.4676670863476 14.498671028034 0
60.8795817962199 14.3425709847236 0
61.720257732327 15.4873811866689 0
63.1322997734062 15.3318402258379 2
63.9722629032611 16.4772816148784 2
65.3843082394836 16.3229734936531 2
66.2241119567196 17.4685139840312 2
67.6361323984351 17.3132936812804 2
68.476625829911 18.4579975601046 5
69.8885861820709 18.3018527116314 1
70.7285706899547 19.4469935342012 5
72.1402423861852 19.291255694335 2
72.9801574064002 20.4368293495799 4
74.3918900084259 20.2819751619959 4
75.2330596045101 21.4267412663449 3
76.6450098743203 21.271764041537 1
77.4862752755813 22.4164606782993 5
78.8981098425184 22.2616605769596 1
79.7384710113196 23.4069111175651 1
81.1501514450881 23.2518904632647 0
81.9905085712355 24.3969734578603 0
83.4023664342166 24.2410246186825 0
84.2431894687515 25.3857738723253 0
85.6552384295108 25.2301555042458 4
86.4954300354516 26.3754335435461 2
87.9074730458281 26.2211094396373 2
88.7472130783791 27.3667316801857 2
90.159219157297 27.2116827248668 2
90.9996143650269 28.3564543950045 5
92.4115928866032 28.2002550293441 1
93.2516182268641 29.34531404434 1
94.6633575828484 29.1894185091992 2
95.5031388180225 30.3350353148537 2
96.9148843737913 30.1802115141242 4
97.7558075047488 31.3251427928212 3
99.1677554756611 31.1701868785525 1
100.009055302781 32.3148410238474 1
101.420905132446 32.1598883988583 1
102.261387122627 33.3050580234938 1
103.673043259675 33.1500743793107 3
104.5133508206 34.295245146097 0
105.925140543373 34.1394442246072 0
106.766054012824 35.284176298841 0
108.178095924804 35.1285049317998 4
109.018546121745 36.2736125905181 2
110.430592234639 36.119221572949 2
111.270352315158 37.2648612935304 2
22.6578418869809 37.1099839017772 2
23.498089307203 38.2548805800286 2
24.9100737098549 38.098669103468 3
25.7501652767408 39.2436432951772 1
27.161974127677 39.0875882595595 1
28.0016705492243 40.2332073396632 2
29.4134431356601 40.0783625502008 2
30.2540630924501 41.2234966205686 3
31.6660117618186 41.0686017151553 1
32.5073142660971 42.2132247944766 1
33.9191930050251 42.0581395141012 1
34.7597937520133 43.2032154968993 1
36.171433336353 43.0482250382854 3
37.0116805634708 44.1934737159656 0
38.4233993154515 44.0378178792153 0
39.2643534186955 45.1825687191808 0
40.6763725112252 45.0268827899356 0
41.5170915994991 46.1718264230972 2
42.9291472599216 46.0173425835647 2
43.7690002796576 47.1629435977005 2
45.1809632117228 47.0082350686149 2
46.0210497284732 48.1532845030695 2
47.4330287349866 47.9971170365992 3
48.2732057362757 49.142005258249 1
49.6850739170096 48.9858115324684 1
50.5247349194212 50.1313945528489 2
51.936538601908 49.976483606278 2
52.7768457975609 51.1218206398038 4
54.1887980995153 50.9670259250861 1
55.0300654654184 52.1116351683913 1
56.4419802412908 51.956451444043 1
57.2826812743331 53.1014339157759 1
58.6943172084178 52.9463992202895 1
59.5345109899457 54.0917020732221 0
60.9461646741066 53.9361754517297 0
61.7871124713303 55.0809764566412 0
63.1990910398254 54.9253125019385 0
64.040056882844 56.0701162409374 4
65.452122133437 55.9155253600115 2
66.2921261176486 57.0610431469021 2
67.7040669293801 56.9064795498384 4
68.5440200055843 58.0516763003881 2
69.9559814845865 57.8956001117786 0
70.7962442392828 59.0404125931839 1
72.208154841638 58.8841041966364 1
73.0478335225369 60.0296144486009 2
74.4596649802341 59.874587900869 2
75.2996931972325 61.0200961055326 4
76.7116540606296 60.8654151825029 1
77.5528381017596 62.0100412621764 1
78.9647906158565 61.8547868543561 1
79.8055601381713 62.9996870272237 1
81.2172135877497 62.8445634739409 1
82.0573785090066 63.9898853558862 3
83.4689811904776 63.8344562364716 0
84.3098836328785 64.9793292116173 0
85.7218071223583 64.8237245998024 0
86.5629718523441 65.968422981409 4
87.9750391104879 65.8137265565481 2
88.8152474340607 66.9591187888184 5
90.2271745237888 66.804671769967 5
91.0670513952222 67.9499846919995 2
92.4789850499973 67.7940530624846 0
93.3193053409978 68.9388220752979 3
94.7312444905712 68.782434074876 3
95.5709915706228 69.9278432234657 1
96.982850361273 69.7726633427802 2
97.8226599384852 70.9182955406767 2
99.2346361191528 70.763724790098 5
100.075660503754 71.9084280184562 1
101.487647780809 71.7531348444079 1
102.328445525389 72.8979704083847 1
103.740140830889 72.7427126985886 1
104.580294053215 73.8880257672528 3
105.991862367869 73.7326536144272 0
106.832661602551 74.877630212748 0
108.244525351985 74.7221170546397 0
109.08582383331 75.8667536115724 4
110.497882511382 75.7119620502024 2
111.338327987991 76.8572039504448 5
112.750253115025 76.702828788331 5
113.590119950896 77.8482173342522 4
115.002017980089 77.6924750858341 0
70.8301010870915 0.873748033459743 3
72.2420577246028 0.717313011553842 3
73.0819186751022 1.862601285042 1
74.4938076086885 1.70723846993636 5
75.3334779924864 2.85293666362008 2
76.7454735783134 2.69844728088414 5
77.5862545986158 3.84330007031053 1
78.9982701344545 3.68799154361769 5
79.8390578900114 4.83277890114684 1
81.2508145122596 4.67734151679332 1
82.0909524868177 5.82263370966321 3
83.5025022971199 5.66727035295755 0
84.3431205385193 6.81239516084341 0
85.754925911791 6.65699565058481 0
86.5962893583529 7.80161593505608 0
88.0083298076241 7.64675383089417 2
88.8490187803618 8.79184279498363 2
90.2609497536406 8.63750786563815 1
91.1008645700927 9.78293350353909 4
92.5127242553334 9.62743509276004 0
93.3530340807772 10.7722539905836 0
94.7649975066697 10.6158235435225 0
95.6050123552209 11.7609759317126 1
6.99243556048526 11.6054338847715 2
7.83205551647936 12.7511335208832 2
9.24406842866776 12.5967044359339 5
10.0845603461961 13.7417538397542 1
11.4965942634746 13.5864816553383 5
12.3373718806809 14.7312131678095 1
13.7491976541188 14.5756023645776 1
14.589360427441 15.7208270500228 1
16.0009103289235 15.5654337948384 4
16.8413478961176 16.7106882276485 0
18.2531002102283 16.5553992900854 0
19.0944989132405 17.7000128826983 0
20.5065140573939 17.5450687999311 5
21.3474457681364 18.6900014422059 2
22.7593801548168 18.5356242062284 1
23.5993856558062 19.6810508708295 4
25.0112073104369 19.5257736569864 0
25.8514773063524 20.6706713217269 0
27.2634362809228 20.5142840381217 0
28.1036293639422 21.6593028355453 3
29.5155796713993 21.5035953464232 2
30.3552208733014 22.649247864034 2
31.7672454041887 22.4948456456153 2
32.6074437944094 23.6401103290158 1
34.019487155728 23.4849125626993 2
34.8602422750383 24.6295986540723 1
36.27213220442 24.4738302402042 1
37.1122982767707 25.6189898284288 1
38.5238652246462 25.4635246271659 4
39.3641071670549 26.608904596677 0
40.7758114780776 26.4537268606478 0
41.6171744235412 27.5983771875032 0
43.0291593457888 27.4433839367373 3
43.8702909934985 28.5881877603802 2
45.2822211942225 28.4337394794078 1
46.1223532163372 29.5791313193614 5
47.5341440330906 29.424072006325 0
48.3743834284421 30.5690552160043 0
49.7863239151593 30.4127692959753 0
50.6267054708965 31.5576634280628 3
52.0386835002283 31.4018254901492 2
52.8784219553167 32.5473790854973 5
54.2904514803858 32.3929799852243 2
55.1304038023696 33.5384352656851 5
56.5424489991283 33.3833516624249 2
57.3831598930686 34.5280177171067 5
58.7950985378647 34.372125976645 1
59.6352582859611 35.5172198856632 1
61.0468639970291 35.3616451728756 2
61.886936016687 36.5071175960951 0
63.2986046421578 36.35202833754 0
64.1398669521972 37.4967551193031 0
65.5518226348853 37.3417350588753 3
66.3930967857282 38.4864446518273 2
67.8050165703523 38.3318851407373 1
68.6452994565092 39.4772101519006 1
70.057065630823 39.3223167291147 0
70.8972845722781 40.467386515352 0
72.3091900654091 40.3112420111533 0
73.1497336668156 41.4560463034406 0
74.5617338922175 41.3001169774609 4
75.4016320497081 42.4455357340228 2
76.8136659709247 42.2911069232985 2
77.6534498278915 43.4367038474552 5
79.0654928189847 43.2817591313249 2
79.9061086290378 44.4264627314666 5
81.3180800425673 44.2704829187172 1
82.1582343280722 45.4155138564556 5
83.56990008352 45.2597976279649 2
84.4098339220114 46.4053266916309 4
85.8214854980966 46.2502828038175 4
86.6625747905177 47.3951327985397 0
88.0745054365466 47.2401133096054 3
88.9158652899624 48.3847612768701 5
90.3277765070435 48.2300667194725 5
91.1682234803936 49.3753000042596 1
92.5799690698738 49.2205012927113 3
93.4201789231014 50.3656491585115 0
94.8320340149458 50.2096712703246 0
95.6726969252289 51.3544292321202 0
97.084710656364 51.1984487827962 4
97.9248204759159 52.3437103274083 2
99.3368607420817 52.189212444187 2
100.176573833797 53.3348826305026 2
101.588611619441 53.1800878523392 2
102.429072218345 54.3248984219475 2
103.84106322635 54.1688765390208 1
104.681231283751 55.3138420540508 1
106.092971467169 55.1579682982592 2
106.93280066983 56.3035184990111 4
108.344455242932 56.14846769644 4
109.185299317947 57.2934867685215 0
110.597208593457 57.1385017182581 3
111.438607984566 58.2831119582557 3
112.850518312398 58.1282782255558 5
113.691129779883 59.2734048756423 1
115.102855408715 59.1186326348393 3
115.943055506986 60.2638494592581 0
117.354848798695 60.108047503683 0
118.195581232024 61.2528033104905 0
119.607595668525 61.0968100719213 0
120.447949536202 62.2419100450342 2
121.859998940402 62.0873091131189 2
122.699728060269 63.2329851760624 2
124.11175589389 63.0783389701291 2
124.952020750129 64.2233090756656 2
126.364019636876 64.0673001931569 3
127.204228224617 65.2121935955781 1
38.5915472276375 65.0561625292667 2
39.4313142609713 66.2016937430653 2
40.842988645033 66.0465879125143 2
41.6835517097575 67.1917915261016 0
43.0954438948146 67.0368860508395 3
43.9368537378713 68.1814666110777 3
45.348774029611 68.0265390644704 1
46.1895433089119 69.1715520808805 1
47.6012506081115 69.0167772829124 3
48.4414309761671 70.1620561211131 0
49.8531575716704 70.006436650743 0
50.693896483944 71.1512413137348 0
52.1058933247489 70.9952738967955 0
52.9464795536426 72.14023944293 4
54.3585430958174 71.9855065705999 2
55.1983529771547 73.1311380055551 2
56.6103681246781 72.9766199082943 2
57.450433375498 74.1217718612547 2
58.8624308722033 73.9658283703193 3
59.7026970812984 75.1106514417239 1
61.1145775590125 74.954479928006 1
61.9543138398756 76.0999680472418 2
63.3660204419514 75.9447623789892 2
64.2062937600417 77.0901496390894 4
65.618176511224 76.9353415629878 1
21.4472928064214 0.116428110742818 3
67.8714763459045 77.9248871497517 1
23.7001235044937 1.10629425242964 5
25.1118191538175 0.951424491616335 1
25.9520105227747 2.09671949665285 3
27.3636767233949 1.94122977005392 0
28.2044272549856 3.08607491462067 0
29.6163900524557 2.93017357344605 0
30.457238758449 4.07499101274344 4
31.8693140933224 3.92014905243654 2
32.7092811048882 5.06567704261548 2
34.1212795182287 4.91127840703167 2
34.961185423597 6.05659234841998 2
36.373168896141 5.90077434266771 4
37.2134888369488 7.04553938131517 1
38.6254130478505 6.88926236845853 1
39.4651630713313 8.03467543862713 2
40.8769057011114 7.87933804845477 2
41.7169249410237 9.02487014532 4
43.1288094682995 8.87018131938649 5
43.9700760796838 10.0148085265362 1
45.3820328255736 9.85971423266903 1
46.2230098300702 11.0045423154307 5
47.6347124911953 10.8495646163812 1
48.4749229213771 11.9948554373401 3
49.8865398251912 11.839472988879 0
50.7272469857242 12.9843976522112 0
52.1391538907933 12.8285940256458 0
52.9801943703199 13.9733188504464 4
54.3922740957838 13.8183677040416 2
55.2324467352515 14.9637580645348 2
56.6444318370034 14.8094337795943 2
57.4842403552359 15.9548710583985 2
58.8961991590603 15.7992118068519 4
59.7365321629851 16.9439608640134 3
61.1484826460403 16.7876035895992 1
61.9882860923194 17.9329212950485 1
63.4000691193661 17.7774162681239 2
64.2398838999011 18.923050606237 2
65.6517841357073 18.7684652631204 5
66.4928678335508 19.9131964258827 1
67.9048485170543 19.7580839425097 1
68.7458626837836 20.9028546552784 1
70.1575971665127 20.7477332095927 1
70.9978411434493 21.8929951840287 3
72.4094255180544 21.7376822308383 0
73.2500446660963 22.8827123213272 0
74.6618851089466 22.7270249770975 0
75.5030556616912 23.8716998491488 0
76.9151275689258 23.7166591035282 2
77.7555438211162 24.8618887298225 2
79.1675258558622 24.7075968218463 5
80.0073178918522 25.8531027709783 2
81.4192439686138 25.6976342749628 4
82.2595389923322 26.8424198360167 3
83.671502420439 26.6860170169548 3
84.5114007926445 27.83122193606 1
85.9232282294745 27.6755323721615 5
86.7629090575809 28.8212154308712 2
88.1748347223271 28.6666993577595 5
89.0156552479064 29.8115991776965 1
90.4276590216684 29.6565040819631 1
91.2686797542758 30.8012271076724 1
92.6804663238478 30.6459414027907 1
93.5207557863407 31.7911507009034 1
94.9323237191949 31.6358675413027 0
95.7728114841492 32.7810206286392 0
97.184585694797 32.6254560536514 0
98.0258346415172 33.770113873779 0
99.4378875186767 33.6150012249029 4
100.278566483544 34.7600632323169 2
101.690555080298 34.6057567841414 5
102.530405361071 35.75127839092 2
103.942295474944 35.5960167010157 4
104.782517426201 36.7408813431515 4
106.194482013178 36.5844678713881 3
107.034507398169 37.7295503919773 1
108.44637810082 37.5736733834147 5
109.285997355252 38.7193521864443 2
110.697948487097 38.5648530702939 2
111.538457104292 39.7099639978029 1
22.9259819240302 39.5549185225021 1
23.7669849424295 40.6995989549607 1
25.1788319753017 40.5441529457642 1
26.019167643678 41.6892934293736 1
27.4307342330544 41.533998450878 4
28.2710691192499 42.679272630093 0
29.6827809567334 42.5238324858677 0
30.5240546687298 43.6685053365688 0
31.9360770953702 43.5133448037027 4
32.7770113430769 44.6582487080191 2
34.1890077731321 44.5038925725127 1
35.0289736297634 45.6493860295395 2
36.4408311051306 45.4943400326052 4
37.280976886197 46.639304665593 4
38.6929316205834 46.4829365995379 0
39.5331074144303 47.6278948146557 1
40.9450151708586 47.4718599739552 5
41.7846426720065 48.6174852481174 2
43.196611401273 48.4629639395698 2
44.0368101499012 49.6082902200035 5
45.4488433902748 49.45333375986 1
46.2898044281416 50.5979836355479 1
47.70170948562 50.4424076860891 1
48.5420776301546 51.5874744675609 1
49.9536604731308 51.432129348973 5
50.7938523072135 52.5774992199579 0
52.2055101004007 52.4221745439339 0
53.0467480294421 53.5668974243675 0
54.4587308440301 53.4117184678439 3
55.2998813650916 54.5564901318347 2
56.7118790263753 54.4020569644477 1
57.552002362236 55.5474854627863 5
58.9638365918561 55.392640018049 0
59.8039250265708 56.5377085603165 4
61.2158586692308 56.3814426988956 0
62.056180503539 57.5262965424187 3
63.4681196819104 57.3701424622175 5
64.3078195969476 58.515674337186 5
65.7197987732966 58.3610918830441 2
66.559735197508 59.5066042195123 5
67.9717760251088 59.3517563022404 2
68.8126551386011 60.4964112353691 1
70.2246076472882 60.3407290821542 1
71.0649828882062 61.4857292377716 1
72.4766037958896 61.3302792586954 5
73.3166791924334 62.4757082325676 0
74.7282960137206 62.3204600265665 0
75.569437731976 63.4652670469497 0
76.9813785830735 63.3100912696555 3
77.8226891692736 64.4547645121608 4
79.2346797086766 64.3002264808382 2
80.0749947337661 65.4455553054803 5
81.4868161341503 65.2908632298951 3
82.3268860318608 66.436018617107 0
83.7387872864812 66.2799031801122 0
84.5792298288584 67.4246876436639 3
85.9911950993195 67.2684618912246 4
86.831032000541 68.4138658347179 5
88.2430231850239 68.2591913704476 2
89.0827803442791 69.404833692624 2
90.4948270125837 69.2501085469775 2
91.3355638643086 70.3948304911816 1
92.7475505183882 70.2390792152557 1
93.5879156682231 71.3840214392399 1
94.9995970158443 71.2284259866661 5
95.8395822088001 72.3738801872841 4
97.2511753977693 72.2186591110674 4
98.0921509040916 73.3635920828981 0
99.5040521304227 73.2084498392359 3
100.345461187988 74.3530622772103 4
101.757439725403 74.1984056901043 5
102.597960435731 75.3436134134571 1
104.00977382973 75.1890131239909 3
104.849852736565 76.3342387440761 0
106.261710137128 76.1783136699867 0
107.102228378754 77.323077309636 0
108.5142110449 77.1668266015716 0
64.3419816682793 0.348585791870939 5
65.753988581615 0.193794165555302 2
66.5936642239575 1.33949785534702 2
68.0057144790286 1.18489407509626 2
68.8462437879507 2.32975566330178 2
70.258251694429 2.17397775260927 5
71.0986119496715 3.31886292007526 1
72.5103680687712 3.1630940636395 5
73.3502849598318 4.30854342238431 4
74.7618727021123 4.15328852357176 4
75.602615803903 5.29838507300465 0
77.0144796613 5.14329887128926 3
77.8559284719992 6.28788419385658 3
79.2678943095963 6.13310148067452 5
80.1086084462624 7.27818512936332 1
81.5204113412897 7.12360551660785 3
82.3605036248781 8.26889297411032 0
83.772308211542 8.11318162661624 0
84.612854314325 9.2579725071293 0
86.0248420231244 9.10174619507012 0
86.8650717227389 10.2468636356297 5
88.2770966204918 10.091950055584 2
89.116776875574 11.2376514183106 2
90.5288271797227 11.0831753490623 2
91.3691160555307 12.2282243051719 2
92.7811339959235 12.0724900899738 5
93.6215103576828 13.2173106353957 1
95.0333425766494 13.06137946854 1
95.8732210187296 14.2067899457624 5
97.2848208069149 14.051464674294 3
98.125306836285 15.1967297540905 0
9.51263989649222 15.0417371709857 3
10.3540946269042 16.1863089191381 3
11.7660505724368 16.0314275274393 5
12.6069619625197 17.1763724124706 2
14.0187506430549 17.0217562507921 1
14.8588925971003 18.1670637076694 3
16.2706428409233 18.0115514025734 0
17.1112086568834 19.1563818884368 0
18.5231863391156 19.0002073909691 0
19.3636570911966 20.1451759255137 4
20.7757012573488 19.9901152760713 2
21.6154647632537 21.1357528368495 2
23.0275100721639 20.9813645372982 2
23.867569791728 22.1266104001529 2
25.2795869073024 21.9709541164501 5
26.1199902135278 23.1157145476093 1
27.5318852887794 22.9596345688847 1
28.3717409081152 24.1049909493786 5
29.7833703791929 23.9495540277434 2
30.6236017917393 25.0949751164402 4
32.0354079694785 24.940088883734 3
32.8768117188533 26.084682366473 3
34.2887644348769 25.9297244392487 1
35.1298185648031 27.0745629008922 5
36.5415932541279 26.9198589460701 1
37.3817859192108 28.0651690348482 3
38.7934842587376 27.9098237608622 0
39.6340351564413 29.0547240659456 0
41.045982239006 28.8986470993065 0
41.886677039548 30.0434930267195 4
43.2987378309037 29.888307542832 2
44.1386498471183 31.0338343520956 2
45.5506869947503 30.8795205013132 2
46.3905676638544 32.0249370177596 2
47.8025752541954 31.8694156439127 4
48.6429956124027 33.0141359222873 1
50.0549338594845 32.8579466403455 1
50.8947987140388 34.0032273372154 5
52.3064713725893 33.8476524798724 2
53.1464804690998 34.9931939283287 4
54.5582785182633 34.8384160797559 3
55.3995675430898 35.9830738245055 3
56.8115237224136 35.8280769117303 1
57.6526669629867 36.9728401204813 5
59.0644390083299 36.8180105116614 1
59.9046999205851 37.9632931197006 3
61.3163549073215 37.808067590601 0
62.156867401805 38.9530539072017 0
63.5687622932454 38.7971012980603 0
64.409641337753 39.9418601922292 0
65.8217102093536 39.7865685217912 2
66.6618296382433 40.9319469859878 2
68.0738575396182 40.7776670807362 2
68.9136319041932 41.9232043672049 2
70.3256215183846 41.7678476508793 4
71.1660105189263 42.9125795891251 5
72.5779737331193 42.7563109916114 1
73.4178786452311 43.9015038677989 1
74.8296051764102 43.7457668087799 2
75.6694334105829 44.8913896388321 2
77.0812417962054 44.7366920492195 5
77.9223304368695 45.8814763765125 3
79.3342957979045 45.7264755658147 1
80.1754827706908 46.8711882994891 5
81.5872726092246 46.7162058838983 1
82.4276156544503 47.8614361087162 1
83.8392399772672 47.706280840434 0
84.6796883236329 48.8513652583146 0
86.0915166391439 48.6955474545565 0
86.9325242605933 49.8402611426582 0
88.3445888316649 49.6848857005714 4
89.1849576368264 50.830095242822 2
90.5969825453433 50.6758034600694 5
91.4367394290709 51.8213962945611 2
92.848704548533 51.6662200595729 4
93.6890078046222 52.8110216530655 5
95.1009819709068 52.6547066119139 3
95.9409608164164 53.7998015227223 1
97.3527476788636 53.6438907604796 1
98.1924535196706 54.7895474928113 2
99.6042871325937 54.6348833495434 2
100.445098074299 55.7798515981014 3
101.857075162586 55.6248833562724 1
102.698276224831 56.7695556497869 1
104.110103220842 56.6144195516112 1
104.950534068405 57.7595787750435 1
106.36214002124 57.6044515061168 3
107.202496166648 58.7496401560352 0
108.614253556282 58.5939579132736 0
109.455333334263 59.7386658841134 0
110.867379720612 59.5832342928256 4
111.708016844221 60.7282729497239 2
113.120047765391 60.5739285045398 5
113.959865562667 61.7195191517384 2
115.37180118435 61.5645292896355 4
116.211981557985 62.7094459042241 4
117.623954506119 62.553127702731 3
118.464033122201 63.6981197668236 1
119.875877007884 63.5420418227091 1
120.715519838488 64.6876865984322 2
122.127383355471 64.533002885954 2
122.96787637898 65.6781835592231 3
124.379864475333 65.5232841798492 1
125.221052252444 66.6679219533436 1
126.63292549807 66.5126519352241 1
127.473444517939 67.6577234293328 1
128.88504412666 67.5025823475509 1
39.7008086600577 68.647856419904 0
41.1124969551939 68.4923030334196 0
41.9536081679548 69.6370280029993 0
43.3656210815081 69.4815786472472 0
44.2065351014958 70.6264424184658 2
45.6185789461811 70.472069357296 2
46.4585199193736 71.6176147826473 2
47.8704267914822 71.4628422799206 4
48.7104607660181 72.6079132665339 4
50.1224170389502 72.4516521577342 0
50.9625654186536 73.5965781303362 1
52.3744574029477 73.4403400780848 1
53.2140912590414 74.5859352138607 2
54.6259805286071 74.4311725980598 2
55.4661634666157 75.576558778118 5
56.8781626579046 75.4217540815013 1
57.7193000712688 76.5663776998779 1
59.1312223959606 76.4110030356069 1
59.9718058816144 77.555992647005 1
61.3834184824684 77.4007985641542 3
17.2113451220342 0.582635403764388 0
18.6229765538554 0.427195199734733 0
19.4640520643295 1.57198472221036 0
20.8760189673726 1.4165414381967 0
21.7171485637644 2.5612875265924 4
23.1291941431423 2.40677049163964 2
23.969312220991 3.55221890330417 5
25.3811999422753 3.39757715873198 4
26.2211752121084 4.54274571714016 4
27.6331128791044 4.38658813534396 0
28.4734112977163 5.53139868886959 3
29.8853351733394 5.37507997153709 3
30.7250266059787 6.52058181109158 1
32.1369340130786 6.36572414219856 2
32.9768533847003 7.5112795515367 2
34.388863059618 7.35659489038707 1
35.2298916021833 8.50124750164101 1
36.6418571275038 8.34580482116851 1
37.4824697532731 9.49072472294237 1
38.8941165923609 9.33542944759987 5
39.7342296202662 10.4807951257999 0
41.1458175999301 10.3254319424885 0
41.9868072206897 11.4703091969581 0
43.3987211385952 11.3149136698824 0
44.2400148045577 12.4595695015128 4
45.6520553349203 12.3049520876128 2
46.4923850432514 13.450276789197 5
47.9042643643473 13.2957617413132 3
48.7442053991654 14.4410256158596 4
50.1561106860005 14.2850294406911 0
50.9964762719838 15.4298017736608 3
52.4084253405314 15.2734216668274 3
53.2482219342627 16.4188085900578 1
54.6601495014719 16.2638079707233 2
55.4998821102691 17.4094781496667 2
56.9119046987908 17.2549012280848 5
57.7527494004206 18.3996503248202 1
59.1647493283808 18.2441647932199 1
60.0053578061993 19.3890290932714 1
61.4170613693147 19.2335807985603 5
62.2571311114713 20.3789451103469 3
63.668692990828 20.223606953903 0
64.509529711822 21.3686089973904 0
65.9213922652576 21.2132893123735 0
66.7627874070858 22.3578947382505 4
68.174814602483 22.2031764930852 2
69.0153755192801 23.3483581828527 1
70.4272550512867 23.1939163881828 3
71.2672120069702 24.3392447528975 4
72.67907751824 24.183458386736 0
73.5194686018368 25.328238840342 0
74.9314334566418 25.1718399813544 0
75.7713805468283 26.3170951991375 1
77.1833319598373 26.1619343826037 2
78.0229733433033 27.3076511711868 2
79.4350085698962 27.153168913618 2
80.2756033685563 28.298081978387 1
81.6876264581004 28.1425926779212 5
82.5282228354816 29.2874030348061 1
83.9399978880193 29.1317762024617 5
84.7800423121823 30.2771101011603 3
86.1915954297075 30.1217481216132 4
87.0322252629877 31.2669010317718 0
88.4440394731071 31.1116786218219 0
89.2854842639039 32.2562628546904 0
90.6974925547602 32.1014511471072 5
91.5382864503348 33.2464826140258 2
92.9501667368725 33.0920546966915 1
93.7901791783421 34.2374167559039 4
95.2020017183647 34.0818654599789 0
96.0423939417511 35.2266878707968 0
97.4543639013151 35.0703126572967 0
98.2945010501879 36.2154259445249 5
99.7064780815915 36.0601014761639 2
100.546117308548 37.205800351361 2
101.958161602617 37.0513897727196 2
102.798480949747 38.1965051018039 1
104.210515824891 38.0410559297889 5
105.051106865221 39.18580947234 1
106.462954522845 39.0300025556752 1
107.302984797294 40.1752832569441 5
108.714545900786 40.0198496070565 4
109.554947243925 41.1651542980889 0
110.966716011915 41.010036111492 0
111.808157883169 42.1546274213731 0
113.220144113924 41.999733937498 5
114.061146618404 43.1446270020851 2
25.4485242474463 42.990154823477 1
26.2886188749343 44.1355214102089 3
27.7003995266541 43.9801972963227 0
28.5407793750047 45.1250858154906 0
29.9527400617705 44.9687823592028 0
30.7930889416171 46.1137562497251 3
32.2050912143281 45.9582844046697 2
33.0448036846714 47.1039108769113 2
34.456850862206 46.9495538636816 2
35.2969156206985 48.0948721503338 1
36.708952226748 47.9395143814 2
37.5495406481227 49.0842166779131 1
38.9614478161364 48.9282617088268 1
39.8014679010094 50.0734776049175 5
41.2130568606327 49.9179404389193 2
42.0532422630421 51.0633743492321 0
43.4649750316232 50.908362972962 0
44.3063552258252 52.0529964090757 0
45.7183214880118 51.8980482522936 1
46.5594835429533 53.0428317958622 2
47.9713465302712 52.888269847736 1
48.8115444433446 54.0336099059153 3
50.2232872098059 53.8784787309632 0
51.0636455382087 55.023449126188 0
52.4755787558953 54.8672644567848 0
53.3161291048585 56.0121216451385 3
54.7281529984618 55.8565313579345 2
55.5680056599942 57.0020404195777 2
56.9800519695119 56.8477147021511 2
57.8199176567287 57.9932064746009 2
59.2319490022273 57.8379826960931 2
60.0725052926237 58.982671203886 5
61.4844535348976 58.8266042547162 1
62.3244697158993 59.9717521769046 5
63.7361063415892 59.8160803185398 2
64.5761035028542 60.9616116382363 4
65.9878164997976 60.8066821099441 4
66.8290650868124 61.9514039227066 0
68.2410164424502 61.7964238490257 1
69.0822785963277 62.9411335112552 5
70.4941328057724 62.7864356595396 1
71.3344516078888 63.9317191102644 1
72.7461617431811 63.7767128814946 0
73.586495679061 64.9217684789874 0
74.9983821601674 64.7657253880465 0
75.8390999307277 65.9105012423837 0
77.2511377876667 65.7548180823431 4
78.0911929561975 66.9001735798211 2
79.5032382696583 66.745837593144 2
80.3429946990657 67.8914413854888 2
81.7550164735601 67.7363748180036 2
82.5954920214963 68.8811063155168 5
84.0074658485832 68.7249644966227 1
84.8475040012031 69.870036375138 1
86.2592054456555 69.7142124569033 2
87.0990547269854 70.8598013479004 4
88.510768652992 70.7049166849914 4
89.351808444185 71.8497796359876 0
90.7637507258293 71.6948060575651 1
91.6050663048843 72.839466962448 5
93.0169240422068 72.6846206783053 1
93.8573734373557 73.8298253909898 1
95.2690572102253 73.6748838754939 3
96.109358213283 74.8200244439269 0
97.5211825903736 74.6641379277718 0
98.3620151055137 75.8088779717527 0
99.774055358651 75.653137704502 4
100.614354567765 76.7983253701678 2
102.026401424913 76.643935979915 5
102.866136231117 77.7895866920905 2
104.278143557103 77.6346888268573 2
60.106230302269 0.816028649596629 2
61.5182164049802 0.659857123361524 1
62.3583006769146 1.80485096950126 1
63.7700746970943 1.64886898993144 1
64.6098190855939 2.79447670450635 2
66.0215521128897 2.63958690149784 2
66.8623118654509 3.78463890324376 3
68.2742488475687 3.62970793789948 1
69.1155831258031 4.77433460516534 1
70.5274589152693 4.61934464110806 1
71.3680377188751 5.76445737612248 1
72.7797004213056 5.60952266284854 3
73.6199535224269 6.75474417333715 0
75.0317082099432 6.59900746793587 0
75.8725963777702 7.74375647895941 0
77.2846234059873 7.58798814561994 4
78.1251794449119 8.73301478012921 2
79.5372331920739 8.57853178694196 2
80.3770161447315 9.72417442461745 2
81.7890034416564 9.56944327249871 2
82.6291593584449 10.7144426153836 2
84.0411459830728 10.558297815997 3
84.8812944551527 11.7032150224925 1
86.2931361738914 11.5470909433982 1
87.1328194718631 12.6926814462817 2
88.5445824654379 12.5377473216766 2
89.3850323432574 13.6830032868768 4
90.7969678719329 13.5281664169073 1
91.6382887699396 14.672770237472 1
93.0501928741014 14.5176760562076 1
93.8908969265938 15.6626848369432 1
95.3025467960287 15.5077240618759 3
96.1427590682646 16.6530012689445 0
97.5544448830855 16.4974121015825 0
98.3953544310049 17.6421929298945 0
99.8073510124838 17.486442707929 0
100.648176356878 18.6313101556575 4
12.0357446410757 18.47672114306 2
12.8756602087964 19.6222899677392 2
14.2876260026775 19.4677075260633 2
15.1276306222891 20.6128590105537 2
16.5396068069026 20.4567846221073 3
17.3798443180585 21.6016166088507 1
18.79173817264 21.4453605681138 1
19.6314167944221 22.5908905414717 2
21.0432104828148 22.4358495700464 2
21.8833675658764 23.5812872450935 4
23.2953061644028 23.4265539702138 1
24.1365681875358 24.5711606989244 1
25.548505199549 24.4159799658874 1
26.389298720823 25.5609001208635 1
27.8009520776478 25.4058648261066 1
28.6411338663111 26.5511735550164 0
30.0527611572742 26.3957000144466 0
30.893643978136 27.5405452531725 0
32.3055920805562 27.3848462653362 0
33.146641059798 28.5295937880172 4
34.5587135176404 28.3748945945312 2
35.3988076661164 29.5203550964907 5
36.8107554408273 29.3658963574971 2
37.6506452683858 30.5111861929385 2
39.062599101007 30.3552370067259 0
39.9029013656765 31.500013046732 1
41.3148303152328 31.3436625022146 1
42.1545488905329 32.4891057207853 1
43.5663723850033 32.3339254819678 2
44.4062816038601 33.4795065576989 2
45.8182319604092 33.3248908530354 1
46.6593699475282 34.4695484557509 1
48.0713407892133 34.3143204473895 1
48.9121854088319 35.4591688314194 1
50.323866399801 35.3040207396274 1
51.16403993691 36.4493289367802 3
52.5756247782533 36.293937854197 0
53.4164369309691 37.4388719339072 0
54.8283245328512 37.2832610584972 0
55.669536271063 38.4279305660954 4
57.0816056638633 38.2731321433382 2
57.9219223420863 39.4184507614924 2
59.3338618807644 39.2640786665667 5
60.1737019355253 40.4094675996114 2
61.5856238109521 40.2536897035043 0
62.4259468003206 41.3984549306118 3
63.8378974015223 41.2420409717579 3
64.6777014279822 42.387375326194 1
66.0895566005731 42.232020706027 5
66.9292849015558 43.3776940757472 2
68.3412543938197 43.223175434715 5
69.1821821144416 44.3679539557957 1
70.5941831337957 44.212707408047 1
71.4350391546445 45.3575007047301 1
72.846770689341 45.2021961095936 1
73.6869486850142 46.3474792325593 3
75.0985079791521 46.1921260697617 0
75.939188589797 47.3371813518832 0
77.351014980721 47.1816768892424 0
78.1923299985399 48.326306943818 0
79.6043858386874 48.1714213033641 2
80.4449512395001 49.3165807369771 2
81.8568937497147 49.1622460831877 5
82.6967550870412 50.3076873053692 2
84.1086393681721 50.152117725131 0
84.9489402215872 51.2969192928039 3
86.3609016210134 51.1404782374887 3
87.2008339397109 52.2856863108692 1
88.6127232649545 52.1301423952304 5
89.4523563262839 53.2758458635687 2
90.8643471903264 53.1213913263457 5
91.7049970416603 54.2663514033662 1
93.1170216387041 54.1111197189145 5
93.957867226357 55.2558626083764 1
95.3696640541153 55.1003789751746 1
96.2098597643235 56.2456119152904 1
97.6214102584082 56.0902531053165 4
98.4619154561112 57.2354466537362 0
99.8736839337549 57.080058827571 0
100.715051000957 58.2246796242155 0
102.127084347928 58.0697212486845 4
102.96790110164 59.2147216703211 2
104.379850583216 59.0603782016132 1
105.219788416975 60.2058317646624 4
106.631634995611 60.0504936973318 0
107.471891869956 61.1953655861836 0
108.883853301634 61.0389444480557 0
109.723947422689 62.1840178894766 1
111.13586984124 62.0282952306308 5
111.975486335856 63.1739730209748 2
113.387494161223 63.0195470182307 2
114.227840604148 64.1647201740168 1
115.639879558215 64.0095436287382 2
116.480704360688 65.1542382544666 1
117.892567748331 64.9985857389217 1
118.732780463788 66.1437530164665 1
120.144338316431 65.9883463175783 4
120.984656480432 67.133669246142 0
122.396371096338 66.9783970683052 0
123.237735660991 68.1230381693993 0
124.649738080584 67.9680240103833 3
125.490785348592 69.1128777114844 2
126.902735972879 68.958478516902 1
127.742797479985 70.1039025086146 5
129.154610564038 69.9487878484142 0
129.994833112303 71.0937385139095 0
41.3822836717603 70.9373844252536 3
42.2225729816901 72.0823119900012 2
43.6345233837411 71.9264380229452 5
44.474221114488 73.0720078175869 2
45.8862454892953 72.9176935668164 2
46.7262976990391 74.0630986259304 5
48.1383309752633 73.9080478649403 2
48.9790181619999 75.0527879027851 1
50.3909455259384 74.8969540253682 1
51.2311662469559 76.0420515538516 1
52.642753338252 75.8865376516962 2
53.4829072591216 77.0319582810932 0
54.8945785794664 76.8767790914199 0
10.7236316391122 0.0579752947413757 0
57.147850055909 77.8664277264674 1
12.9768280648084 1.047665938118 2
14.3887729046208 0.893174584306645 2
15.2289849036483 2.03853988919054 5
16.6407748781561 1.88362219517306 0
17.4809650766258 3.02866723173339 0
18.8928882297735 2.87244431589231 0
19.7333352005495 4.01727932138808 3
21.1453147230248 3.86130021093688 4
21.9851147386046 5.0067828464684 5
23.3971372517995 4.85232929122449 2
24.2369915667652 5.99787476481236 5
25.6490383339115 5.84292076281186 2
26.4897486472414 6.98759468643975 5
27.9017089771593 6.83170289126356 1
28.741916849772 7.97673922245526 1
30.1535526017529 7.82112063099566 2
30.9935570687407 8.96661220588644 4
32.4051987781789 8.81150716456091 4
33.2463592606008 9.95630931650975 0
34.6582977233805 9.80125852643014 3
35.4996380972656 10.9459220953705 5
36.911572005627 10.7913119639305 2
37.751952028533 11.936590659786 1
39.1637230133182 11.7818058408685 3
40.0039005108771 12.9269339742556 0
41.4157816638501 12.7708721558263 0
42.2563587620523 13.9156451170324 0
43.6683576286123 13.7596025691367 4
44.508337242921 14.9049408735095 5
45.9203672155289 14.7504242021644 2
46.7600960999394 15.8960777711066 5
48.1721413111221 15.7412652000077 2
49.0127103277436 16.8860218383105 5
50.4246967536583 16.7300674032611 1
51.2649004881492 17.8750444232722 1
52.6766052659989 17.7192729695594 2
53.5164953527866 18.8647984268603 4
54.9281277821621 18.7097063045476 4
55.7690762087885 19.8546586284887 0
57.1809872322831 19.6996307679201 3
58.0223882811406 20.8442487166786 5
59.4343145770061 20.6895033649819 5
60.2748684804936 21.8346768729473 1
61.6866223119883 21.6799516464087 3
62.5267963043484 22.8251525567954 0
63.9386226944863 22.6692722590829 0
64.7792827834041 23.8140293522409 0
66.191290788485 23.6579646962667 4
67.0314919296246 24.8031470935259 2
68.4435316952363 24.6485344707158 2
69.2832309684207 25.794225891356 2
70.6952709047884 25.6395584482389 2
71.5356446538518 26.7844628619049 2
72.9476450804131 26.6284999154924 1
73.7878671319449 27.7734132176379 1
75.1996494429569 27.6174815141963 1
76.0394605089853 28.7630045003481 2
77.4511026483629 28.6078742206879 4
78.2917833084583 29.7530084401729 0
79.7036702720945 29.5980407199892 3
80.5450930113783 30.7426311427154 3
81.9570188584811 30.5877595346019 5
82.7977447754252 31.7328153365358 1
84.2094801745957 31.5780883041101 3
85.0496546743398 32.7233459060975 0
86.4614186972385 32.5676515260327 0
87.3021209861443 33.7124287100847 0
88.7141237526976 33.5563823034887 0
89.5545729348749 34.7014085619294 4
90.9666260996891 34.5466770158565 2
91.8063776191092 35.6923416447883 2
93.2184083981997 35.5378108724395 2
94.0585708011654 36.6828957917867 2
95.4705748529754 36.5269811248513 5
96.310841498294 37.6718237905464 1
97.7226957632329 37.5157401742605 1
98.5624648735681 38.6612266579826 2
99.9741324854657 38.506012130045 2
100.814531108734 39.6513274720316 4
102.226400022663 39.4964512977862 3
103.067805830348 40.64103202382 3
104.479738880306 40.4860570816959 1
105.320617292242 41.630997126327 1
106.732335773167 41.4762135474311 1
107.572517985638 42.6215042440793 0
108.984219336674 42.4659724411156 0
109.824928599696 43.6107971655889 0
111.236907257901 43.4548051033669 0
112.077604575581 44.5996898077339 4
113.489672422869 44.4448308585559 2
114.329543307679 45.5904165974185 2
115.741561121943 45.4360010599169 2
116.581534693104 46.5812643102863 2
27.9690348541943 46.4254505911968 4
28.8093558295439 47.5702271854092 1
30.2212641808841 47.4140185852887 1
31.061026961571 48.5594415637102 2
32.4727295824523 48.40410688539 2
33.3128645970513 49.549578322671 4
34.7247260748717 49.3948161087316 3
35.5660645069021 50.5394179127034 3
36.9780120500509 50.3843747636539 1
37.8189993879526 51.5292213569079 5
39.2307124045414 51.3743429043432 1
40.0709173434693 52.5196378268678 3
41.4825638240582 52.3642371334582 0
42.3232473197961 53.5091322958603 0
43.7351808150839 53.3532339823682 0
44.5760952425722 54.4980074973041 4
45.9881733782305 54.3430347091921 2
46.8282247164636 55.4884975789636 2
48.2402281381465 55.3341701546077 2
49.0800654061725 56.479580987728 2
50.4920444552704 56.3239165243761 4
51.3323921441071 57.4686596306354 1
52.7443349952026 57.312360107651 1
53.5841285505951 58.4576988311835 2
54.9958721981606 58.3022137250484 2
55.8357798828616 59.4478060313718 4
57.2476486882923 59.2931570521346 5
58.0888415930428 60.4378370255403 3
59.5008084107854 60.2827627392237 1
60.34185317033 61.4275455789309 5
61.7535823586491 61.2725342747185 1
62.5938242826807 62.4178083432226 3
64.0054304150399 62.2624948470737 0
64.8460511825427 63.4074839597912 0
66.2579218035923 63.2516959916777 0
67.0989959357652 64.3964007172843 0
68.5110730692482 64.2413225162752 2
69.3513529474693 65.3866308995429 2
70.7633476002484 65.2323403018577 5
71.6031261379479 66.3778455479997 2
73.0150776907013 66.2223513902722 4
73.8554028785232 67.3671106208093 3
75.267364431423 67.2107425633515 3
76.10723112869 68.3559767571698 1
77.5190216021957 68.200310237815 2
78.3587655344202 69.3459714922238 2
79.7706561913882 69.1914025648856 5
80.6116222869455 70.3362230291621 3
82.0236106874706 70.18115122586 1
82.8646815271969 71.3258821504221 1
84.2764510467095 71.1707131513795 1
85.116747743648 72.3159387386357 1
86.5283300160309 72.1606767839964 0
87.3688490287822 73.3057779093658 0
88.7806514895431 73.1501144524758 0
89.6218300694313 74.2947876286311 0
91.0338941195452 74.1396311903745 4
91.8744328499456 75.2847709434875 2
93.2864298456173 75.1304791608607 5
94.1262327816076 76.2760207695968 2
95.5381507503624 76.1207235128301 4
96.3784051596811 77.2655510169503 4
97.7903728291292 77.1091531988462 3
53.6180976892516 0.290771499612121 1
55.0299368542289 0.134919180525813 5
55.8695837331623 1.28059978581626 2
57.2815023509521 1.12606639310917 2
58.1221706926807 2.27108490643533 1
59.5341785081372 2.11605166600738 1
60.3752437982471 3.26074046453944 1
61.7870680336205 3.10541087832255 1
62.6274209935605 4.25057169814677 1
64.0389939177565 4.09532083809448 3
64.8793763344873 5.24054299543002 0
66.2911122615443 5.0850060901957 0
67.1323409093512 6.22968243647894 0
68.5443798115076 6.07446859345487 4
69.385181362017 7.21944447108459 2
70.7971868430652 7.06510959645154 1
71.6370778429475 8.21064099107516 2
73.0489615530224 8.05554821555661 4
73.8891209406418 9.20047975845987 4
75.3010829098893 9.04409580349619 0
76.1411833135298 10.1890996861301 1
77.5530653078653 10.0330747140678 5
78.3926763549559 11.1787302228317 2
79.8046182447032 11.0241823631446 2
80.6449599007218 12.1694245700549 5
82.0569812366632 12.0144680235444 1
82.8980108064074 13.1591259032827 1
84.3098925199853 13.0036621142786 1
85.1502921170327 14.1487497521269 1
86.5618710849098 13.9934769498092 3
87.4021147408532 15.1388029814037 0
88.8137902435243 14.9833958894538 0
89.6550150899479 16.1281065646326 0
91.0670168138619 15.9728730977277 4
91.9080648004855 17.1176979584186 2
93.3200765639379 16.9633002979191 1
94.1601151672154 18.1087733907879 5
95.5719714498394 17.9538896582674 4
96.412058441641 19.0989263138496 4
97.8240041192768 18.9426210756293 0
98.6642542156931 20.0875069786013 3
100.076171745255 19.9313489425657 5
100.915827198928 21.076923367122 5
12.3032874248779 20.9223209073812 2
13.1433443131443 22.0677583292407 5
14.5553755597737 21.9129015645223 1
15.3963472962956 23.0575421058247 1
16.8082811533752 22.9019630648885 1
17.6487131344094 24.0469732009808 1
19.060318052823 23.8916192112045 5
19.9004486043938 25.0370114161412 0
21.3120746850868 24.8816957110492 0
22.1532369187943 26.0264734227077 0
23.5651940347285 25.8712349694274 0
24.4064335293972 27.0159443680298 4
25.8184427569061 26.8614497134899 2
26.6586620184835 28.0068339819572 5
28.0705019022406 27.8521207481794 3
28.9105440544665 28.997258418035 4
30.3224627193324 28.8410810143731 0
31.1628361658936 29.985885478785 3
32.5747831198147 29.8296356786094 3
33.414536675357 30.9751011580626 5
34.8265059652523 30.8204079010314 2
35.6663363609213 31.9660031739151 5
37.0783758865702 31.8112631247686 2
37.9192276663741 32.9559442352689 1
39.3312025209019 32.800285560989 1
40.1716327102743 33.9452348423142 1
41.5832868057597 33.7897554845443 5
42.4233271118702 34.935182163031 0
43.8349198488735 34.7799203988138 0
44.6759534322973 35.9248039498713 0
46.0878665362572 35.7695966807282 3
46.9292358346981 36.9142293066307 4
48.3412351132193 36.7596266424794 2
49.1816616327708 37.9048934422438 1
50.5934941890839 37.7503024133467 3
51.4335317253501 38.8955200176408 4
52.84541288566 38.7395205580261 0
53.6858694719966 39.8842894941949 0
55.0978387243103 39.7279974066539 3
55.9377430710695 40.8733307877797 5
57.3497282859693 40.7185202488497 2
58.1894222458675 41.86421082162 2
59.6014686561085 41.7095896357214 2
60.4421295100765 42.8543843899682 1
61.8541322664631 42.6986830658851 1
62.6945489045767 43.843578718721 1
64.106271241161 43.6879349483645 5
64.9462414252212 44.8333662887314 4
66.3578183314271 44.678099817964 4
67.1986529816572 45.8231295891673 0
68.6105243979973 45.6679788723458 3
69.4519634873476 46.8125703593218 4
70.8639486606265 46.6578504956516 5
71.70458805212 47.8029848339171 1
73.116415163553 47.6484483403785 3
73.9564750366208 48.7937256539706 4
75.3683094741254 48.6379367344874 0
76.2088102665304 49.7827128976279 0
77.620791565552 49.6264196379468 0
78.4608891836966 50.771608665681 5
79.8728934522234 50.6166608926959 2
80.7125507414149 51.7623745383914 2
82.1246013185009 51.6078631690755 2
82.9650217232865 52.7528317813952 2
84.3770402301991 52.5971360073251 5
85.2174572542847 53.7419728352431 1
86.6292563608783 53.5861514738765 5
87.4691817846676 54.7315548101077 5
88.8807606731316 54.5762317510026 4
89.7213519136199 55.7214278439252 0
91.133184108556 55.5663582715071 3
91.9746469363107 56.7109320165859 3
93.3866177178986 56.5561031660269 5
94.2274639249106 57.7010988221929 2
95.6392813669688 57.546551090361 1
96.4793841539673 58.6918640616562 0
97.8911675481161 58.5362928747633 0
98.7316853083581 59.6811080859348 0
100.143665469748 59.5248565315608 0
100.983986450434 60.6698993856016 5
102.396011652912 60.5148091206864 2
103.235712523048 61.6604855634877 2
104.647763065968 61.5060713501008 2
105.487935849442 62.651239960852 2
106.899959256561 62.4956067172328 5
107.740393843895 63.640380937117 1
109.152263371927 63.4843974537548 1
109.992163024237 64.6297496386772 5
111.403761916792 64.4743317147529 2
112.244101704653 65.6196872901076 0
113.655900869665 65.4647184697287 3
114.497338922242 66.6093008883958 3
115.909298689849 66.4543842999715 1
116.750318787855 67.5992567439197 2
118.162121792166 67.4446410611182 1
119.002282634291 68.5899628313863 3
120.414015046401 68.4345840497134 0
121.254529478467 69.5794606742408 0
122.666490256545 69.4232915044312 0
123.507042997775 70.5681978448058 4
124.919088021297 70.412971253721 2
125.758907964091 71.5585538869269 2
127.170953317539 71.4042133001257 2
128.010920291906 72.5495647636281 2
129.422938053555 72.3940374891765 2
130.263403158311 73.5387498636627 1
131.675321734246 73.382620628268 1
132.515241983 74.5278798951598 1
43.9023731448269 74.3723044534914 2
44.7425462084676 75.5177052723928 4
46.1543163854747 75.3631174872321 3
46.9954411723167 76.5079582082852 3
48.4074168220299 76.3528704946464 1
49.2485930634228 77.4976263364401 1
50.6603863265269 77.3428652903064 1
6.48838986892397 0.524654015794006 2
7.90007743677821 0.369412690925082 3
8.74057414411153 1.51436421403881 0
10.1524949584484 1.35830871209884 0
10.9932545927191 2.50310735842603 0
12.4053142264183 2.34776469647622 2
13.2453132440462 3.49321343760379 2
14.6573519515544 3.33892014500849 2
15.4971679404754 4.48442240183357 2
16.9091746159093 4.32905327352056 2
17.7496151894346 5.47376332754203 5
19.1615708234398 5.31755613527462 1
20.0014872192615 6.46275860437541 5
21.4131746529705 6.30706571379174 2
22.253090421813 7.45264793819608 4
23.6648684882626 7.29787715527775 4
24.5060643668959 8.4426040864901 3
25.9180217633787 8.28761362510767 1
26.7592283685561 9.43233412606025 5
28.171024904708 9.2774645947834 1
29.011347410059 10.4227190192623 1
30.4229986917634 10.2675851173942 0
31.2634408910066 11.4126338282067 0
32.6753017252949 11.2567215386412 0
33.5162113006685 12.4014585618498 0
34.9282743613264 12.2460278989638 4
35.7685009265009 13.3913165794287 2
37.1805337355773 13.2370272543409 2
38.0202843596998 14.3826176380136 2
39.4322717871228 14.2274229162142 4
40.2726381145274 15.3721843257861 5
41.6846112027284 15.2159162963416 1
42.524577310111 16.3610310001028 1
43.9363261053167 16.2051730759684 2
44.7760922324223 17.3508107457271 2
46.1878872352192 17.1960896125463 2
47.0288363153512 18.3409793262342 3
48.4408003979732 18.1860063342781 1
49.2820342176488 19.3306856894152 1
50.6938546896487 19.1756611583992 1
51.534272159867 20.3208495066528 1
52.9458989012525 20.1657620324701 3
53.7862687370056 21.3109110362074 0
55.1980600052561 21.1551398582225 0
56.039063957364 22.2998567534183 0
57.4511168873299 22.1443613495135 4
58.2916021888435 23.2894802208112 2
59.7036369108615 23.1351476881491 5
60.5434078584804 24.280762488319 2
61.9553704514613 24.1257498134476 4
62.7956130426834 25.2706184214958 5
64.2075910406159 25.1143291521844 3
65.0476358027766 26.2593502285123 1
66.4594481796173 26.1033259266252 1
67.2991216940929 27.2489734992607 2
68.710945446545 27.0942517546448 2
69.5515877519179 28.2393469914285 3
70.9635602505115 28.0844302918714 1
71.8047939522278 29.2290756398674 1
73.2166531522982 29.0739122196522 1
74.0571677850259 30.2190178487262 1
75.468780759823 30.0639357942852 3
76.3090631487382 31.2091782978579 0
77.7207833834792 31.0535458280981 0
78.5618324440687 32.1982764310968 0
79.9738605144147 32.0427497423384 4
80.8146161632504 33.1877018603533 2
82.2266598931148 33.0332944418822 2
83.0665253811228 34.1788776407361 2
84.4784600641117 34.0240472757538 4
85.3185643915757 35.1690514097952 4
86.7305358160035 35.0127925569709 3
87.5706825007692 36.157715734376 1
88.9825495911688 36.0015427276311 1
89.8221894126556 37.14715517043 2
91.2340426168042 36.9923818414233 2
92.0743670650036 38.1376865727518 5
93.4863482315611 37.9828612102176 1
94.3275510354045 39.1274831014542 1
95.7394547118459 38.9722085014362 1
96.5800570427698 40.1172234774719 1
97.9916705175208 39.9621055500899 3
98.8318753360842 41.1074146701629 0
100.243530951885 40.9519063030072 0
101.084578568051 42.0966793782405 0
102.496565751204 41.9411546344653 0
103.337573174463 43.0859588371946 2
104.749625577794 42.9314564361453 2
105.589644784248 44.076961829313 2
107.001555504701 43.9222964708096 4
107.841546354733 45.0674341304767 4
109.253499714995 44.9112577960728 0
110.093751712251 46.0560923692979 1
111.505659301612 45.8998006563882 1
112.345321898685 47.0453397176976 2
113.757198275231 46.8904680619198 2
114.597235580585 48.0359561803871 5
116.00922665066 47.8812415427676 1
116.850351331475 49.0258706004634 1
28.2378019356663 48.8705148354682 1
29.0784602713438 50.0154499378853 1
30.4900948752034 49.8602513273445 1
31.330242482534 51.0055949914662 0
32.7418466883193 50.8501827207736 0
33.5828424534418 51.9950270225423 0
34.9947768755778 51.8395418572646 0
35.8359823695062 52.984236040419 4
37.2480353786557 52.8296331071126 2
38.0882533731608 53.9750234870131 5
39.5001501153565 53.8204966015915 4
40.3400749412089 54.9657461818578 4
41.7520003163203 54.8097096818926 0
42.5923303620717 55.9544887598745 3
44.0042674631495 55.7981198137544 3
44.8440056162843 56.9435565751565 1
46.2559037252182 56.78855207034 2
47.095715502121 57.9341781290243 2
48.5077201311458 57.7795798721102 1
49.3486940476025 58.92427595751 1
50.7606800622392 58.7688743373847 1
51.6013538616232 59.9137481504196 1
53.0130334704937 59.7584225168161 5
53.8531395381391 60.9037743199581 3
55.2647088030501 60.7484168710283 0
56.1055868183903 61.8933698951828 0
57.5174658786665 61.7379584947853 0
58.3587998902766 62.8825893818102 4
59.7708436016618 62.7278863243463 2
60.6112865327393 63.8731394428791 5
62.023180639053 63.7187021829657 5
62.8630937905897 64.8640332302284 4
64.2749828866603 64.7081813316206 0
65.1153443086516 65.8529545613078 3
66.5273009835097 65.696538591247 3
67.3671611898328 66.8418533027377 1
68.7790835983855 66.6866780231264 2
69.6187549643461 67.8323804059582 2
71.0307747291119 67.6778716447037 5
71.8715212354309 68.8227045721983 1
73.2835360658758 68.6672771079203 5
74.1242025795975 69.8120956955425 1
75.5359466819404 69.6565947569772 5
76.3760341982209 70.8019214649519 3
77.7875864137985 70.646563852967 4
78.6282915936585 71.7916519583226 0
80.0401188563533 71.6363344260495 0
80.8815330310504 72.7809297018046 0
82.2935602157663 72.6261335422547 5
83.1342475179641 73.7712311562074 2
84.5461452063391 73.616831934073 1
85.3861027277002 74.7622056739843 4
86.7979511424494 74.6065826697167 0
87.6383140344468 75.7513880986857 0
89.0502804779831 75.5949738778347 0
89.8903062887661 76.7401517210983 1
91.3022559778151 76.5848056770979 2
92.1418814504566 77.7305169584415 2
93.5539149099245 77.5760834649319 2
49.3821366046509 0.757606706249768 1
50.7941695626671 0.602201025944429 5
51.6348242254752 1.74696555193147 1
53.0466411224599 1.59128107519224 5
53.8867190945674 2.73656056590585 5
55.2982705979878 2.58115915921523 4
56.138760850535 3.726398675981 0
57.5505385840135 3.57118891744295 0
58.3919760370887 4.71578093837791 0
59.8039806200006 4.56090283673166 5
60.6448959478444 5.70585290767432 2
62.0567938933947 5.55143510630811 1
62.8968280080496 6.69682335205486 4
64.3086358511446 6.54143794567487 0
65.1489815437565 7.68630603923608 0
66.5609458292617 7.52993944787301 0
67.4011666545428 8.67497770788766 3
68.813143396361 8.51946999102717 2
69.6527985066674 9.66513596997928 2
71.0648397355801 9.51075167802146 2
71.905028329372 10.6559884472663 1
73.3170683551169 10.5006491705695 2
74.1577100567267 11.6453636947793 1
75.5695929270714 11.4895128209905 1
76.4096585297824 12.6347342256011 5
77.8212267544986 12.4792487380226 2
78.6614953030581 13.6246296607398 0
80.0732285057189 13.4695295105421 0
80.9146280274952 14.6141534988783 0
82.3266074925678 14.4592149949235 3
83.1677102303409 15.6040413364495 2
84.5796003403013 15.4495587049097 1
85.419737399696 16.5949299808138 3
86.8315084166596 16.4397664448265 0
87.6718325472668 17.5847132716218 0
89.0837788526346 17.4284509224702 0
89.9242057432784 18.5733582738714 3
91.3362078609381 18.4177224908477 2
92.1759716969408 19.5632875325038 2
93.5880151697343 19.4089389726345 2
94.4279725127618 20.5543632271203 5
95.8400116887788 20.3991422142147 2
96.6806359785257 21.5438200501156 5
98.0925686525856 21.3878428679462 1
98.9326330364409 22.5329917838401 5
100.344239773758 22.3773903786842 2
101.184322692229 23.522872353697 4
102.596024798319 23.3678655073625 0
103.437333078041 24.5125524814267 0
14.8247940917374 24.3575722536077 1
15.6660358535358 25.5023015906056 2
17.077914618729 25.347700328007 1
17.9181812898646 26.4930178562152 1
19.3299202903594 26.3380129144523 0
20.1702242085998 27.4830431361659 0
21.5821337964707 27.3269114670117 0
22.4227408288779 28.4717204436064 0
23.8347622687733 28.3159785441238 4
24.6746946969317 29.4614066333516 2
26.086738560265 29.3070540771035 2
26.9265350594141 30.4526229638126 2
28.3385682625623 30.2975452574678 2
29.1791240405685 31.4422444820748 5
30.5910894340183 31.2861739021652 1
31.4311559262611 32.4312547489751 5
32.8428208926968 32.2755102058983 2
33.6827439323946 33.421063965275 4
35.094433837363 33.2661158546731 4
35.9355699939954 34.4109213336814 0
37.3475115000621 34.2559330487683 1
38.1888304305938 35.4006031880409 5
39.6007037533249 35.2458610918892 1
40.4411091144318 36.3911031216957 1
41.852821445224 36.2361947579324 3
42.6931030230563 37.3813090355826 0
44.104959016772 37.2253361886019 0
44.9457005439959 38.3700910032953 0
46.3577324573715 38.2142844845751 4
47.1978854362249 39.359552383952 2
48.6099311846342 39.2051582994322 2
49.4496591353024 40.3508067601013 2
50.8616826743286 40.1958918303481 2
51.7021092675926 41.3406809551241 5
53.1140935651628 41.1845625726093 1
53.9541842389598 42.3295730649097 1
55.3659212182231 42.1736745269535 2
56.2057211882521 43.3192637641725 4
57.6174191998572 43.1643281583754 4
58.4583049355646 44.3093048954681 0
59.8702345399225 44.1543448413183 1
60.7115877463939 45.2989773200541 5
62.1234679281767 45.1440904278282 5
62.9640132269017 46.2892417325661 1
64.3757026246684 46.1343651589178 3
65.2159522215905 47.2795598243308 0
66.6277426653641 47.1237485674177 0
67.4685632173608 48.2684950581352 0
68.8805920404478 48.1126563470867 4
69.7209961521218 49.25775922968 2
71.1330475446179 49.1032800562667 2
71.9727920454464 50.2489419856082 2
73.3848010317235 50.0941895314093 2
74.22505378578 51.2391231849327 2
75.6370452057909 51.0830061299006 3
76.4771877054789 52.2279406150736 1
77.8889984330916 52.0718866421511 1
78.7287222935294 53.2174700499687 2
80.1404443699469 53.0624947235626 2
80.9810337718507 54.2076690575009 0
82.392955331494 54.0527752452139 1
83.2343127710328 55.1973801797326 1
84.6462115394396 55.0423665307714 1
85.4868963697399 56.1874128289641 1
86.8985673197891 56.0325177669379 3
87.7387834864163 57.1777757582982 0
89.1505047420549 57.022118983158 0
89.9913607829769 58.1668891771117 0
91.4033698889643 58.0110546997469 0
92.2440392019186 59.1559973567317 2
93.6561014161996 59.0014081079316 2
94.4959376916054 60.1470239026817 2
95.9079280919144 59.9924225840889 2
96.7480019948543 61.1375220786009 2
98.1599896758743 60.9814605748256 3
99.0002057215193 62.1263156444488 1
100.412078784626 61.970123950978 1
101.251771666032 63.1156654209968 2
102.663525439924 62.9606057983589 2
103.503816229316 64.1059698340967 4
104.915735171235 63.9511784127024 1
105.757057995167 65.0957743495525 1
107.16898320184 64.9406674181088 1
108.009784820399 66.0856126788865 1
109.421447969503 65.9306594122536 1
110.261640383382 67.0759549213564 0
111.673297638961 66.9204323000434 0
112.514148706096 68.0652541172472 0
113.92611927606 67.9094628803948 0
114.767035016262 69.0542687373517 4
116.179108179978 68.8995636897664 2
117.019098391011 70.0450862915954 2
118.431069241277 69.8906120803893 2
119.270997984024 71.0358656874967 2
120.682969946183 70.8799093560007 4
121.523259284098 72.0246956867461 1
122.935176197792 71.86839267263 1
123.774889280319 73.0138572155667 2
125.186675636485 72.8586696685823 2
126.02670608418 74.0041870656072 4
127.438631715769 73.8495096982773 1
128.27987628267 74.994126217557 1
129.691833595098 74.8389509419067 1
130.532736868388 75.9837998067412 1
131.944415467672 75.8287223296643 1
132.784684701225 76.9739767021788 3
134.196337 76.818406 3
