x           y           stackinginfo
0.0 0.0 0
1.402476 0.224922 0
1.91352842823478 1.54959554552864 0
3.31624184738904 1.77209485367297 0
3.82759960122978 3.09706605444431 0
5.23023188514541 3.32111515546963 0
5.7419655341919 4.6460365401266 0
7.14448507952584 4.87153883667282 0
7.65616252366045 6.19659285636226 0
9.05852663812225 6.4235659446592 4
9.56962656950594 7.74897677127271 4
10.9718049042837 7.97734202506021 4
11.4817949406577 9.30333910634235 4
12.8837764507695 9.53289218940496 2
13.3921813828671 10.8596682939139 2
14.7939837192066 11.0900638993541 2
15.3005029584425 12.4177139373211 2
16.7021778778725 12.6484491606922 2
17.2068198841377 13.9769057493469 2
18.6084565400295 14.207300490332 2
19.1115539038642 15.5363243583002 2
20.5132614732524 15.7656470864186 2
21.0153819874774 17.0948948597236 2
22.4172618607312 17.3225684940597 2
22.9190931790481 18.6516851529256 2
24.3212206604211 18.877393736397 2
24.8234544632512 20.2060693930026 4
26.2258756778576 20.4297578216642 4
26.7290911412301 21.7577775032427 4
28.1318189966533 21.9796541319178 4
28.6363854321877 23.3069253506994 4
30.0394010887992 23.5273821378901 0
30.5454317070654 24.8539322497217 0
31.948690778465 25.0734429037739 0
32.456058295651 26.3993954921028 0
33.8595029318512 26.6184486905451 0
34.3679103543849 27.9439822293605 0
35.7714731125386 28.1630276786018 0
36.2805447269452 29.4883313023985 0
37.6841526655184 29.7077671113233 0
38.1934749983456 31.0330325668061 0
39.5970465353467 31.2532634076026 0
40.1061870479165 32.5786905621026 0
41.5096355664413 32.8001494360168 4
42.0181604255142 34.1259442239809 4
43.4214062877177 34.3490398757372 4
43.9288914658071 35.6754145164355 4
45.3318724536653 35.9004712213974 2
45.8379565027046 37.2276188300395 2
47.2406441111767 37.4547790012054 2
47.7451256324909 38.7828147554167 2
49.1475399944899 39.0119268180241 2
49.6504713299206 40.3408217369189 2
51.0526817427494 40.5713945391748 2
51.5544019718471 41.9009469337244 2
52.9565104859117 42.1322242945418 2
53.4575981082661 43.4620856608628 2
54.859721140104 43.6931544113054 2
55.3608711078618 45.0229043751258 2
56.7631183767733 45.2528704503637 2
57.2650014528501 46.5821119494756 2
58.6674652233112 46.8102861970925 2
59.1706149276214 48.138720236998 2
60.5733628219367 48.364731878347 2
61.0780450143869 49.6922342306026 2
62.4811095131939 49.9160549292404 2
62.9872856462305 51.2426885363951 2
64.3906571963643 51.4645681618206 4
64.8980365595151 52.7905308511505 5
66.3016645471393 53.0108785433815 3
66.8098053980442 54.3364252092864 3
68.2136107583791 54.5556937661692 3
68.7220276051169 55.8810763338258 3
70.1259206935357 56.0996969583346 3
70.6341616866778 57.4251355296376 3
72.038058953097 57.6434876195943 3
72.5457317360042 58.9691732095139 1
73.9495557602488 59.187623082568 3
74.456313371949 60.5137363981682 1
75.8599861351334 60.7327073484678 1
76.3655319129428 62.0594192812591 5
77.7689808581018 62.2794079793004 5
78.273115516798 63.6068559773929 5
79.6762878878932 63.8283880621467 5
80.1789898884762 65.1566360114155 5
81.5818627816894 65.3801639139018 2
82.0833674248912 66.7091536342525 2
83.4859517239849 66.9349115137746 2
45.1459626686073 0.99023433262954 2
46.5483051158785 1.21812796820058 2
47.049056892587 2.547899772678 2
48.4512351824677 2.77748882521091 2
48.9526684339888 4.10712101280084 2
50.3547840036901 4.33768177730758 2
50.8575648380317 5.66678908830548 2
52.2597287498749 5.89746918554479 2
52.7643204474461 7.22574196871455 2
54.1666285888515 7.45577643556837 2
54.673163678026 8.78307608248602 2
56.0756806237686 9.01189668929982 2
56.5839427581515 10.3382806398088 5
57.9866932590909 10.5655496611628 2
58.496193470067 11.8912336042285 5
59.8991629404949 12.1168295740008 5
60.4092779289182 13.4421071360437 5
61.812422330719 13.6660837831754 1
62.3225433023845 14.9912396745184 1
63.7258027036246 15.2137796389934 1
64.2354292585316 16.5390426079643 1
65.638735866968 16.7604250692807 1
66.1474912313629 18.0859691674522 1
67.5507692334416 18.3065660881303 1
68.0583609834934 19.6325371899986 1
69.4615413591966 19.8527279633173 1
69.9677163370922 21.1792702661875 1
71.3707490101969 21.3994008538786 1
71.875394309058 22.7266136099555 1
73.2782432403477 22.9470089262225 1
73.7814862732269 24.2748946299678 1
75.1841266843169 24.4959034580851 5
75.6863082920391 25.8243694712894 5
77.0887246857144 26.0463762173626 5
77.590352485315 27.3752485159451 5
78.9925430759483 27.5986103409762 2
79.4942356356708 28.9276527486514 2
80.8962199274386 29.1525921557636 2
81.3986581578784 30.481521920748 2
82.8004823236983 30.7080532426003 2
83.3043394292951 32.0365669131759 4
84.7060747820292 32.2644703914983 2
85.211868662889 33.5923029737239 4
86.613598680144 33.8211443865267 4
87.1215274554564 35.1481471451212 4
88.5233253266573 35.3774287840591 4
89.0332072591826 36.703611990176 4
90.435116174194 36.9329043225663 5
90.9464689351385 38.2584251046016 3
92.348498249882 38.4873862927656 1
92.8606952737444 39.8124897028879 1
94.2628252200901 40.040865383924 1
94.77522245844 41.3658189321029 1
96.1774179317154 41.5934275595813 1
96.6894391200695 42.9184696755677 1
98.0916636621702 43.1451889197368 1
98.6028239642494 44.4705099876646 1
100.005048791766 44.6962828424927 1
100.514927192856 46.0220400900402 1
101.917131293644 46.2468980934964 1
102.425361515642 47.5732350487032 1
103.8275276079 47.7972812677395 1
104.333974394385 49.1242666507975 1
105.736091238225 49.3476627208514 1
106.240913028729 50.6752592256575 1
29.9614146924205 50.8981653671378 1
30.4649972717324 52.2262424051592 1
31.8670390768892 52.4487923901835 1
32.3699140440989 53.777158193642 1
33.7719361774169 53.9995354389437 3
34.2747038701107 55.3279720858608 3
35.6767054421676 55.5504310077049 3
36.1799862517379 56.8787117411476 0
37.5819622549742 57.1015449065787 0
38.0863555470043 58.4294460051321 0
39.4883003755526 58.6529613047918 0
39.9942946979653 59.980294304868 0
41.3961739288093 60.2049275726129 0
41.9038951836237 61.5317205330724 0
43.3057803848158 61.7571395402403 0
43.8151655616309 63.0833388171682 0
45.2170895519502 63.3094772509205 0
45.7279277664901 64.6351447534271 0
47.1299403737811 64.8620018069345 0
47.6421506517241 66.1871683425208 0
49.0441320041718 66.4148384824304 0
10.7161479023311 0.465599695207773 3
12.1180773515093 0.693940723277514 3
12.6308687566532 2.01896322222502 3
14.0327250096269 2.24777615579294 3
14.5449539638756 3.57306818272716 3
15.9467226989559 3.80212312050702 1
16.4578547490984 5.1278860401205 1
17.8595352801279 5.35692714625124 1
18.3690743301855 6.68333200853077 5
19.7706783652329 6.91208570765674 1
20.278313151912 8.23922311903295 5
21.6798791721982 8.46734947710446 1
22.1856127386289 9.79517191667969 1
23.5872033266447 10.0223152948983 1
24.0913465340161 11.3506478617361 1
25.4930267444319 11.5765695194384 1
25.9961269609527 12.905164158666 1
27.397948427897 13.1297933769516 3
27.900661892542 14.4583797094241 3
29.3026615220535 14.6817654269488 3
29.8056458896239 16.0100933156641 0
31.2078385070678 16.2324133395291 0
31.7116701718042 17.5602824884343 0
33.1140499302285 17.781819340247 0
33.61915702027 19.1090999630384 0
35.0217005647454 19.3302139214483 0
35.528312275521 20.6568639682217 0
36.930980745592 20.8779623746661 0
37.4391257038462 22.2040211544454 0
38.8418709256586 22.4254995371829 0
39.3514200400264 23.7510551760392 0
40.754195332112 23.973243180018 0
41.2648549484252 25.2984255690154 0
42.6676078828383 25.5216285255693 0
43.1789446039512 26.8466199961959 0
44.5816133898066 27.0711147023444 0
45.0931291651951 28.3961291791342 0
46.495658805422 28.6220900078083 0
47.0068314962454 29.947356814652 4
48.4091803172759 30.1748234196083 4
48.9194751534285 31.5005802646288 4
50.321618444147 31.7294515610428 4
50.8305279287782 33.05591933639 2
52.232467767263 33.2859357616988 2
52.739605752707 34.6132628939812 2
54.1413778809138 34.8440014684927 2
54.6466125707634 36.172198217672 2
56.0482912138363 36.4030465330784 2
56.5518262766789 37.7319425127924 2
57.9535168526838 37.9621436177849 2
58.455833604176 39.2914240419618 2
59.8576478176424 39.5202585316446 2
60.3593983602434 40.8495536744584 2
61.7614273479148 41.0765290876326 2
62.2633128843641 42.4054946510513 2
63.6656204598753 42.6303862005893 4
64.1682834147942 43.9587525844916 4
65.570901068775 44.1816252409233 4
66.0748070944835 45.509243925088 4
67.4777324931795 45.7304097971901 4
67.9830949870206 47.0572641174077 0
69.38629498322 47.2771697592036 0
69.8930640129885 48.6033571350593 0
71.296486886544 48.8224944200979 0
71.8044058811557 50.1481864276538 0
73.2079858182857 50.3670297937321 0
73.7166880038857 51.6924227366692 0
75.1203520247115 51.9113915914246 0
75.6294314859106 53.2366793993571 0
77.0331019117145 53.4561650551679 0
77.5421354835298 54.7815443177515 0
78.9457269177865 55.0019708948094 0
79.4542876110882 56.3276438047394 4
80.8577144841758 56.5494551265621 4
81.3653850228938 57.8756277081052 4
82.7685727448685 58.0992317696281 4
83.2749749332186 59.4261040608544 2
84.6778745250065 59.6517899931877 2
85.1827501059637 60.9795120371122 2
86.5853558231913 61.2073292846352 2
87.0886664234786 62.5359344101752 2
88.4910233881565 62.7655943170024 2
88.993008542383 64.0949505847151 2
90.3952034723714 64.3258341291032 2
90.8963643195258 65.6556478351649 2
92.2985068029571 65.8869121057754 2
92.7995129591211 67.2167816794773 2
55.3609332989114 0.173278541015241 2
55.8624803894524 1.50278597893738 2
57.2648512937425 1.73211278166796 2
57.7675329706864 3.06090833569856 2
59.1701526792707 3.2882846397367 2
59.6743316608621 4.61616724924395 2
61.0772509241291 4.84136220497531 2
61.5829830691879 6.1683244010276 2
62.986211846542 6.39142932515065 2
63.4932768781899 7.71762697088503 5
64.8967830281372 7.93896274412003 5
65.4047724749743 9.2646408474678 5
66.8084885915153 9.48463553014549 3
67.3169154599373 10.8100548663631 3
68.7207549575376 11.0291492070537 3
69.2291463667312 12.3545447714507 1
70.6330219387733 12.5731411417935 3
71.1409657162854 13.8987116500438 1
72.5447993124693 14.1171675128295 1
73.0519393622167 15.4430922791163 1
74.455656543012 15.6617814291917 1
74.9616798994409 16.9882339236521 1
76.365207782694 17.2076014175268 5
76.8698739791807 18.534734624803 5
78.2731525148521 18.7552886614389 5
78.7763661104026 20.0832000845255 5
80.1793577890808 20.3054531177614 5
80.6812625612201 21.6341328725771 2
82.0839584498654 21.8584700329288 2
82.5849603010457 23.1877747389515 2
83.9873867744811 23.4143144321095 2
84.4880983102975 24.7439791448884 2
85.8903162354914 24.9724998556757 2
86.3914561457994 26.3021760553211 2
87.7935529211426 26.53213055231 2
88.2958285658443 27.8614374335001 2
89.6979118074414 28.0920429591556 2
90.2018921642633 29.4206299337263 2
91.6040667250072 29.6510718908482 2
92.1100231522925 30.9787225671825 2
93.5123702566157 31.2083340355047 2
94.0202155672226 32.5350263765971 5
95.4227805746983 32.763343791 5
95.9321116731946 34.0892356839984 5
97.3348986542365 34.3160097249197 5
97.8451161619595 35.6413731068952 1
21.5665242281048 35.8665419802021 5
22.0769855525204 37.1916744040808 1
23.4801019127359 37.415324212802 1
23.9902455670179 38.74048074789 1
25.3934390742178 38.9628098880073 1
25.902831005624 40.2881858561738 1
27.3060347031503 40.5094912616545 1
27.8143482335529 41.835239859213 1
29.2174902958897 42.0559036675906 1
29.7244537170353 43.3821673422562 1
31.1274758914134 43.6025561953307 1
31.6329039230985 44.9294577094283 1
33.0357655464749 45.1498921463056 1
33.5397000809645 46.4774679545665 1
34.9423748819925 46.6982585265282 1
35.4450859712661 48.0264479290567 5
36.8475571474225 48.2479415493595 5
37.3494957840687 49.5765996643349 5
38.7517538818049 49.7991675018146 5
39.2534953094315 51.1280855058163 5
40.655544124321 51.3520412173063 2
41.1577393303681 52.6809630177582 4
42.5596056335826 52.9064680315222 2
43.0629250986634 54.2351108158131 4
44.4646655709765 54.4620935824318 4
44.9696979227669 55.7901804628128 4
46.3713911958231 56.0183377514561 4
46.8784775786007 57.345669510734 4
48.2802025643017 57.5745511538341 4
48.7893375188357 58.9010671233707 4
50.1911524079036 59.1302330146398 4
50.7019834822038 60.4560241192685 3
52.1039138148218 60.6851138512245 3
52.6158858131195 62.0103815646734 3
54.017923053349 62.2391180958943 1
54.5304095267569 63.5641159867201 1
55.932518349246 63.7922936221274 1
56.4448988227081 65.1172787451141 1
57.8470416270775 65.3447355705047 1
58.358781306589 66.6699226027103 1
59.7609273815307 66.8965420211892 1
21.4307825647273 0.947890459428905 1
22.8329116314868 1.17362337312847 1
23.3420357534749 2.49971268530652 1
24.7441333975482 2.72459191816466 1
25.2514718358093 4.05131852328205 1
26.6535312424876 4.2754240050077 1
27.159115445057 5.60279179975942 1
28.561138770322 5.82626372592845 1
29.0652711097366 7.15417424131949 1
30.4672740509153 7.37713655721903 1
30.9704414423444 8.70541345015859 1
32.372441623735 8.92800315997619 1
32.8752264991412 10.2564333463066 3
34.2772304191256 10.47885800823 3
34.7802441770687 11.8072197101865 3
36.1822486648294 12.0297490385077 0
36.6860879693214 13.3578259224898 0
38.0880887524987 13.5807465199266 0
38.593277822546 14.9083484148046 0
39.9952745932967 15.1319176711395 0
40.5021791991341 16.4589138398381 0
41.904176366165 16.683315438236 0
42.4129196613444 18.0096613756035 0
43.8149255206735 18.234957203189 0
44.3253663738517 19.5607002771457 0
45.727381827845 19.7868924664865 0
46.2391344834496 21.1121741294836 0
47.6411411397967 21.3392537580321 0
48.1536881736243 22.6642729309197 0
49.5556569706337 22.8921668930933 3
50.068446649217 24.2171444088841 3
51.4703477675417 24.4457095714906 3
51.9828272676946 25.7708690833868 3
53.3846384225711 25.9999069767594 3
53.8962618360473 27.325462112637 3
55.2979743078426 27.5547285119825 1
55.8082169463687 28.8808688739341 5
57.2098365573048 29.1100894925673 5
57.7182761475263 30.4369524285061 5
59.1198297408739 30.665794279894 5
59.6263218508877 31.9933943842557 1
61.0278665904085 32.2214521353946 1
61.5325882108282 33.5496594439302 1
62.9341969108554 33.7765656617804 1
63.4376041736671 35.1051464385011 5
64.8393414648777 35.330707206571 1
65.3420620371168 36.6593872809413 3
66.7439766533147 36.8835672059959 3
67.2466862007646 38.2120759485136 3
68.648806819404 38.4349766358227 0
69.1521306212159 39.7630867683576 0
70.5544618592862 39.984939821089 0
71.0588967909286 41.3124912630416 0
72.4614230195391 41.5336259080517 0
72.9672783164527 42.8605438175097 0
74.3699664265113 43.0813597591583 0
74.8773439945666 44.4076577005524 0
76.280146169742 44.6285838544674 0
76.7889740755879 45.9543398432306 0
78.1918380851692 46.1757623343312 0
78.7018953474036 47.5010907318269 0
80.1047698599654 47.7233426880349 0
80.6156764425027 49.0484056184556 0
82.0184987042969 49.2718059746971 0
82.5297820476103 50.5968052338232 0
83.9324882063057 50.8216170297361 0
84.4436418320187 52.1467738516606 0
85.8461794215302 52.3731421977191 4
86.3566805009722 53.698690458667 4
87.7590121366951 53.926620527458 4
88.2683404638812 55.2527949664959 2
89.670452013416 55.4821321769643 2
90.1781643996724 56.8091234342603 2
91.5800753688064 57.0395306191392 2
92.0859237683335 58.3674172792622 2
93.4876913230033 58.5983713782288 2
93.9917390221815 59.9270620645078 2
95.3934582035482 60.1578433287733 2
95.8960842783424 61.4870739411353 2
97.2978697611983 61.7168853518757 2
97.7996700648307 63.0462902475037 2
99.2016280629544 63.2744671172266 2
99.7032940629234 64.6036754193401 2
101.105504113882 64.8298144857162 2
101.6077144097 66.1585092683942 2
103.01022758841 66.3824995177256 4
64.6727438791195 0.436260527602365 3
66.0755775917504 0.658289117537485 4
66.5802707199538 1.98547845292814 4
67.98340614043 2.20593978803082 0
68.4894893174593 3.53242467990786 0
69.8928649021932 3.75183859846042 0
70.4001960113506 5.07775557360561 0
71.8037538866557 5.29663104535864 0
72.3120144472668 6.62216673635793 0
73.7156853048005 6.84094931268494 0
74.2244845892531 8.16629709799337 0
75.6281964977952 8.38536838298472 0
76.1371195081503 9.7107173904596 0
77.5407982439836 9.93043916822888 0
78.0494076401787 11.2559861887248 0
79.4529767462025 11.4767274502975 4
79.9608264189651 12.8027031199085 4
81.3641944555182 13.0249662289642 4
81.8708966728791 14.3515726595569 2
83.2739952252959 14.5757741881291 2
83.7792550080262 15.9031808353265 2
85.1820529560305 16.1295558868873 2
85.6857561567623 17.4578454168317 2
87.088272406665 17.686325316546 2
87.5905639281376 19.0154336575353 2
11.3112952138903 19.2455869784815 2
89.494161009978 20.5752824140589 2
13.2147754657045 20.8063803405483 2
13.7157009864154 22.136296844796 2
15.1178815734714 22.3674355474808 2
15.6191451464776 23.6971485723309 2
17.0214332918652 23.9274141311689 2
17.5236803760772 25.2565356527439 2
18.9261724341599 25.4851937186616 2
19.4298634039878 26.8134499653549 2
20.832628203958 27.0400657237824 2
21.3379279952794 28.3673677212375 2
22.7409974937028 28.5918374136507 2
23.24776562696 29.9182839082651 2
24.651130250751 30.1407844668706 5
25.1589934179628 31.4666016184336 5
26.5626032499174 31.6874884998011 5
27.0710716093423 33.0129453012545 3
28.4748474886936 33.2326434777618 3
28.983420775803 34.5579937289239 1
30.3872722920561 34.7769274663062 1
30.8955075454894 36.1023866219074 1
32.299350129592 36.3209381466047 1
32.8068745042067 37.6466903185049 1
34.2106317875043 37.8652225325361 1
34.7171238071356 39.1914403431858 1
36.1207219825305 39.4103614090936 1
36.6259176323227 40.7372050965929 1
38.0292914695944 40.9569919927161 5
38.5330406023409 42.284580244438 5
39.936144013886 42.5057481658242 5
40.4385074316556 43.8341108979111 5
41.8413160267878 44.0571305918458 2
42.3426122916794 45.3861742159512 2
43.7451327729116 45.611335375479 2
44.2459057672132 46.9408435737873 2
45.6481810305404 47.1681369220523 2
46.1491191292242 48.497797059446 2
47.5512220333118 48.7268747218277 2
48.0530468427947 50.0563230348978 2
49.4550746747481 50.2865431203523 2
49.9584335231154 51.6154127064554 2
51.3604949510408 51.8459705014214 2
51.8657949537737 53.1739807826816 2
53.2679843276531 53.4041337158366 2
53.7752787528234 54.7311791237753 2
55.1776604744482 54.960361037732 5
55.686659205947 56.2865286086824 5
57.0892581890933 56.5143726122314 5
57.599419215473 57.8398946309855 5
59.0022200964348 58.0662275174756 1
59.5128949212807 59.391398972581 1
60.915853894416 59.6162079914776 1
61.4264298145446 60.9413061966199 1
62.8294900095022 61.1647045579959 1
63.3394713268734 62.4899488460822 1
64.7425724078979 62.7121508510722 1
65.2515825736667 64.0377100349381 1
66.6546597311365 64.2590333271507 1
67.1624027139659 65.5850501475448 1
68.5653917083424 65.805875943699 1
69.0716271516354 67.1324866694606 1
31.6336962815522 0.0789375781072995 1
32.1383721726414 1.40621367298637 1
33.5410616977121 1.62700340877858 1
34.0443681227396 2.9549179503462 1
35.4468772810645 3.17613205427918 5
35.9492011181597 4.50457048631446 5
37.3515193237454 4.72654853856189 5
37.8533882433294 6.055328198097 5
39.2555116700243 6.27840984237978 5
39.7575447009771 7.60729742516163 4
41.1594868743275 7.83173335798362 4
41.6623557702475 9.16045660622047 4
43.0641548168987 9.38633332398225 4
43.5685030164405 10.7146102971973 4
44.9702202782513 10.9418094991706 4
45.4765202269134 12.2694064703506 4
46.8782283172365 12.4976039829466 4
47.3866338258692 13.8244027152537 4
48.7883960281496 14.0531910892987 4
49.2986969380691 15.3792228171039 4
50.7005479552693 15.6082371453328 3
51.2122467712178 16.9336661683778 3
52.6141909136918 17.162599295153 3
53.1266652684333 18.4876655632285 3
54.5286820340721 18.7162690648415 1
55.0413032897089 20.0412290924602 1
56.4433594400803 20.2693056936575 1
56.9555644325546 21.5943887020597 1
58.3576279680466 21.8217802876232 1
58.8689278984953 23.1471743131068 1
60.2709767455077 23.3737685017131 1
60.7809286374323 24.6996336852717 1
62.1829497402266 24.9253905514399 1
62.6911817577977 26.2518646257948 1
64.0931698908554 26.4767936188998 1
64.5995765789711 27.8039227286627 1
66.0015374040239 28.0280874253217 1
66.5063115736127 29.3558099333151 1
67.9082593648567 29.5793242218754 1
68.4118276296534 30.9074860507991 1
69.8137847363424 31.1304545643463 1
70.3167065374735 32.4588475632443 3
71.718688363799 32.6814261218114 3
72.2215729576716 34.0098269877112 3
73.6235816617631 34.2322487138795 3
74.1270352799582 35.5604383891822 0
75.5290652653448 35.7829863420017 0
76.0336438173854 37.1107658825359 0
77.4356888386746 37.3337285212245 0
77.9418250265285 38.6609468737532 0
79.343880420282 38.8845785646889 0
79.8518009531711 40.2111624299089 0
81.2538664483591 40.4356255398483 0
81.7635424818143 41.7615878651921 0
83.1656190037329 41.9869421282352 0
83.6767811169941 43.3123824049983 0
85.078854139722 43.5386722166739 0
85.5910412850714 44.863766447953 0
86.9930819002536 45.0909937954954 0
87.5057630949941 46.4159534188471 0
88.9077388077788 46.6440349643368 3
89.4203630922558 47.9690841770718 3
90.8222468939947 48.1978599613875 3
91.3342619946712 49.5232209997588 3
92.7360381967757 49.7524707563743 3
93.2469018959697 51.0783499194348 5
94.648570339124 51.3078044188288 5
95.1577940123108 52.6343707669732 5
96.5593712644944 52.8637150186788 5
97.0666679501893 54.1910459652491 5
98.4682009052211 54.4198676093501 1
98.9736047677127 55.7478916792041 5
100.375166571032 55.9757374589464 1
100.879019721828 57.3042496929768 5
102.280687687802 57.5307760968315 5
102.783561871369 58.8595028520246 5
104.18539750151 59.0845666640212 3
104.687968512681 60.4132218422628 3
106.090015682404 60.6368321570235 3
106.592951342877 61.9651596155171 0
107.995229775252 62.1874739055556 0
108.49909789829 63.5152805064823 0
109.901605572891 63.7365709077189 0
110.406807236932 65.0637452353172 0
111.809532136903 65.2843395247071 0
112.316260014162 66.6108589715947 0
113.719249297665 66.8310885177309 0
75.38566164302 0.883213035219576 0
76.7884461172416 1.10414946289895 0
77.2978480135283 2.4297818412701 0
78.7006583168023 2.65221002444318 0
79.2113370061718 3.97715649865152 0
2.93274139492129 4.1994189593885 0
3.4438119413029 5.52437378093191 3
4.84669291994361 5.74795645798203 0
5.35776622047815 7.07301881568593 0
6.76049562206348 7.29815878985556 0
7.27110867014923 8.62353075478208 4
8.67363831014703 8.85033143010622 4
9.18328597975471 10.1762416003636 4
10.5855862406533 10.404658389386 2
11.0937933014261 11.7313225950017 2
12.4958659408577 11.9611248236948 2
13.0022984183945 13.2886785753214 2
14.4041836574132 13.5194345092054 2
14.9087711922597 14.8478644538071 2
16.3105486300467 15.0789365727499 2
16.8135490065466 16.4080467420935 2
18.2153289011673 16.6386314615938 2
18.7172638229448 17.9680838084785 2
20.1191616653045 18.1973897589102 2
20.6206986976903 19.5267961595314 2
22.0228087962763 19.7542429044549 2
22.5246427384658 21.0832476061846 2
23.9270324660941 21.3085376733629 2
24.429782731029 22.636870369763 2
25.8324880053224 22.8600291880565 4
26.3365719758781 24.1875577120601 4
27.7395925596037 24.4088812101568 4
28.2451508345084 25.7356218033627 4
29.6484563458658 25.955559028416 0
30.1553616136598 27.2816457372046 0
31.5588984133147 27.5006908688011 0
32.0668329999491 28.8263212197075 0
33.4705287669579 29.0449458734458 0
33.9790892730039 30.3703310523704 0
35.3828661938481 30.5889505902464 0
35.8916323227854 31.9142914150844 0
37.2954116124794 32.1332909693879 0
37.8039665757237 33.4587841772348 0
39.207663520777 33.6785856402647 0
39.715597995799 35.0044307342931 4
41.1191263892211 35.225500663991 4
41.6260523427228 36.5518963378337 4
43.0293358621078 36.7746954390685 2
43.5349283584719 38.1018240735029 2
44.9379167343179 38.3267182046774 2
45.4419953764198 39.65470101565 2
46.8446821202135 39.8818240237522 2
47.3472997687276 41.2106596459628 2
48.7497282714593 41.439798210914 2
49.251209381182 42.7693230826184 2
50.6534628260361 42.9999070118139 2
51.1543691962141 44.3298050796425 2
52.5565533262443 44.5610173416962 2
53.0575817888058 45.8908785618403 2
54.4598112524543 46.1217863834708 2
54.9616462076108 47.4511980264194 2
56.3640276480194 47.680944948236 2
56.8672108512601 49.0095758835797 2
58.2698292394924 49.2375429870478 2
58.7746356716416 50.5652233850251 2
60.1775416693301 50.7911097029478 2
60.6839282610178 52.1178664231745 2
62.087132905555 52.3416796425012 2
62.5947844872803 53.6677007564907 5
63.9982578244707 53.8896840321418 5
64.5066958219476 55.2152367269253 5
65.9103726918819 55.4357665127052 3
66.4190793781583 56.7611183663125 1
67.8228730280645 56.9806157716974 1
68.3313742469362 58.3059998501806 1
69.7351952485759 58.5248712641982 1
70.2430940048248 59.8504809480129 1
71.646862287321 60.0690937845164 1
72.1538247439477 61.3951017226972 1
73.5574668052076 61.6138301935011 1
74.0632088458436 62.9404009125792 1
75.4666568855499 63.1596772456609 1
75.9709787248894 64.486948658015 1
77.3741811016193 64.7072596863597 5
77.8770641223798 66.0352970887918 5
79.2799856100186 66.2571430134171 5
40.940876369285 0.311685437641193 2
42.3435061440181 0.535473833380685 2
42.8444438249574 1.86477741586487 2
44.2468054670579 2.09069019206225 2
44.7476497766396 3.42026818060823 2
46.1497995534784 3.64817362010199 2
46.6512717122342 4.97768529143325 2
48.0532915958863 5.20713243800162 2
48.5560867322274 6.53621329371058 2
49.958080056585 6.76649790655448 2
50.4627299858403 8.094823493016 2
51.8647984548183 8.32517505983918 2
52.3715009940612 9.65256327223325 2
53.7737227858608 9.88233634674825 2
54.2823112815474 11.2087972310163 5
55.6847300233556 11.437525839572 5
56.1947411455702 12.7632396300091 5
57.5973600057316 12.9906416588561 5
58.1081614699499 14.3158874147221 1
59.5109492544612 14.5418465304576 1
60.0218913460252 15.8669161108168 1
61.4247980154908 16.0914511178729 1
61.9353254038378 17.4165887204538 1
63.3382955186162 17.6398291931557 1
63.8479804296694 18.9652198737722 1
65.2509578993861 19.1873939540792 1
65.7594671609506 20.5131880427077 1
67.1623918381233 20.7346311492105 1
67.6694510825231 22.0609672904975 1
69.0722696845292 22.2820399517028 1
69.5777394651507 23.6090188677089 1
70.9804165855229 23.8300111109739 1
71.4844012555666 25.1576397981662 1
72.8869203773353 25.378814134735 1
73.3897378279752 26.7070083892938 1
74.7920899713456 26.9286574998999 5
75.2942176525855 28.2572597702619 5
76.6963955819533 28.4797144829953 5
77.1984149935075 29.8085146265425 5
78.6004200951106 30.0320831897288 4
79.1029809567437 31.3608300839658 4
80.5048348718709 31.5857115807496 4
81.0085963869267 32.9141310464382 4
82.4103441631976 33.140354325631 4
82.9158653236161 34.4681942343576 4
84.317570522194 34.6955851005422 4
84.8251523802445 36.0226783008805 4
86.2268795157877 36.2509026568994 4
86.7364802274903 37.5772161370277 4
88.1382745344606 37.8059217671224 4
88.6495119765721 39.1315651117702 3
90.0513890171033 39.3604453463511 3
90.5636860498909 40.6856280415417 3
91.9656350930182 40.9144178909345 3
92.4783607915739 42.2393904013329 1
93.8803533664141 42.4678688876795 1
94.3929152767829 43.7928727900193 1
95.7949188159286 44.0208530605647 1
96.3067943316186 45.3460949834993 1
97.7087838929824 45.573419417007 1
98.2195034852058 46.8990717056446 1
99.6214657269226 47.1256320675164 1
100.13059525977 48.4518491537428 1
101.532524192498 48.677597601731 1
102.039817836845 50.0044695961938 1
103.441721664003 50.2293848927929 1
103.947241379036 51.5568904140268 1
105.349137151996 51.7810267070521 1
105.853224932717 53.1090413031374 1
107.255135962602 53.3324871661141 1
107.75831566847 54.6608126981401 1
109.160265512256 54.8836756702122 3
109.663143276975 56.2120848608534 3
33.3835729335899 56.4345470582211 3
33.8867692259997 57.7628125518305 3
35.2888162695365 57.9851276345717 0
35.792924476555 59.3130346738008 0
37.1950103245668 59.5354936032629 0
37.7005541674413 60.8628517553255 0
39.1026606224189 61.0857946606574 0
39.6100053265913 62.4124452839798 0
41.0119951019401 62.6368414720421 0
41.5207613658483 63.9631765490936 0
42.92279560681 64.1878317928983 0
43.4325995518649 65.5137456192987 0
44.8348585714784 65.7389522824015 0
45.3465894962853 67.0641600197008 3
7.90796906878286 0.0162701586235281 0
8.42045708254402 1.34124037630562 0
9.82253850985484 1.56862089957197 0
10.335203014365 2.89359047097428 0
11.7371838604467 3.12188767784484 3
12.2494775567368 4.44708224883026 3
13.6513403242652 4.67610141694739 3
14.1627144636654 6.00173949038176 5
15.5644530872921 6.23122843833299 5
16.0743867690468 7.55750158614147 5
17.4760113873936 7.78715767519067 5
17.9841028416287 9.11419530342532 5
19.3856476669609 9.34363106989009 5
19.8917827613077 10.6714291497716 5
21.293314277516 10.900155797634 5
21.7977040717489 12.2285563146426 5
23.1993061440711 12.4561042069403 5
23.7024344021759 13.7848444740052 5
25.1041828261554 14.0109248533772 5
25.6066974239183 15.3397100364084 5
27.0086484346821 15.5642312135148 3
27.511237393383 16.8927800444839 4
28.9134244756869 17.1158152578291 0
29.4167091024361 18.4439023477844 0
30.819137889746 18.665679211779 0
31.3235859840403 19.9931608779665 0
32.7262394148964 20.2140203387546 0
33.2321150399484 21.5408452107837 0
34.6349570479321 21.7612121964869 0
35.1423182146341 23.0874168959948 0
36.5452953391336 23.3077480309146 0
37.0540259367783 24.6334324155908 0
38.4570815476023 24.8541461031723 0
38.9669222687652 26.1794447318458 0
40.3699980373691 26.4009103327264 0
40.8805604045889 27.7259928700791 0
42.2835859763765 27.9485666368359 0
42.7944013457322 29.2736364939316 0
44.1973062039735 29.4976323567523 0
44.7078822512807 30.8229083476533 4
46.1106058770139 31.0485443563267 4
46.6204367901814 32.3742568842901 4
48.0229342191668 32.6016160514615 4
48.5315248239859 33.9279957603135 2
49.9337778338053 34.1569805038647 2
50.4407281212885 35.4842095719151 2
51.8427584383522 35.7145009298474 2
52.3478836766092 37.0426379430606 2
53.7497536737588 37.2736996093401 2
54.2531796100226 38.6026273457639 2
55.6549887675299 38.8337124636791 2
56.1571431924095 40.1631431361722 2
57.5590094149945 40.3934032831987 2
58.0605161135972 41.7229518914595 2
59.4625479747048 41.9516457655162 2
59.9641000492997 43.2809278020853 2
61.366379668075 43.5075702745404 2
61.8686404175733 44.8362623439066 2
63.2712223805621 45.0606850305552 2
63.7747003012201 46.3885874056455 4
65.1776043567978 46.6109451634649 4
65.6825451545158 47.9380162262994 4
67.0857570216942 48.1586887753652 4
67.5921203294633 49.4850283946567 4
68.9955972588943 49.7044973764548 0
69.5031142214923 51.0302927481261 0
70.906789069998 51.2490452105048 0
71.4150658441994 52.574514851155 0
72.8188591841829 52.7929943023593 0
73.3274680466768 54.1183492076058 0
74.731300826263 54.3369450352386 0
75.2398224496281 55.6623832907637 3
76.6436137124851 55.8814878181067 0
77.1516412923823 57.2072062840221 3
78.5553047552094 57.4272689868004 4
79.0624492975522 58.7534645617443 4
80.4659023739512 58.9749695972972 4
80.9718212854797 60.301829683949 2
82.3749985588284 60.5252324349589 2
82.8794612434016 61.8529037102655 2
84.2823328782603 62.0785094005915 2
84.7853105663047 63.4070417462896 2
86.187894846713 63.634861753478 2
86.6896219633201 64.9641572218468 2
88.0919821153394 65.1938315686333 2
88.5929486801626 66.5236326229601 2
89.9951782751238 66.7544776551413 2
51.6552650652381 0.810193094676075 2
53.0574745995516 1.04133019681336 2
53.558960537177 2.37096344990352 2
54.9612633182845 2.60147232836799 2
55.4639694397627 3.9304378928709 2
56.8664636289466 4.15955195520133 2
57.3707698108893 5.48760699930686 2
58.7735227993918 5.71483915525045 2
59.2794916494455 7.04193239715021 2
60.682532734918 7.26710855774243 2
61.1899249683025 8.59337329703769 2
62.5932432296554 8.8165937872195 5
63.1016094708129 10.1422805580477 5
64.5051569149316 10.3638338709748 5
65.0139661999301 11.6892215867234 1
66.4176671242028 11.9094930409883 1
66.9264178087763 13.2348299390209 1
68.3301830253313 13.4542327979857 1
68.8384498822298 14.7797248444613 1
70.242194982258 14.9986432901107 1
70.7496287935194 16.3244649189727 1
72.153279421708 16.5432566826068 1
72.6595827763088 17.8695717659934 1
74.0630710867681 18.0886226122099 1
74.5680060854814 19.4155823016227 1
75.9712769949536 19.6353337294652 1
76.4747500763538 20.9630349533708 5
77.8777620225447 21.1839730279039 5
78.3799160696041 22.5124110255934 2
79.782643608189 22.7350062235639 2
80.2838655718236 24.0640583501919 2
81.6863129862457 24.2886416362432 2
82.1871875108432 25.6180767184184 2
83.5893930631279 25.8447186607089 2
84.0906205332582 27.1742257907192 2
85.4926507132684 27.4026787480787 2
85.9949470702329 28.7319070925994 2
87.3968931943158 28.961630433296 2
87.9008863685333 30.2902333355143 2
89.3028524530039 30.5204979405973 2
89.8088929082395 31.8482276486034 2
91.2109694691777 32.0783312216869 2
91.7190320626682 33.405116003525 2
93.1212793522014 33.6345093386735 5
93.6310046061082 34.9604622846748 5
95.0334452189747 35.1887672057102 5
95.5442485348021 36.5141335790304 1
96.9468668652487 36.741135979818 1
97.4580841886078 38.066210213998 1
98.8608384807557 38.2918358042313 1
99.3718599507731 39.616886180297 1
23.0931287529882 39.8411772126689 1
101.285035518768 41.1664123639648 1
25.0063364593518 41.38951399782 1
25.5156120721628 42.7150953386543 1
26.918463219585 42.9372548475805 1
27.4263654316705 44.2633260765868 1
28.829142508649 44.484891648414 1
29.3354551997188 45.8115746480251 1
30.7381146545371 46.0328669219031 1
31.2428504421222 47.3602027819822 1
32.6453708432144 47.5814753512728 1
33.1487743432622 48.9094099532076 1
34.5511484884053 49.1309120051575 1
35.0536459298733 50.4593109307555 1
36.4558678229557 50.6813374499529 5
36.958006100526 52.0100094898861 5
38.3600701226516 52.2328864290515 5
38.8624741408302 53.5615995083469 4
40.2643852651838 53.7856153085714 4
40.7677080035592 55.1141116667745 4
42.1694895052311 55.3394415550613 4
42.6743130937319 56.6674825469666 4
44.0760202886785 56.8940559319101 4
44.5827499238813 58.2214422238637 4
45.9844487593124 58.4490102881958 4
46.4931934973663 59.7756492055423 0
47.8949403409809 60.0038868409352 4
48.4054838659008 61.3298207672411 0
49.8073101445817 61.5584330701208 3
50.3191856945863 62.8838159086709 3
51.7210928143589 63.1125582648426 3
52.2337348822877 64.4376071443431 3
53.6356862125199 64.66627509633 1
54.1484557395958 65.9912480384458 1
55.5504177748827 66.2196405353836 1
17.2219621437465 0.270553194981328 1
18.62390761646 0.498482618302999 1
19.1352935883789 1.82395165095484 1
20.5372071516962 2.05125626583941 1
21.0471821810861 3.37723426958822 1
22.4490581876796 3.6038057797778 1
22.9572524081476 4.93042250149663 1
24.3590974071085 5.15617849252405 1
24.8654324330037 6.48345693717623 1
26.2672683966002 6.7083557606728 1
26.7719680935509 8.03620817940625 1
28.1738211208815 8.26029715842075 1
28.6773491126626 9.58854646545197 1
30.0792478624695 9.81190073331225 1
30.5821918381642 11.1403219810793 3
31.9841568791669 11.3630729921513 3
32.4871393742116 12.6914352484752 3
33.8891758861942 12.9137994877472 3
34.3927975580741 14.2418867877029 0
35.7948992010586 14.4641446376381 0
36.2996878565025 15.7917736280621 0
37.7018420996107 16.0142341868332 0
38.2081811736151 17.3412815352538 0
39.6103718703078 17.5642446160373 0
40.1184339477474 18.8906687062358 0
41.5206464711482 19.114367273266 0
42.0303728609042 20.4402028512268 0
43.4325958200727 20.664774209982 0
43.9437142624931 21.9901277188997 0
45.3459229610947 22.2156976240914 0
45.8579916531268 23.5407440431606 0
47.2601488273196 23.7673925806798 0
47.772651622776 25.09234284332 0
49.174720764061 25.3200441170745 0
49.6871117065507 26.6451240314595 3
51.0890646500416 26.8737505268841 3
51.6007877774072 28.1991871970595 3
53.0026082807546 28.4285302046793 5
53.5131199524387 29.7545346980252 5
54.9148092461106 29.9843143266357 5
55.4236345234146 31.3110529388681 5
56.8252144773095 31.5409170910164 5
57.3320941268912 32.8684534714759 5
58.7336194414941 33.0979252533941 5
59.2386226565067 34.4261637367403 5
60.6401760092146 34.6546991753372 5
61.1436760238913 35.9834057116121 5
62.5453455616228 36.2105587895247 5
63.0479354827458 37.5394343870778 5
64.4497917606058 37.7649820634819 5
64.9521601087851 39.0937256581361 4
66.3542522778833 39.3176335698964 4
66.8570671995865 40.6459852328535 4
68.2594160305605 40.8683987812366 0
68.7632212411475 42.1961771183215 0
70.1658201100854 42.4173877532128 0
70.6709657487648 43.7445049631896 0
72.0737872905115 43.9649115946749 0
72.5804095049125 45.2913741789664 0
73.9834059790593 45.5114362987425 0
74.4914444354426 46.8373286240588 0
75.8945568564042 47.057500751069 0
76.4037958610501 48.3829545402144 0
77.8069671735053 48.6036378716677 0
78.3170665867859 49.9288111808545 0
79.7202283501333 50.1503808009632 0
80.2307530315374 51.4754631666773 0
81.6338297173548 51.6982813894623 0
82.1443016462208 53.0234848008996 0
83.5472238273967 53.2478522325485 4
84.0571525352787 54.5734000365913 4
85.4598627460979 54.7995102284777 4
85.9687541384625 56.1256332937208 4
87.3712155090946 56.3535261688046 2
87.87862870866 57.6804335959846 2
89.2808406302634 57.9099310095695 2
89.7864995991759 59.2377429887087 2
91.1885065386379 59.4684202098332 2
91.6924102700478 60.7970983272288 2
93.0942963393749 61.0283046054729 2
93.5967602473594 62.3576282984638 2
94.9986387760077 62.5885289325343 2
95.5002242462559 63.9181401564001 2
96.9022126637734 64.1478851856025 2
97.4035988062772 65.4773821302755 2
98.8057936190605 65.7053093408223 2
99.3076627375019 67.0343286116742 2
100.710135144468 67.2600672975562 2
62.3722811096666 1.31413152623581 2
63.7750711120261 1.53765466291009 4
64.2794031520537 2.86508441315957 4
65.6825142919375 3.08666080190198 4
66.1882872212551 4.41330334955654 4
67.5916836413255 4.633388676825 4
68.0987115780284 5.95940544910216 0
69.5023337782108 6.17850311229391 0
70.0102662161753 7.50410586338561 0
71.4140376111895 7.7226872109619 0
71.9224525405419 9.04809331457935 3
73.3262942812665 9.26656326999369 0
73.8347682415867 10.5919733416268 3
75.238604429232 10.8106946801364 3
75.7467285775617 12.136301276229 3
77.1504805378349 12.3556623830934 3
77.6578545545632 13.6816631509867 3
79.0614404256975 13.9021137973627 4
79.5676957505936 15.2287097933268 5
80.9710364443758 15.4507661121458 2
81.475901522655 16.7781224139019 2
82.878946050494 17.0022237051956 2
83.3823203076219 18.3304307499979 2
84.7850616609514 18.5567954903461 2
85.2870902929574 19.8858152942143 2
86.6895688875833 20.1143163235265 2
87.1906640361324 21.4439532628189 2
88.5929570967068 21.6740944562353 2
89.0937402770017 23.0040141642717 2
90.4959487515277 23.235022401087 2
90.9971354323765 24.5648118059986 2
14.7178038195342 24.7957740898898 2
15.2200553495158 26.1250304355665 2
16.6224317162894 26.3550781644069 2
17.1262287915328 27.6834946376761 2
18.5288274822679 27.9119744758534 2
19.0343515382883 29.2394173239602 2
20.4372212502025 29.4659691250868 2
20.944326983056 30.7925020252996 2
22.3474770411272 31.0170554716935 2
22.8557594824666 32.3428959709972 5
24.2591605340537 32.5656128871312 5
24.7680817743412 33.8910449585847 5
26.171672730005 34.1122347842444 1
26.6806927766606 35.4375281964244 1
28.0843911092343 35.6575786702907 1
28.5930478061357 36.9829566768869 1
29.9967644115699 37.2022735779113 1
30.504682970458 38.527919703435 1
31.908337622645 38.7468769949216 1
32.4152076458184 40.0729549743675 1
33.8187297758836 40.2919211029922 1
34.3242906274371 41.6185871070688 1
35.727620663612 41.8379689910459 1
36.2317177609618 43.1653438633951 1
37.6348106928001 43.3855935212745 5
38.1375069144643 44.7137083965907 5
39.54032839877 44.9353035323702 2
40.0419295120156 46.2640782664063 2
41.4444675433563 46.4874404086037 2
41.9454881123818 47.8166875058642 2
43.3477621645858 48.0420548959637 2
43.8488600534337 49.3715002865089 2
45.2509207139108 49.5988222029611 2
45.7528080097433 50.9281377238349 2
47.1547322771152 51.1570576991321 2
47.6580881954141 52.4858961487848 2
49.0599754992987 52.7157991397676 2
49.5652886908395 54.0438653239049 2
50.9672383260924 54.2740386454192 2
51.4746437469515 55.6011831494385 2
52.8767315552249 55.8310094731583 2
53.3859959756511 57.1572677604357 5
54.7882628479059 57.3862881042145 5
55.2988811906792 58.7118525580332 5
56.7013291356991 58.9397681689389 1
57.2126570578777 60.2649170899828 1
58.615254932187 60.491572325688 1
59.1266477551136 61.8165895322891 1
60.5293473091355 62.0419452832623 1
61.04025465516 63.3670664178099 1
62.4430058297387 63.5911849169718 1
62.9529964002528 64.9165890603363 1
64.3557520719539 65.1396309854869 1
64.8644776622395 66.4654676435113 1
66.2671908963979 66.6877007702768 1
27.9335806015864 0.739895040385209 1
29.3362039748935 0.961653767874981 1
29.8417394221321 2.28870689720606 1
31.2442432509881 2.51026037300687 1
31.7482989649989 3.8379390454672 1
33.1506755641274 4.05950740100724 1
33.6536137551023 5.38770419284344 1
35.0558614263074 5.60953084422573 1
35.5581870446361 6.93807461099514 3
36.9603012674528 7.16045562542851 5
37.4626080805338 8.4891329204851 3
38.8645875977938 8.71237447237402 4
39.3675171307924 10.0409411422233 4
40.769376380024 10.2652761742675 4
41.2735579556181 11.5934775494553 4
42.6753309592588 11.8190070251526 4
43.1812786528593 13.1466204158617 4
44.5830152551216 13.3732727831965 4
45.090985598431 14.7001624957487 0
46.4927370418919 14.9277093029208 0
47.0026588397044 16.2538655501877 0
48.4044595394014 16.4820415904409 0
48.9159422859317 17.8075846103044 0
50.317799995906 18.0361475533327 3
50.8302712972792 19.3612856585964 3
52.232171917418 19.590004227099 3
52.7450194970495 20.9149781339385 3
54.1469346315321 21.143638970388 1
54.6595825682037 22.4686812668832 1
56.0614829683226 22.6970844819386 1
56.5734085107413 24.0223997243698 1
57.9752745461339 24.2503550617911 1
58.4859909356909 25.5761192680265 1
59.8878155758652 25.8034660986512 1
60.3968769130158 27.1298333030104 1
61.7986627815162 27.3564438264452 1
62.3058483715977 28.6834845054749 1
63.7076179443578 28.9092368691386 1
64.2130166844177 30.2369037415551 1
65.6148023862692 30.4617511013218 1
66.118787896536 31.7898946202506 1
67.520621874749 32.0138771332806 1
68.0237481161998 33.3422806255544 1
69.4256597450753 33.56547910648 3
69.9285504421886 34.8939050735321 3
71.3305548081204 35.1164840276624 3
71.8338291605674 36.4447062814364 0
73.2359257569342 36.6669137018182 0
73.7401465251667 37.994734683883 0
75.1423241976557 38.2168736647745 0
75.6479362116195 39.5441475469237 0
77.0501765300822 39.7665429189827 0
77.5574357150749 41.0932013368428 0
78.9597160532592 41.3161553114751 0
79.4686573156759 42.6422103302244 0
80.870958949788 42.8659371903668 0
81.3814090005207 44.1914640505717 0
82.7837104313803 44.4161237278807 0
83.2953040582904 45.7412675671773 0
84.6975679687059 45.9670136587167 0
85.2098248487326 47.2919708601527 0
86.6120095111445 47.5188688206864 0
87.1243981671607 48.8438607240305 0
88.526469160462 49.0718569682578 3
89.0384379377356 50.397113308537 4
90.4403714097861 50.6260533898341 3
90.9513666841189 51.9517987300506 5
92.3531541008892 52.1814412796984 5
92.8626607988727 53.5078694623497 5
94.2643146276092 53.7378929851637 5
94.7719553048523 55.0651245289588 5
96.173515719987 55.295096195728 5
96.6792109136596 56.6231074511443 2
98.0807525911168 56.8524644367724 5
98.5847503872684 58.1810695798381 5
99.9863671449062 58.4092458745748 5
100.489179227628 59.738153833224 5
101.890957395784 59.9647623477595 5
102.393249429357 61.2936572739361 5
103.795253226502 61.5185379862144 4
104.29772160003 62.8471282480368 4
105.69999024033 63.0703157750218 4
106.203247742349 64.398379419938 4
107.605790611841 64.620086028215 0
108.110272773597 65.9474969200607 0
109.51307896277 66.1680624261035 0
71.1781941765417 0.22059048804921 3
72.5812458029851 0.440439181780671 0
73.0882288412967 1.76671028334988 0
74.4913296078054 1.98655435536162 0
74.9997951750295 3.31226726739689 0
76.4029834121051 3.53253980228303 0
76.9125692883155 4.85787394417515 0
78.3157632065618 5.07901766495434 0
78.8260664054528 6.4040465525972 0
80.2292885694201 6.62579479384634 0
80.7396510783332 7.95091436032122 0
82.1427573051583 8.174016046597 0
82.6527266316936 9.49941532932172 4
6.37407423542285 9.72419522775093 4
6.88318669470544 11.0500890951449 3
8.28586232082889 11.2767156016735 4
8.79366609928451 12.6033203422481 2
10.1960766809093 12.8317708559396 2
10.7022301750722 14.1592491980953 2
12.1043975875463 14.3892414089113 2
12.6087888580623 15.7176269955848 2
14.0107803406224 15.9486209100591 2
14.5136046198921 17.2777691731528 2
15.9155223253754 17.5090034130897 2
16.4172583760647 18.8386040501257 2
17.8192214324671 19.0691927904952 2
18.3205205381862 20.398844972817 2
19.7226383346121 20.6279811550409 2
20.2241921332386 21.9572905499392 2
21.6265492427466 22.1844127454898 2
22.128992938986 23.5130554594309 2
23.5316477890477 23.7379308691212 2
24.035426273375 25.0657245276711 2
25.4384038643771 25.2884588084385 4
25.9436758835229 26.6153960516262 4
27.3469661285488 26.8363420215299 4
27.8536051524264 28.1625587229421 4
29.2571623177227 28.3821859458292 0
29.7648374881126 29.7078956398846 3
31.1685886685788 29.9266856090087 0
31.6768684529559 31.2521218595504 3
33.0807296055046 31.470513958403 3
33.589170107689 32.7958942107535 3
34.9930603322512 33.0142717716543 3
35.5012459202026 34.3397939102573 3
36.9050853662627 34.5585394746716 3
37.4126260586001 35.8843963586191 3
38.8163303665776 36.1039558851089 3
39.3228651278633 37.4303373434922 5
40.7263531398086 37.6512128718804 5
41.2315865967203 38.9782908692619 5
42.6347947973029 39.2009799257241 2
43.1385652848036 40.5288750895705 2
44.5414655989059 40.7537482531743 2
45.0438294026329 42.0824763182558 2
46.4464395260497 42.3096252190987 2
46.9477206749359 43.639053908216 2
48.3500986961853 43.868202649893 2
48.8508596567879 45.1980509379676 2
50.2530936493498 45.4285813291674 2
50.7540324030282 46.75846489288 2
52.156230892727 46.9895331195087 2
52.6580476062656 48.3190369007816 2
54.0603251010964 48.5497317535393 2
54.5635837228158 49.8785001877843 2
55.9660389195247 50.1080374677052 2
56.4710409134744 51.4358593557271 2
57.8737405857568 51.6637084601857 2
58.3804529181301 52.990568233426 2
59.7834254600962 53.2164865578142 2
60.2915153520569 54.5425488033144 5
61.6947496586997 54.7665528335454 5
62.2036951115352 56.0920890965835 5
63.6071455951197 56.3143865406001 5
64.116376981066 57.6396842551123 1
65.519973331309 57.8605987900488 1
66.0289843280881 59.1859022439915 1
67.4326404882395 59.4058274366916 1
67.9410246394802 60.731332120973 1
69.3446549578088 60.9506628962818 1
69.8520840802504 62.2765349703554 1
71.255614013479 62.4956383494528 1
71.7618102529483 63.8220346546252 1
73.165176777728 64.0412872134882 1
73.6699322485838 65.3683477325498 1
75.073087832979 65.5881600953272 1
75.5763836440906 66.9159509006333 1
76.9792898877347 67.1367707264508 5
38.6405641817091 1.19103899880637 5
40.0431978320826 1.41331841142362 2
40.5444618307916 2.74234371677274 2
41.9468257130436 2.96643543780859 2
42.4479026226883 4.29576644926648 2
43.8500299444973 4.52180319924416 2
44.3516174475604 5.85113682998403 2
45.7535685944612 6.07896256709359 2
46.2563714797338 7.40796255831214 2
47.6582321462423 7.63714070648007 2
48.1628484493116 8.96548479079189 2
49.5647174439675 9.1953741590906 2
50.0714431852871 10.5228486067081 2
51.4734070546005 10.7528010310151 2
51.9821510704422 12.0793651521277 5
53.3842654310867 12.3088580053924 5
53.8946132974587 13.6346439811954 5
55.2968965741297 13.8633008482568 5
55.8082385478915 15.1885579978729 1
57.2106741502815 15.4161416678765 1
57.7223469479925 16.741157947097 1
59.1248953899258 16.967548091187 1
59.6362993755591 18.2925820388005 1
61.0389142845419 18.5177577292563 1
61.5495649654405 19.8430098613649 1
62.9522025631985 20.0670457719885 1
63.4617138244542 21.3926729596526 1
64.8643338088029 21.615744964516 1
65.3723739588456 22.9418922838231 1
66.7749345742948 23.1642802469404 1
67.2813127558487 24.4910537117943 1
68.683776614945 24.7130499508124 1
69.1885602020916 26.0404634384766 1
70.5909146613476 26.2622858675583 1
71.0943937805754 27.5902607489644 1
72.4966402138634 27.8121109393453 1
72.9992742827385 29.1404954270525 1
74.4014123567584 29.3626243890892 3
74.9037658993801 30.6912201724502 3
76.3057914898954 30.9139281220733 3
76.8084865053536 32.2425062999272 4
78.2104026003047 32.4660775200293 4
78.714072895479 33.7943923392934 4
80.1158991585954 34.0190222363958 4
80.6211115133418 35.3468413851599 0
82.022883962841 35.5725909713395 4
82.5300177251288 36.8997443591072 0
83.9317815904869 37.1265056347747 0
84.4409122436257 38.4529313067727 0
85.8427066436732 38.6804905434238 0
86.3535900760383 40.0062534214158 0
87.7554306780578 40.234398824357 0
88.2675639334188 41.5596724034712 3
89.6694441774137 41.7881944845495 3
90.1822302920261 43.1132061141506 3
91.5841263238306 43.3418955255968 3
92.0969754254593 44.6668811231965 3
93.4988576542765 44.8955331803541 1
94.0112238544636 46.220710810244 1
95.4130689463224 46.4491210419623 1
95.9244442825394 47.7746816082651 1
97.3262419908505 48.0026519711891 1
97.8361429925482 49.3287638140625 1
99.2378934061172 49.5561258139579 1
99.7459662000588 50.8829058874026 1
101.147686884607 51.1094871186165 1
101.653880914303 52.4369343204345 1
103.055608745108 52.662586775614 1
103.560177245765 53.9905849103911 1
104.961951175 54.2152690133058 1
105.465390397182 55.5436177170611 1
106.867245775084 55.7673705855612 1
107.370170458765 57.0958283643871 3
108.772133340483 57.3187543456868 3
109.275181985727 58.6470813108976 3
110.677261274345 58.8693772777821 0
111.181035773526 60.1973569234877 0
34.9016563878702 60.4192889376288 0
113.088246403502 61.7467424668795 3
36.8089640402672 61.968599544315 0
37.3156548178234 63.295382890947 0
38.7180217427266 63.5174504396349 0
39.2267608698929 64.8432878860877 0
40.6286226259104 65.0680231599573 0
41.1367796415472 66.3946100360412 0
42.5394795318682 66.6177612921121 0
4.20993004510802 0.668765560230929 0
5.61236696917793 0.893347096560816 0
6.12436765809692 2.21832040091657 0
7.52669704835565 2.44421942876717 0
8.03900324699319 3.7691500059916 0
9.44121329012659 3.99631100530173 0
9.9533203593698 5.32141769956824 0
11.3553869903828 5.54973420594715 4
11.8667524638083 6.87524549239109 4
13.2686599549765 7.10452394342171 5
13.7787501873453 8.43065385321398 5
15.1805017596071 8.66060749678245 5
15.6888640454082 9.98751802443279 2
17.0904868454447 10.217762391966 5
17.596896512083 11.5455016453428 2
18.998452362318 11.7755042329489 2
19.5030190599205 13.1039519177125 5
20.9045993390388 13.3330861529203 5
21.4077308006108 14.6619796042186 5
22.8094332561382 14.8897007800354 5
23.3117445923352 16.2187155756616 5
24.7136482143558 16.4447135436361 5
25.2158381453181 17.7735331547494 4
26.6179977051011 17.9977189941567 4
27.1207319981924 19.3260798815237 4
28.5231711402344 19.5485757579328 4
29.0269718509193 20.8763068197353 0
30.4296847346428 21.0974156992179 0
30.9348655024803 22.4244500328107 0
32.3378227289333 22.6445938018186 0
32.8444680017488 23.9709638058505 0
34.2476180333548 24.1906152637962 0
34.7556060491451 25.5164327086688 0
36.1588889303742 25.7360609120989 0
36.6679491727066 27.0614820196542 0
38.0713032991188 27.2815016041228 0
38.5810703166363 28.6066988481734 0
39.9844225437735 28.8274999025757 0
40.4944663516345 30.1526643834925 0
41.8977346047522 30.3746461808586 0
42.4075941805278 31.6999859683777 0
43.8107026117526 31.9235035691762 4
44.3199072215811 33.2492391959699 4
45.7227919278541 33.4745614705371 4
46.2308774264657 34.8009177093817 2
47.6334960294324 35.0281665622236 2
48.1400717408808 36.3553369775738 2
49.5424210198258 36.5844019959878 2
50.0472805819536 37.9124821828763 2
51.4494070517871 38.1429613534664 2
51.9526245928044 39.4718847135602 2
53.354615950633 39.7031220774122 2
53.8565688736336 41.0326434039128 2
55.2585391490213 41.2637881234681 2
55.7598282537823 42.5935317084384 2
57.1618949736694 42.8236903825483 2
57.6632105180057 44.1532438304092 2
59.06547146193 44.3816856847806 2
59.5674798460567 45.7106813332656 2
60.9700094887671 45.9369648559732 2
61.4732388256127 47.2651484279043 2
62.8760819851443 47.4891842143062 2
63.3807950118178 48.8164767310165 2
64.7839616732762 49.0384841545351 4
65.2901221282496 50.3649746544792 4
66.6935834017376 50.5853661851777 4
67.2009145361328 51.9112521661147 4
68.6046072428363 52.1305064803267 3
69.1126926640979 53.4560262444801 3
70.516533907689 53.6746056801086 3
71.0249164964453 54.9999915118803 3
72.4288215842521 55.2183033412409 3
72.9370697619501 56.543761866731 3
74.3409592899623 56.7621757878937 3
74.8486782029226 58.0878990386499 3
76.2524711306872 58.3068193271449 3
76.759294741439 59.6329966814045 3
78.1629080891381 59.8529015249809 5
78.6685209645109 61.179710438343 5
80.0718820716018 61.4011181393441 5
80.5760744308028 62.7286999541234 2
81.9791372065753 62.9520835593353 2
82.4818857567433 64.2804972747644 2
83.8846455646927 64.5061374317361 2
84.3861850358874 65.835309353055 2
85.7886787736386 66.0631617381658 2
47.4487177200099 0.118654687899097 2
48.851016299523 0.348307799744756 2
49.3517922528532 1.67820207713332 2
50.7539926752866 1.9089410873034 2
51.2554392814336 3.23861717860257 2
52.6576549842641 3.46955855284594 2
53.1604043130247 4.79862795421235 2
54.562743885922 5.02890760460791 2
55.0672090418917 6.35709195931835 2
56.4697553183218 6.58603667019978 2
56.9760236582189 7.9132403482223 2
58.3788229846598 8.14044386061799 2
58.8866535559694 9.46676529575196 2
60.2897126516296 9.69208862771473 5
60.7986231143167 11.0177689107164 5
62.2019120324902 11.2412955305973 5
62.7113175839947 12.5666285988061 5
64.114778993865 12.7885953043088 1
64.6241262681249 14.1138494671343 1
66.0276851796166 14.3345888280565 1
66.5365261036139 15.6599758890505 1
67.9400971459625 15.879883165865 1
68.4480819337523 17.2055738088709 1
69.8515859681642 17.4250287463479 1
70.3584244379924 18.7511777305063 1
71.7617951748247 18.9705412253478 1
72.2672442315194 20.2972974396681 1
73.6704312040241 20.5169441105652 1
74.1743932947042 21.8444053786762 1
75.5773566995959 22.0647386385949 1
76.0799706784768 23.3929035323425 5
77.4826804175401 23.6143627591443 5
77.9843099611698 24.9431260087691 5
79.3867547274116 25.1661265358186 2
79.8879458590176 26.4952883423606 2
81.2901411713408 26.7201057096226 2
81.7915574280339 28.0493940243829 2
83.1935468781133 28.2760564294104 2
83.695894524221 29.6051537497901 2
85.0977479760915 29.8334131239076 2
85.6016913546227 31.1619903777514 2
87.0035011999206 31.3913431748036 2
87.5094846045839 32.7191364908339 2
88.9113437746014 32.9489535520908 2
89.4194441552833 34.2758469734814 2
90.821422639215 34.5055608956734 5
91.3313464388868 35.8316156165112 5
92.7334791655765 36.0607874788928 5
93.2446811510401 37.3862071877891 5
94.6469664816634 37.6145295012078 1
95.1587907377579 38.9395900822698 1
96.5611987233684 39.1668731589591 1
97.0730079906116 40.4918491654683 1
98.4754960246273 40.7179991102717 1
98.9867499107476 42.0431167651055 1
100.389275678043 42.2681271612157 1
100.899540575543 43.5935596812029 1
102.302066754288 43.8175199350736 1
102.810976940892 45.1434157871043 1
26.5318992592382 45.3665186380106 1
27.0391664856464 46.6930104906513 1
28.4415876337638 46.915525595969 1
28.9471739028828 48.2426629333874 1
30.3495023556657 48.4648328618509 1
30.8536174803384 49.7925683841504 1
32.2558538136422 50.0145763233732 1
32.7589050404142 51.3427784509448 1
34.1610542031871 51.5648278177441 1
34.663578130894 52.8933096927052 3
36.0656382780837 53.1156677065409 3
36.5682418279171 54.4442102237082 3
37.9702087991158 54.6671811528794 4
38.4735268319698 55.9955458277223 0
39.8754034174728 56.2194151145705 4
40.3800301030365 57.5473691290154 0
41.7818233248005 57.772379782549 0
42.2881662677988 59.0997793386642 0
43.6899292376747 59.3258186135507 0
44.1981652373203 60.6525525431183 0
45.5999461450343 60.8794446861869 0
46.1099817992277 62.2055154887909 0
47.511814207044 62.4330749499429 0
48.0233137445748 63.7585872345449 0
49.4252116468374 63.9866691151937 3
49.9377488590229 65.3117798190747 3
51.3396566589084 65.5402638758523 3
51.8525604942573 66.8652380055805 3
53.2544490657042 67.0939285440776 3
14.9263448737906 1.14479020830994 1
16.3281899178101 1.37347433628187 1
16.8401122729911 2.69885774808727 1
18.2419002144638 2.92731585302618 1
18.7525579662507 4.25319016515303 1
20.1542879200954 4.48121455470022 1
20.6632325684197 5.80773125364407 1
22.0649158652145 6.03511858566639 1
22.5719508910066 7.36232939633978 1
23.9736229972527 7.58885960831987 1
24.4788654004099 8.91669019440369 1
25.880573489537 9.14220969509647 1
26.3844253814919 10.4704835131002 1
27.7862114885562 10.6949671959592 1
28.2892551239593 12.0234487611036 3
29.6911544654956 12.2469465312195 3
30.1940331402288 13.5753868514483 3
31.5960652060016 13.7980446860101 3
32.0994021835327 15.1262159528131 0
33.5015683528116 15.3482751725135 0
34.0059076227231 16.6759903018073 0
35.4081950457543 16.8977619470037 0
35.9139383371677 18.224897934867 0
37.3163222983402 18.4467349146142 0
37.8236712294434 19.7732528039251 0
39.226118518377 19.9955051140168 0
39.7350687390244 21.321441549522 0
41.1375472093663 21.5443880504699 0
41.6479142132773 22.8698300917065 0
43.0503916782044 23.0936973998297 0
43.5618139726203 24.4187929034136 0
44.9642441426425 24.6438031318774 0
45.4762478874129 25.9687502528277 0
46.8785822181844 26.1950388810004 0
47.3906421873417 27.5200607115958 0
48.7928418355785 27.7476326544375 0
49.3044114451796 29.0729620823513 4
50.7064491885485 29.3017032794199 4
51.2169800750914 30.6275696737605 4
52.6188464296469 30.8572545457478 5
53.1278381350889 32.1838527574573 2
54.5295482689937 32.4141452798642 2
55.0366563309372 33.7415847519643 2
56.4382563456753 33.9720136094188 2
56.9434419896074 35.3002496448228 2
58.3450141287701 35.5301880069534 5
58.8485653733052 36.8590077863427 5
60.2502118245226 37.0878022187672 5
60.75266750553 38.4168877912088 2
62.1544830298804 38.6440547441415 5
62.6565214270487 39.9730700701655 2
64.0585761666958 40.1983755396572 4
64.5608940975481 41.527019535622 4
65.9632302700302 41.7504582236136 4
66.4664257055708 43.0785123223876 4
67.8690523606278 43.3003003156208 0
68.3735325802871 44.6276536356719 0
69.7764320307889 44.8481714196311 0
70.2823705250685 46.1748213427164 0
71.6854996337185 46.3945303364877 0
72.192839698616 47.7205674522727 0
73.596140629478 47.939950409181 0
74.1046467355284 49.2655274956124 0
75.5080575234711 49.4850331965986 0
76.0173874454695 50.8103245206096 0
77.4208395779275 51.030349189971 0
77.930586928346 52.3555400792977 0
79.3339996593177 52.5764867125353 0
79.8437214042536 53.9017766893642 0
81.2470114914099 54.1240499686094 0
81.7562514699564 55.4496506906581 4
83.1593451375202 55.6735996886335 4
83.667646123149 56.9997327932634 4
85.0704859335103 57.2256024337849 2
85.5774316926826 58.5524776533033 2
86.9799910692774 58.7803261476681 2
87.4853035320633 60.108085196132 2
88.8876033886851 60.3376900887142 2
89.3912486418019 61.666337365412 2
90.7933585492089 61.8971715999952 2
91.2956022647451 63.2265351858496 2
92.6976255200564 63.4578346464434 2
93.1989970136914 64.7875844001992 2
94.6010520892147 65.0184420132374 2
95.1022256774198 66.3481660113389 2
96.5044220794875 66.5777232045875 2
58.1652968010707 0.63281033490258 2
59.5677224834619 0.860436376018664 2
60.0704573400839 2.1889973595151 2
61.4731752750826 2.41439143694492 2
61.9773422157193 3.742059748953 2
63.3803815968656 3.9652683790014 2
63.8860342346269 5.29207538251795 4
65.2893824397349 5.51341574120413 4
65.7963177273603 6.83952788042345 4
67.1999241965241 7.05945527303778 4
67.7077643838709 8.38510459018183 3
69.1115524750902 8.60409398689421 3
69.6198433435916 9.9295215799141 3
71.0237270872136 10.1480071646295 3
71.5320221962383 11.4734302356761 3
72.935921312337 11.6917847172372 3
73.4438159594212 13.0173965329657 3
74.8476542781046 13.2359811799343 3
75.3547763145267 14.5619685885449 3
76.7584747790522 14.781204266946 3
77.2644877950514 16.1077507905881 5
78.6679699105412 16.3281327342301 5
79.1726196068041 17.6553989364757 5
80.5758243310544 17.8774559763161 2
81.0790146096706 19.2055369600928 2
82.4819160517505 19.4296950064554 2
82.9837909148252 20.7585706637615 2
84.3864038223144 20.9850013080065 2
84.887377390646 22.3145048539533 2
86.2897532040076 22.5430263612199 2
86.7904489179017 23.8728581502444 2
88.1926699976433 24.1029384847684 2
88.6938073103423 25.4327149243019 2
90.0959789331298 25.6635621805518 2
90.5982429209231 26.9928808342542 2
92.0004785978144 27.2236091318361 2
92.504386267521 28.552135041508 2
93.9067834987825 28.7819625536627 2
94.4125518455294 30.1095205078189 2
18.1336062614363 30.3378900916102 2
18.6411065468628 31.6645018983796 2
20.0439840800416 31.8911164603657 2
20.5527978461586 33.2169751652278 5
21.9559158254025 33.4417759586228 5
22.4654621355523 34.7671675908871 5
23.868776136757 34.9902821111664 5
24.3784588456783 36.3154958897014 1
25.7819045232013 36.5371767457199 1
26.2912169035593 37.8624511372985 1
27.6947166079226 38.0830427840527 1
28.2032718565456 39.4085606471451 1
29.6067423376626 39.6284601382329 1
30.1142336640177 40.9543771368764 1
31.5176022416086 41.1739582089092 1
32.0237663452511 42.5004245191287 1
33.4269767048927 42.7200499662459 1
33.9316474858068 44.0471884445074 1
35.3346578360317 44.2672288306938 1
35.8378935336825 45.5950724798873 5
37.2406706273404 45.8159301714708 5
37.7427607642557 47.1444099512565 5
39.1452843421168 47.3665107183391 5
39.6467100248234 48.6954635740785 2
41.0489798271312 48.9191747407315 2
41.5503571178931 50.2483627115748 2
42.9523985587856 50.4738719012015 2
43.4544113209326 51.8030057197964 2
44.8562785786966 52.0302380050897 2
45.359613001939 53.3589989754354 2
46.7613871032401 53.5876156464764 2
47.2665989300774 54.9157095635244 2
48.6683736733712 55.1451608643085 2
49.1757080389468 56.4724064397903 2
50.5775662856026 56.7021070608408 2
51.0868850830867 58.0284883050109 5
52.4888788629262 58.2579528738887 5
52.9997356132249 59.5836125045271 5
54.4018799257441 59.8124784760059 5
54.9136620350359 61.1376607063058 1
56.3159374484858 61.3656842474969 1
56.8279959758094 62.690664996704 1
58.2303621880893 62.9176977189173 1
58.7421046124718 64.2427275893621 1
60.1445194818262 64.4686954012454 1
60.6554572340385 65.793971261818 1
62.0578842622429 66.0188807169099 1
23.7268278823725 0.0703469629334756 1
25.1292367705832 0.294302044211179 1
25.6374027598366 1.62053097825736 1
27.0397642926697 1.84372635618373 1
27.5462002945982 3.17059522642242 1
28.9484880549753 3.39327133878832 1
29.4533092261024 4.7207683202318 1
30.8555184246277 4.9431166693532 1
31.3590630805495 6.27113735488324 1
32.7612025913024 6.49332380914759 1
33.2639670707152 7.82169665441123 1
34.6660417283411 8.04393663022542 3
35.1686082134488 9.37245410558293 3
36.5706152969597 9.5950238547919 3
37.0736020950332 10.923460165302 3
38.475540814652 11.1466472217122 0
38.9795572286241 12.4747719718353 0
40.3814381349059 12.6988099409754 0
40.8870082058625 14.0264171236082 0
42.2888533451031 14.2514415564881 0
42.7963076462639 15.5783932228471 0
44.19814696325 15.8043952244895 0
44.7075245500111 17.1306560029387 0
46.1093841975988 17.3575183564101 0
46.6204300776704 18.683166785156 0
48.0223159295527 18.9107615584508 0
48.5345344135669 20.2359739741862 0
49.9364331481776 20.4641549181162 3
50.4492491522115 21.7891517084259 3
51.8511345182371 22.0177429099404 3
52.3639758373514 23.3427528128511 3
53.7658197995885 23.5715570694395 3
54.2781421458208 24.8967968406002 1
55.6799250580116 25.1255974611877 1
56.1912071899289 26.4512623860656 1
57.5929236022972 26.6798306833643 1
58.1026707033705 28.0060915341805 1
59.504326281429 28.234203879289 1
60.0122050502233 29.561164111401 1
61.413828203327 29.788561336356 1
61.9198137879225 31.1161967689087 1
63.321454988767 31.3426256351364 1
63.8258285197414 32.6707911284105 1
65.2275399948063 32.8961151672393 1
65.7308234355271 34.2245874273285 1
67.1326480123241 34.4487961749392 3
67.6354772517337 35.7773198895858 3
69.0374462141962 36.0004936174501 3
69.5404683582201 37.3288244997138 3
70.9425934210181 37.551153218152 0
71.4463949524333 38.8790841907274 0
72.8486701114094 39.1008477863908 0
73.3537152431123 40.4282296564445 0
74.7561199791139 40.6497722104166 0
75.2626895650482 41.9765362952687 0
76.665190588125 42.1982341340736 0
77.1733560647924 43.5243958686128 0
78.5759139797204 43.7465975680369 0
79.0855696499303 45.0722284662797 0
80.4881481465484 45.2952052253386 0
80.9990141421848 46.6204246335507 0
82.4015697150633 46.8444349411805 0
82.913217891129 48.1694211152238 0
84.3156967047728 48.394685976056 0
84.827623752491 49.7196528001243 0
86.2299783641896 49.9462776211411 0
86.7416508065506 51.2714549284693 4
88.1438454296542 51.4994125713066 4
88.6547170371142 52.825035531967 4
90.0567306416722 53.0541762194421 4
90.5662744579636 54.3804639646008 2
91.9681095000981 54.6105105878035 2
92.4759002799465 55.9376198936592 2
93.8775880211436 56.1681656696675 2
94.3834425588169 57.4961272045986 2
95.7850512423329 57.7265949376034 2
96.2891239329936 59.0552635142301 2
97.690752645375 59.284955301561 5
98.1934872105822 60.6140412559132 2
99.5952418766057 60.84231990093 2
100.097273193134 62.1714750405487 2
101.499240204498 62.3979381900915 2
102.001270975768 63.7268315636275 2
103.403510731856 63.9513236664723 4
103.906196442986 65.2796893542609 4
105.308737305574 65.5023012761406 4
105.812570646308 66.8299809791986 4
107.215411761863 67.0510173573273 0
68.8798534207058 1.10376393477288 0
70.2829660970328 1.32366122339278 0
70.7894911941304 2.65001115573083 0
72.1927735856619 2.8693446676256 0
72.7005882889605 4.19516092252985 0
74.1040027926559 4.4144243217763 0
74.612813665315 5.73986944896235 0
76.0162974477018 5.95947388738807 0
76.52573194897 7.28472086562135 0
77.9292190928064 7.5050247709332 0
78.4388273205749 8.83024422998205 0
79.842264401363 9.051444809824 0
80.3515262943915 10.3769126726342 4
81.7548073688076 10.5995508028775 4
82.2632786107678 11.9254775779034 4
83.666328863997 12.1499260328831 4
84.1735930984986 13.4765216778047 2
85.5763652375778 13.7029943441075 2
86.0820975819666 15.0304306890906 2
9.80301637485332 15.2588972107615 2
10.307093149477 16.587238319644 2
11.7093442860482 16.8173462669449 2
12.2119213647557 18.1464925422323 2
13.6140234508 18.3775940817234 2
14.1155415484173 19.707275603148 2
15.5176073208902 19.93851759342 2
16.0187052824987 21.2683435684032 2
17.4208510491845 21.4988040513205 2
17.922226645139 22.8283561165739 2
19.324551958241 23.0572483700909 2
19.8268427496695 24.3861628517073 2
21.2294266264909 24.612979580558 2
21.7330870129021 25.9410243783282 2
23.1359791351945 26.1656058441249 2
23.6411715890326 27.4927361559472 2
25.0443838442336 27.7152403916785 4
25.5509788213888 29.0415796526085 4
26.954480568035 29.2623784664647 4
27.4621312813285 30.5881507779338 3
28.865856400228 30.8077011748748 3
29.3741052919874 32.1331595891642 3
30.7779678471551 32.3519150222971 3
31.2863429726414 33.6772966548431 3
32.6902560939397 33.8956624448996 3
33.1983309657234 35.2211723309125 3
34.6022152426145 35.4395133148438 3
35.1096123552495 36.7653384129042 3
36.5133892058256 36.9840477606864 3
37.0197694143993 38.3103698593887 1
38.4233595471299 38.5299179662003 5
38.9284480671159 39.8569013040791 5
40.3317834839588 40.0778122650041 5
40.8354284331562 41.4055757343654 5
42.2384679652196 41.6283499250272 2
42.7407267275293 42.9569193808983 2
44.1434650748318 43.1818953815996 2
44.6446625957 44.5111609557914 2
46.047131076368 44.7383777956107 2
46.5478281385117 46.0680915893021 2
47.9500925957027 46.2972288940085 2
48.4509887663403 47.6270411433083 2
49.8531422180533 47.8574586571048 2
50.3549516441188 49.1869744246515 2
51.7571055924927 49.4178272483495 2
52.2604300644573 50.7466747518588 2
53.6626924779492 50.9771163860344 2
54.1678771371412 52.3050466619886 2
55.5703309933422 52.5343969742727 2
56.0773752354583 53.8613510859911 2
57.4800669048449 54.0891660369059 2
57.9886447187685 55.4152728255271 2
59.3915797864939 55.641351673107 5
59.9011437398303 56.9668699902763 5
61.3042916582626 57.1912193880331 5
61.8142220148184 58.5164474591567 1
63.217527797919 58.7392289208538 1
63.7272631590184 60.0644306181503 1
65.1306588065771 60.2859113175028 1
65.6397566650608 61.6112915581633 1
67.043163762173 61.8318320209567 1
67.5512914544831 63.15755100353 1
68.9546319663904 63.3775432278672 1
69.4615111741994 64.7037496088345 1
70.8647221467999 64.9235583092312 1
71.3701315754312 66.250391545051 1
72.773168046761 66.4703664897824 1
34.4362934354975 0.523682020667763 1
35.8391211049003 0.744180534216505 5
36.3417425877498 2.07237119308687 5
37.7443376805948 2.29378794030448 5
38.2460828078725 3.62251343022796 5
39.6484352693452 3.84524453329892 2
40.149869192256 5.17429850765874 2
41.5519898494667 5.39863923320414 2
42.0537714066663 6.72775643008917 2
43.4556968663594 6.95379963110385 2
43.9585215481409 8.28267522563667 2
45.3603147456761 8.51027230758525 2
45.8648189310028 9.83860000448024 2
47.2665647607621 10.0673570540619 2
47.7731438286758 11.3949056103091 4
49.1749279214337 11.6242842045528 2
49.6836114008765 12.9509680803409 4
51.0854971929898 13.1804622063627 5
51.5959492167148 14.5063623105452 5
52.9979660322561 14.7355656836441 5
53.5096206437512 16.0608905147425 1
54.9117634453745 16.2895003624888 1
55.4239678336438 17.6145180925407 1
56.8262067835185 17.8423258230299 1
57.338336895277 19.1672995921478 1
58.7406331276944 19.3941709908347 1
59.2521564931332 20.7193186698155 1
60.6544739829057 20.9451885880402 1
61.1649488919373 22.2706807719492 1
62.5672594446411 22.4955676292119 1
63.0762961540831 23.8215545665719 1
64.4785760112345 24.0455714895176 1
64.9858925925346 25.3721759951861 1
66.3881193815693 25.5955014791764 1
66.8937154902811 26.9227502459957 1
68.2958781405992 27.1455868101551 1
68.8000113498434 28.4734069732086 1
70.2021184191986 28.6959062228362 1
70.7052362011955 30.0241439286482 1
72.107299234435 30.2464730446475 1
72.6099606138733 31.5749287955934 3
74.0119819897797 31.7973218920937 3
74.5147940813815 33.1257765414416 3
75.9167702592222 33.3485173497957 3
76.4203457627352 34.676745337447 0
77.822277860352 34.9001091432483 0
78.3271776074687 36.22789835116 0
79.7290763470595 36.4521001887719 0
80.2357178787059 37.7792885169625 0
81.6376026241525 38.0044371777756 0
82.1461543233096 39.330950263462 0
83.548047574718 39.5570179173267 0
84.0583894026096 40.882886014709 0
85.4603031979611 41.1097876833307 0
85.9720432525393 42.4351472704404 0
87.3739685221925 42.6627910022738 0
87.8865656879714 43.9878446278398 0
89.2884789109358 44.2160958858244 3
89.8013638904406 45.5410682903614 3
91.20323616923 45.7697525052296 3
91.7158531995359 47.0948671948347 3
93.1176607382929 47.3237783391987 1
93.6294736764558 48.6492439250265 1
95.0312053292964 48.8781487954518 1
95.5416964961658 50.2041511389923 1
96.9433547155978 50.4328067747453 1
97.4520859945064 51.7594907107462 1
98.853689765827 51.9876259307481 1
99.3604905625727 53.3150242632437 1
100.762086742825 53.5423239944543 1
101.267103570446 54.8703345449062 1
102.668752767296 55.0965372090634 1
103.17241604884 56.4249546375773 1
104.574171492854 56.6499549287955 1
105.077088598007 57.9785242860968 3
106.478992194243 58.2023320376494 3
106.981826523597 59.5307924984414 3
108.383903181385 59.7535295617079 3
108.887285822893 61.0816509311684 0
110.289540814162 61.3035449385172 0
110.794006880222 62.6311478994958 0
112.196431553937 62.8524937227907 0
112.702379209568 64.1794652619045 0
114.104960079602 64.4005301256937 0
114.612799999201 65.7267751049324 0
38.334335 65.947172 0
