x           y           stackinginfo
0.0 0.0 0
1.420397 0.0 4
2.13077417606279 1.23022096148196 1
3.55102425437725 1.23030976063155 0
4.26115385532722 2.46013922046639 0
5.68172299726821 2.46013299030555 4
6.39175461416422 3.69029102558291 5
7.8122033016011 3.69045023781008 2
8.52230400938795 4.9203051555722 5
9.94280595059062 4.92037664615286 1
10.6530422338006 6.15058945131483 4
12.0734794190361 6.15052925729246 1
12.7837623153272 7.38070452399537 1
14.2039353950527 7.38058654557076 2
14.9142621623726 8.61074550581807 0
16.3346870261184 8.61057453694464 4
17.0450046842793 9.84086739291061 1
18.4652124476848 9.84094258719845 0
19.1754024465132 11.0708452400459 0
20.5959633351928 11.0708449481907 4
21.3060251964342 12.3010261470168 5
22.7264238706837 12.3011900852304 4
23.4364653908724 13.5310076205558 5
24.8570095389484 13.531090261701 1
25.5671642680652 14.7612843971032 5
26.9876346800108 14.7613166011276 2
27.6979012338271 15.9914018712887 1
29.1181314137762 15.9912767782429 2
29.8284496620316 17.22147094471 0
31.2488478247219 17.2212565349552 5
31.9591556658485 18.4515586128818 1
33.3793315325311 18.451591709669 0
34.0895987721074 19.6815690964321 0
35.5101453092703 19.6815589767845 4
36.2202958030672 20.9117637442391 1
37.6406411763212 20.9119059487287 0
38.3506767039452 22.1416975487456 5
39.7712371685626 22.141733073344 1
40.4813385038285 23.3718854876375 5
41.9018196511718 23.3720059403871 2
42.6120272559333 24.6020102185577 5
44.0323444181685 24.6019376933027 2
44.7426370651314 25.832160454381 0
46.1630263510536 25.8319550895802 1
46.8733063845431 27.0622498701561 1
48.2934584903185 27.0622292773309 0
49.0037566456778 28.292283593759 0
50.4242715782872 28.2922429434325 4
51.134502362622 29.5224847610901 1
52.5547937199762 29.5226075738138 0
53.2648322461525 30.75241500554 4
54.6853971019904 30.7524243578068 5
55.3954154814384 31.9825868229728 5
56.8158947099247 31.982728308156 2
57.5260502863146 33.2126494013501 5
58.9464692276382 33.2126540520492 2
59.6567413255851 34.4428814459129 0
61.0771438422142 34.4427295306004 1
61.7874133926251 35.6729818119913 1
63.2075573569273 35.672898707395 1
23.4364191391271 35.6730737900751 2
24.8569986077232 35.6730361230885 1
4.26131118172193 3.59760356182432e-05 4
5.68153064615508 4.70063708817811e-05 1
6.39179761449065 1.23031569768982 2
7.81206948547294 1.23020446825383 5
8.52249597279536 2.46020468610366 0
9.94279024729184 2.46010198128656 0
10.6530901585985 3.69036184891449 2
12.0734421355487 3.69040542196444 1
12.7836235133596 4.92036562022711 4
14.2041855052704 4.92031070227727 0
14.9142443717368 6.15035471302958 1
16.3346702287011 6.15057915579145 5
17.0447229528708 7.38062690208891 2
18.4653311010859 7.38063694880724 1
19.17550738443 8.61065288241365 2
20.5957892463708 8.61075519343719 1
21.305993952062 9.84102190859933 5
22.726311466533 9.84093886111992 2
23.4366978874093 11.0709447579788 0
24.8569194010301 11.0708582918434 0
25.5672330498899 12.3011378724703 2
26.9875457285601 12.3011194197545 1
27.6978299596229 13.5310963229153 0
29.1183469237169 13.5310042876596 0
29.8284546983657 14.7610947707892 1
31.2488685239195 14.7612792980566 5
31.9589010383696 15.9912734977406 2
33.3795194532146 15.9912785312728 3
34.0896272307019 17.2212920307359 2
35.5099807480059 17.2214649494158 1
36.2201417384067 18.4517030219005 1
37.6405399430077 18.4516438994268 2
38.3508907872808 19.6816468653915 0
39.7710702962754 19.681566640736 3
40.4813916027108 20.9118395881339 2
41.9016660207508 20.911767389127 1
42.6120500840727 22.1417519920695 0
44.0325003048155 22.1416482316861 0
44.7426703634664 23.3718070181901 5
46.1630660544555 23.3719535585772 1
46.8730951506391 24.601921478349 2
48.2937036303704 24.6019172515431 3
49.0037488955897 25.8319337595409 2
50.4241527013078 25.8321606675286 2
51.134264070605 27.0623502426137 1
52.5547556959093 27.0623279795436 1
53.2650494993575 28.2923391995333 4
54.6852266780723 28.2922990153202 3
55.395509349174 29.5225806182251 2
56.8157651398023 29.5224723016924 5
57.5261788026375 30.7524752867751 0
58.9465535834127 30.7523613202492 0
59.6567949163655 31.9825831799895 2
18.4652590020953 31.9826815482072 1
61.7872529619893 33.2126392045803 4
20.5959292974141 33.2126160948462 0
21.3059527315218 34.4426399651279 2
22.7263793566199 34.4429201666996 2
25.5670972132003 34.4428587734727 0
26.9876498893557 34.4428282365263 2
27.6977748319046 35.6730167744784 2
29.118303307895 35.6730237531927 0
8.52234408207755 -5.20370407786976e-05 1
9.94284772120439 1.31004849567075e-05 5
10.6529511130098 1.23023530562517 1
12.0735631804498 1.23023804453944 5
12.7837554433504 2.46014236518324 2
14.2039291756125 2.46021320170626 5
14.9142150847141 3.69046045590639 3
16.3346021220686 3.69027624488527 5
17.044946397624 4.92033651058413 3
18.4650385507326 4.92036795986588 0
19.1753796404537 6.15052448791447 0
20.595879496682 6.15046822340994 2
21.3060899814219 7.38064623788748 5
22.7265361396326 7.38070895764199 0
23.4365199820951 8.61068298215117 1
24.8570553274587 8.61073181671667 2
25.56708225112 9.84095666955979 1
26.9877053213169 9.84095460145383 4
27.6978523996749 11.0708385473377 2
29.1181306081456 11.0709427300507 5
29.8284143594678 12.3011812512082 3
31.2488492434188 12.3010378736642 5
31.959162654533 13.531052437698 3
33.3792133390481 13.5310559680989 0
34.0895519325314 14.7612495107482 0
35.5099912992909 14.7611280434752 2
36.2202901820532 15.9912861756004 3
37.6406427194669 15.9913757259352 0
38.3506929903921 17.2213970785042 3
39.7712505002551 17.2214215134375 2
40.4812637403569 18.4516365151606 2
41.9018760066444 18.451618758558 0
42.6119778807409 19.6814921546165 2
44.0323520357336 19.6816067453498 5
44.7426142483865 20.9118326642418 1
46.1631155991625 20.9117595286856 5
46.8733811934162 22.1417337097003 5
48.2934275416284 22.1417392157157 0
49.0037275061519 23.3719683209182 0
50.4241155760503 23.3717979384154 2
51.1344558171657 24.6019361519999 3
52.5547100520146 24.6020316710701 0
53.2648682549858 25.8321054344449 3
54.6854321275694 25.8321191410908 2
55.3954674735983 27.0623285320769 2
56.816047725264 27.06231476664 0
57.5260780157688 28.2922112381009 1
58.9465264830809 28.2923045175321 5
17.0447984905013 29.5225315900414 2
18.4653676967409 29.5225136864677 5
19.1755902119567 30.752451871069 2
20.5956798679264 30.7524850888605 4
21.3059590617373 31.9827336103391 0
22.7263294610785 31.9825553321991 2
23.4366701552162 33.2126720678044 3
24.8568355938365 33.2127305145243 0
27.697884014728 33.2127159107999 5
29.118109882299 33.21264191796 2
29.8284047242216 34.4428899760479 0
31.2488289668702 34.4426404716648 5
31.959116748866 35.6729171794306 1
33.3792559574361 35.672952031184 0
12.7835857687816 -5.01438562940011e-06 0
14.2041357930889 -2.10702964970058e-05 2
14.9143083907355 1.23022236410633 1
16.3346484897692 1.23031888910876 0
17.0446715589296 2.46012083515865 3
18.4652268018756 2.46014599751876 5
19.1752752621227 3.69035232183785 1
20.5958058993171 3.69042558366223 2
21.3060312457756 4.92031749941245 2
22.7263553025862 4.92034171283099 2
23.4366493891675 6.1505998485712 0
24.8570816403058 6.15039693320094 1
25.5673514292922 7.38063838865385 1
26.9874661890203 7.38062056206438 0
27.6977638960321 8.6107422556992 0
29.1182754296436 8.61066545811842 2
29.8285322434242 9.84092751790576 1
31.2488102050256 9.8410245630143 0
31.9588781437566 11.0708524696983 3
33.3794455852734 11.0708531227386 5
34.089462835783 12.3010523695384 1
35.5099704063628 12.3011468337665 2
36.2201328958656 13.5309798081405 1
37.6405573456928 13.531070185421 2
38.3508318960755 14.7613194708827 3
39.7712922229247 14.7611798276327 1
40.4815626010844 15.9913480048268 1
41.9016771315899 15.9912713609176 4
42.6119754905025 17.2214501856388 0
44.0324409505398 17.2212885003704 2
44.74274756214 18.4515630480911 1
46.1629702020499 18.4516630816832 0
46.8731227022266 19.6815430089709 0
48.2936961426354 19.6815492848658 2
49.0037230710235 20.9117571581559 1
50.4241848567027 20.911862611 4
51.1342651261258 22.1416692290768 1
52.5547617012171 22.1417779887509 1
53.264966108036 23.372016891777 3
54.6854629408841 23.3719642729975 2
55.3957254789349 24.6020424090786 1
56.8158727729372 24.6019446668461 1
14.9142425430249 25.8321701046812 0
16.3346743443683 25.8319433752328 5
17.0449727786173 27.0622318256727 1
18.4651481618618 27.0623145281223 0
19.1753789018353 28.2922750307598 0
20.595948836697 28.2922859877907 2
21.3060290741665 29.5225121047285 5
22.7264340576506 29.5226213300216 0
23.4364564916819 30.7524237163519 1
24.8569937611069 30.7524930054754 1
25.5671042556673 31.9827218722217 1
26.9876325666896 31.9827338099022 2
29.8284879098992 31.9825454008202 5
31.2488529492127 31.9827149404216 5
31.9588746190274 33.2126119946209 2
33.37947406 33.2126165106741 3
34.0895412957263 34.4426883111216 2
35.5099536843181 34.4428755254754 2
36.2200853494743 35.6730467090936 2
37.6404968699087 35.6729756012955 2
17.0448628167303 5.31712153763738e-05 0
18.4651159452545 -5.02312995952978e-05 3
19.1754198384724 1.23024469928933 2
20.5956431179802 1.23018319982067 5
21.3060279004723 2.46017659667234 0
22.7264874308778 2.46008116835709 0
23.436734866037 3.69028326864344 2
24.8570684216269 3.69043137701416 3
25.5671210268232 4.92031194311963 4
26.9877083317801 4.92030662370213 3
27.6977382904387 6.15037132297704 2
29.1181674170528 6.15060392612249 2
29.8282545536098 7.38069824292748 1
31.248757952317 7.38066797136414 1
31.9590386334814 8.61075259671737 4
33.3793050058115 8.61070224974687 1
34.0895898266003 9.84098112994593 2
35.5098132090325 9.84089221635324 5
36.2202291997667 11.0709069147098 0
37.6406200827957 11.0708029032912 0
38.3509258018428 12.3010528396924 2
39.7712319179013 12.3011500632128 3
40.4813592752725 13.5310376480771 4
41.9019308124754 13.5310002956509 0
42.6119745465352 14.7610680604634 2
44.0323932557154 14.7613012434409 2
44.7424496754482 15.9913096258026 2
46.1630173138988 15.991312974767 1
46.8732384700083 17.2213973795881 4
48.2935479703696 17.2214284224793 1
49.003794252814 18.4516857500976 2
50.4240486442108 18.4515891519947 2
51.1344473715813 19.681628967871 0
52.5547710387966 19.6815164157207 0
53.2650881621482 20.9118030340613 2
12.0734498871545 20.9118444248728 3
55.3955782588959 22.1417679525247 1
14.2042117760168 22.141698465012 0
14.914296103386 23.3717973486099 2
16.334688200142 23.3720085550784 5
17.0447115127526 24.6019505962368 2
18.465306679076 24.6019696801099 1
19.1754426570668 25.8320525229078 2
20.5958086372153 25.8321726826466 1
21.3059946966992 27.0624001959186 5
22.7263144873249 27.0623091655699 2
23.4366734827989 28.2923744845347 0
24.8569489054228 28.2922531589359 3
25.5672582150559 29.522556698725 2
26.987504969626 29.522532533978 3
27.6978121286806 30.7524992951716 0
29.118327619162 30.7523974669605 0
31.9591572321643 30.7524778844082 4
33.3792243321994 30.7524538172356 0
34.0895384263384 31.9826895678962 4
35.5099088570151 31.9825500729588 1
36.2202542184602 33.2126392701668 3
37.6406103431844 33.2126529762184 0
38.3507032845132 34.442763035906 3
39.7712247339898 34.4428236405059 1
40.4812475633714 35.6729748793015 2
41.9018662300076 35.6729649638948 0
21.3059661687274 -0.000109387460271502 1
22.7263652547534 4.28919802258207e-05 5
23.4365706889162 1.23025868751378 1
24.8571019699867 1.23024204267002 5
25.5673703566264 2.46018364646042 4
26.9874463892075 2.46019556987864 3
27.6977373843736 3.69044305867179 4
29.1180725342708 3.69027828243428 1
29.8284574079151 4.92034120321758 3
31.2487130016885 4.92034491428194 0
31.9589197956145 6.15050166038648 4
33.3794321483712 6.15053170998069 1
34.0895144346009 7.38066245170866 2
35.5100992931822 7.38066107179912 0
36.2201189663972 8.61060813826559 1
37.64057298673 8.6107569725609 5
38.3507198355443 9.84094640525893 1
39.7713134531158 9.84095996847803 5
40.4815385430006 11.0708820543334 2
41.9016704752541 11.0709322185828 5
42.6119485955178 12.3011807116805 4
44.032287742667 12.3010123486894 5
44.7426751667282 13.5310406648756 3
46.1628393242185 13.5310288422056 0
46.8731414756956 14.7612161006892 4
48.2936210597335 14.7611998470377 1
49.003797066035 15.9913143447544 4
50.4243263801586 15.9913289337986 0
51.1343250690101 17.2213195839013 1
9.94290176134498 17.2214477581372 5
53.2648848616586 18.4516245486908 1
12.0735963040716 18.4516374956019 5
12.7837620548211 19.6815552819121 2
14.2039835529722 19.6816516091286 5
14.9142397466736 20.9119003453563 3
16.3346197076266 20.9117630968884 5
17.0449729134263 22.1417615702094 3
18.465068968218 22.141743210213 0
19.1753975077161 23.3719579477598 4
20.5958225859894 23.3718833683986 1
21.3060926854165 24.6019880306456 4
22.7265437660101 24.6020122990457 0
23.4365593895656 25.8320633208791 1
24.8570724552599 25.8321560332405 1
25.5670913689831 27.062324661577 2
26.987724800005 27.0623169866 3
27.6978324159471 28.2922363708536 2
29.1181543310755 28.2923616538501 5
29.8283919817678 29.5226000433386 1
31.248845339968 29.5225091525283 5
34.0894895850049 29.5225102223206 1
35.5100288542325 29.5225368758641 4
36.2201453105503 30.7523592128999 1
37.6405785497107 30.7524676643477 2
38.3508263130849 31.9827253802969 3
39.7713287946429 31.9826150898934 2
40.4815704504516 33.2126917478586 1
41.9016551414763 33.2126451042647 4
42.6119316017117 34.442871632523 0
44.0323770709514 34.4426686166597 2
44.7426780394954 35.6729248306157 1
46.1628805937266 35.6730460001123 0
25.5671197822581 -2.32755892719158e-07 0
26.9877057686693 2.56445263326955e-06 2
27.6977455848851 1.23024307625043 2
29.118231487662 1.23028249233459 0
29.8282821641924 2.46009735743994 1
31.2487796487918 2.4601793786721 1
31.9589545208645 3.69042571132422 1
33.3794992262105 3.69039094564839 2
34.0897407303782 4.92037598296614 5
35.5098749022907 4.92034690675593 2
36.2201539840528 6.15059933951806 0
37.6405768969018 6.15036180571817 5
38.3508803208412 7.38059997719399 1
39.7710232838306 7.38069441652029 0
40.4813122561563 8.61071704929113 0
41.9018846110832 8.61071100229906 2
42.6120051955968 9.8409520056361 5
44.0324238292301 9.84100423178184 0
44.7424410943226 11.0708250856988 1
46.1629766366816 11.0708559305132 5
46.8730668886152 12.3010924777155 1
48.2936369698799 12.3011052343326 2
49.0038723179439 13.5310061191887 1
50.4240997046292 13.5310382077073 1
8.522479893494 14.761301421953 2
9.94290955518169 14.761075721038 5
10.6531926215102 15.9912820630913 1
12.07329141457 15.9913237276991 0
12.7836063034005 17.2214285554823 0
14.2041438285803 17.2213777044448 2
14.9143477700138 18.4516285797335 1
16.3346906472024 18.451707650829 0
17.0447114135198 19.6815579161731 3
18.4652707025434 19.6815583066973 5
19.1752910766754 20.9117942413278 1
20.5958576705522 20.9118291752624 2
21.3060479643329 22.1416753939046 2
22.7263846790015 22.1417723884551 2
23.436675536505 23.3720358132858 3
24.8571344672409 23.3718565660993 1
25.5673949738786 24.6020095268895 1
26.9874725692734 24.6019917780707 0
27.6977733334715 25.8321687911036 0
29.1182651545369 25.8320350223406 2
29.8285392398052 27.0622923613373 1
31.2488122162002 27.0623942497832 0
31.9589047087132 28.2922876094244 3
33.3794863926863 28.2922712776679 2
36.2202649195961 28.2923179543703 0
37.6406753574104 28.2921920966811 0
38.3509863971385 29.5224770626618 2
39.7712363032702 29.5225578072646 3
40.4813808183154 30.7524382687264 0
41.9019414429493 30.7524104754682 0
42.6119801952409 31.9825417124896 2
44.0323854067768 31.9827428944945 2
44.7424215273937 33.2126431668401 2
46.162978821258 33.2126828097252 1
46.8731577107291 34.4428381434623 4
48.2935559392404 34.4428685927117 1
49.0038034058895 35.6730648871608 1
50.4240459687243 35.6729379625699 2
29.82844287223 5.5212804489502e-05 0
31.248804226031 -0.000104265057692804 3
31.9591208376192 1.23019840784989 2
33.3793387283968 1.2302314650705 3
34.0895779366549 2.46016577284946 0
35.5101198594013 2.46012461383996 0
36.2202326946557 3.69028193461961 5
37.6405941876363 3.69046898605276 4
38.3506138684795 4.92031675849589 2
39.7711890609394 4.92035777756397 1
40.4812955671969 6.15048982037713 2
41.901730828145 6.15060964891284 2
42.6119398110418 7.38073111408504 5
44.0322599993408 7.38061972370728 2
44.7425990137331 8.61075789463741 0
46.162934094901 8.6105879098157 3
46.8732491200372 9.84088827869262 2
5.68152944650871 9.84087157628975 3
49.0037669958727 11.0708588859555 0
7.81236700591974 11.0708081081764 0
8.52258018553721 12.3010027867158 2
9.94289997091799 12.3011664179742 3
10.6529316416724 13.5309925170329 4
12.0735083390753 13.5310118175838 3
12.7835505162448 14.7611290630869 2
14.2040020269367 14.7613108971927 2
14.9141464880942 15.9913580876719 1
16.3345639515195 15.9912970992996 2
17.0448658640209 17.2214562082769 0
18.4651987163354 17.2213255473501 1
19.1754972581594 18.4516117069336 2
20.5956812500742 18.4515530689343 4
21.306044766032 19.6815901296779 0
22.7265103798136 19.6815191029326 0
23.4367995729525 20.911759474369 2
24.8570823011659 20.9118900072516 3
25.5671597881684 22.1417267505812 4
26.9877317954826 22.141719895156 3
27.697752647442 23.3718343938626 2
29.1181936886976 23.3720380896503 2
29.8282831607662 24.6020066539477 2
31.2487904096733 24.6020043617928 1
31.9590492717499 25.8321664212789 4
33.3794100888216 25.8320989860525 1
34.0896963833008 27.062347011873 2
35.5098988384201 27.0622340647832 2
38.3507491760203 27.0622980987779 1
39.7713578673377 27.0623076535852 1
40.4815457999177 28.2922742071552 2
41.9017447755595 28.2923475342954 1
42.6119742612955 29.5226174906965 5
44.0322961684891 29.522492148192 5
44.742679491663 30.7524926595077 0
46.1628630870402 30.7524247597189 0
46.873161400649 31.9826737944139 4
48.2935561156102 31.9826504040665 1
49.0037818910225 33.2126888795637 4
50.4243060594945 33.2126471570534 0
51.1343418263871 34.4426944018156 1
52.5548024467367 34.4428613307254 5
53.2648429106633 35.6729628845087 2
54.6854709507107 35.6729679462614 3
34.089647184006 -7.05842758844591e-05 2
35.5099315837783 6.18337564456455e-05 1
36.2201329885665 1.23031992411532 1
37.640517156866 1.23023812072474 2
38.3508682009376 2.46021787400177 0
39.7709926493045 2.460166662724 0
40.4813089019784 3.69042244522322 4
41.9016523450762 3.69034076396833 1
42.6119887127816 4.92037216457787 0
44.0324399440927 4.92031991729692 0
44.7425405991409 6.15041986393146 1
3.55108988976089 6.15054422922116 1
46.8730388061162 7.38060988362424 1
5.68175260835017 7.38060574001951 3
6.39183902573281 8.61056474209883 2
7.81220492403285 8.61075015302852 1
8.52238785230585 9.8409761505915 1
9.9428609605545 9.84094856365965 1
10.6531759442615 11.0709106297419 4
12.0732837840174 11.0708862568182 3
12.783586394108 12.3011464407817 4
14.2038910862193 12.3010211347926 1
14.9142870206949 13.5310482394493 0
16.3346495020939 13.5309755653036 0
17.044822218996 14.7611474095319 5
18.4652782909105 14.7612376889929 1
19.1753345906144 15.9912871423284 2
20.5959443849147 15.9912823298007 0
21.3059871746453 17.2212540652854 1
22.7264063916104 17.2214696113054 2
23.4365491944375 18.4516525305752 1
24.8571045094494 18.4516648359791 1
25.5673694235582 19.6816207620999 4
26.9875040549196 19.6816388266541 3
27.6977801486605 20.9119026990916 4
29.1180760437237 20.9117620802085 5
29.8284918511721 22.1417758727402 0
31.2487630052956 22.1417009209817 0
31.9590226731233 23.3719202357726 4
33.3794605635618 23.3719576237702 1
34.0895995858516 24.6019933313083 4
35.510179750718 24.6019684576486 0
36.2202198113828 25.8319612459303 1
37.6406749193241 25.8321501434267 5
40.4813933356573 25.8321182650469 0
41.9019412675746 25.8320854463059 2
42.6120770149515 27.0623237528754 5
44.0325095596235 27.0623669189761 0
44.742485320604 28.2922636237905 1
46.1630225977032 28.2922753860151 5
46.8730619489515 29.5225253236603 1
48.2936638639558 29.5225240121765 2
49.0038437654476 30.7524044029799 2
50.4240899920425 30.7524864276351 2
51.1343785353026 31.9827432697972 3
52.5548074738521 31.9825484509457 5
53.2650970490539 33.2126570457142 1
54.6851611382666 33.2126793098036 0
55.3954904666701 34.442836617118 0
56.8159901095464 34.4427402738148 2
57.5262257849991 35.6729664172337 1
58.9465732958534 35.6730610396881 0
38.3506311741651 -3.67958997492806e-06 3
39.7711943763105 -6.60221957081445e-06 2
40.4811918528784 1.23024189242291 1
41.9017840942534 1.23023095619212 4
42.6119240525298 2.46008543568927 1
44.0322771797181 2.46022592431041 1
2.13066399092236 3.69045757121341 3
3.55114281085396 3.69031583904245 2
4.26141750072917 4.92035873302094 1
5.68146746349684 4.92034840546557 0
6.3917823752392 6.15055009675425 0
7.81222913248707 6.15038686062221 2
8.52253798510776 7.38059503370266 1
9.94280089890853 7.38072650297779 0
10.652930755539 8.61070381741077 3
12.0735151087012 8.61070628466577 2
12.7835329520121 9.84094850019238 2
14.204096487016 9.84094306399863 0
14.9141738387826 11.0707877390755 1
16.33461422514 11.0708817421856 2
17.0448440663058 12.3011239176566 1
18.4653812899412 12.3010612439194 2
19.1756164280762 13.5310488005304 5
20.5956898715667 13.5310487245484 4
21.3059750937273 14.7612883256812 0
22.7263842929552 14.7610834591901 2
23.4367117248796 15.9912715371802 1
24.8568922916627 15.9913985945508 0
25.5671410370441 17.2214303520263 0
26.9877229924527 17.2214294450583 2
27.6977962287831 18.4516657311776 2
29.1183067862615 18.4516754257731 0
29.8283261323898 19.681535965543 1
31.2488279656906 19.6815868475554 5
31.9589703598112 20.9118295175054 1
33.3795557961205 20.9118153956352 2
34.0897785664791 22.1417398661396 2
35.5099246206355 22.1417744418685 2
36.2202256414934 23.3720241108023 0
37.6406347968886 23.371802727978 5
38.3509890317872 24.6019432186343 1
39.77112 24.602 0
