x           y           stackinginfo
0.0 0.0 0
1.251103 0.672509 0
1.2941143088731 2.09200759922967 1
2.54522827267696 2.76463648510744 1
2.58830663282722 4.18434791048126 3
3.83927485481986 4.85742650922494 1
3.88268302301569 6.27713297997825 4
5.13407330089463 6.94936193288411 2
5.17704856541847 8.36903362345086 2
6.42809451094356 9.04117624471363 3
6.47075252789779 10.4611362147262 2
7.72168761777126 11.1335126429567 2
7.76529755486102 12.5532729841634 2
9.01666337919792 13.2254448456162 2
9.05991814348029 14.6453499605833 0
10.3108576946734 15.3181332102568 0
10.3536071330487 16.737926129261 0
11.6046583206497 17.4104691402899 3
11.648128901102 18.8299895059528 1
12.8992453798649 19.5028364076663 5
12.942542878767 20.9225989369815 3
14.193510322599 21.5957676159865 3
14.2368255003065 23.0152886739223 4
15.4881560495539 23.6874653039933 2
15.5309955856605 25.1071571920423 1
16.7818750474654 25.7795734742333 5
16.8248831657536 27.1994948582828 1
18.0761289507552 27.8716765594959 2
18.119828190924 29.2914225787865 2
19.3711156032133 29.9634817137242 4
19.4136723460037 31.3834356979018 0
20.6645253088752 32.0559437021214 0
20.7074726953469 33.4756639666351 4
21.9586987814031 34.1479561327986 1
22.002219392306 35.5676383065596 2
23.2532678217112 36.2406645734839 3
23.2963057207063 37.6604435732329 0
24.5474137656386 38.3333324181772 4
24.5903839204368 39.7527671808578 3
25.8415026788868 40.4251669545565 5
25.8844207660836 41.8449247550963 1
27.1353282000616 42.5177478526952 2
27.1787908829278 43.9375635458073 5
28.4301741558886 44.6096660449325 5
28.4734405658064 46.0294148572277 1
29.7245626536724 46.7015068567854 3
29.7671244458229 48.1214642239067 4
31.0180012224241 48.7938188983157 4
31.0615278409924 50.2135034119164 5
32.3128782461047 50.8857901042353 2
32.3564310805964 52.3056313536536 4
33.6073971810326 52.9786946057016 0
33.6502862071948 54.3984130363556 0
34.9013957896737 55.0710495647745 3
34.9445786476172 56.49050315551 1
36.1956173821918 57.1632983881927 1
36.2386543147821 58.5831232440683 1
37.4897261294468 59.2560479189153 1
37.5334184108877 60.6756602785499 2
3.71071941233876 0.597800820122331 1
3.75339574507098 2.01759045593615 1
5.00426337581148 2.68991934254259 3
5.04697962256337 4.10986098910888 2
6.2981609289797 4.78199679900178 5
6.34185887713391 6.20172549987911 2
7.59314518103747 6.87402711784392 4
7.63606997692935 8.29396663610278 0
8.88700083771496 8.96674029771773 0
8.92993012344205 10.3863817009118 0
10.1810931126216 11.058815432445 1
10.2245218307024 12.4783777776194 2
11.4755833900552 13.1513683679657 1
11.5188031036637 14.5711316344094 0
12.7698932403138 15.2440730916226 4
12.8130660458727 16.663571895054 2
14.0642459683248 17.3358015710401 1
14.1070267052269 18.7556428198506 5
15.3578234991253 19.4282558891987 2
15.401135905854 20.8481358644455 5
16.6525068380913 21.5201727496892 2
16.6960722033538 22.9399536467613 5
17.9472149076061 23.6121715601059 0
17.989765566762 25.0321188458562 0
19.2406621325495 25.7045716835613 0
19.2840116079224 27.1241768061984 1
20.5353114037622 27.7965368256758 2
20.5788058771586 29.2162724342812 4
21.829811680323 29.8893765442701 0
21.8728437387421 31.3090526390501 0
23.1240875070276 31.9816073989852 4
23.1670251783618 33.4010618636766 1
24.418044233165 34.073556862226 1
24.4609088816693 35.4934283694296 1
25.7118442743267 36.1662614773897 1
25.7554084321619 37.5860294687291 2
27.0067944156653 38.2580487291299 5
27.049572501437 39.6778997895093 1
28.3005135223206 40.3501826202044 0
28.3431050758927 41.7701174389845 4
29.5941769476564 42.4423120332361 3
29.6378601721831 43.8619739235571 2
30.889127912824 44.5344879230458 2
30.9324452124204 45.9543597258357 0
32.1834194684506 46.6273991234913 0
32.2264232081819 48.0469598859246 0
33.4776109833924 48.7193881605282 5
33.5208914498962 50.1388819284812 5
34.7719174230116 50.8117384504705 1
34.8151664065708 52.2315560325754 3
36.0662333239478 52.904437308919 5
36.1097340048305 54.324063397314 2
37.3610000297588 54.9961798673409 1
37.4035738915874 56.41609500007 1
38.6543675674804 57.0885322738459 4
38.6974067132341 58.5084063383522 2
39.9487503007985 59.180467238972 5
39.9925163947665 60.6002277781103 3
6.16959027908659 0.522801752373027 0
6.21232660780138 1.94273157187896 0
7.46327724172966 2.6154507448123 0
7.50642267388021 4.03497762438094 3
8.75764295632751 4.7074309810686 1
8.80094742975752 6.12707317253496 5
10.0519774289443 6.80013300379666 1
10.0951890206492 8.2198277367035 0
11.3464888395508 8.89233432733216 2
11.3894473641277 10.3118667220651 5
12.6405074955755 10.9840954635602 1
12.6832346643205 12.404023398671 2
13.934097737544 13.0766256331843 2
13.9776235956649 14.496447552196 2
15.2290044344704 15.1684961268802 2
15.2721591487429 16.588365656282 3
16.5231429381551 17.2608004907547 0
16.5657318929985 18.6807085748456 0
17.8167282434052 19.353104416646 3
17.8603070037912 20.7726831491183 1
19.1115396276638 21.445297890046 5
19.154969807002 22.8650722029228 0
20.4059496867914 23.5382129332981 0
20.4490908709243 24.9577492365101 0
21.700392123771 25.6300413163588 2
21.7434113974316 27.0495634664481 1
22.9943776624285 27.7221046316466 5
23.0374337750454 29.1419993724199 1
24.2885274143515 29.8145897283283 5
24.332185304737 31.2343180637814 2
25.5835070835718 31.9063263920448 5
25.6260143375307 33.3262591696782 3
26.8768203744029 33.9987040699027 0
26.9196018737104 35.4185597890574 4
28.1708270484554 36.090725080745 1
28.214469486769 37.5104377316684 2
29.4655793941716 38.1832693673227 4
29.5085802993797 39.6031387106142 0
30.759605858204 40.2760747752843 0
30.8026400146833 41.6955363072958 3
32.053822260447 42.3679616846656 1
32.0969764986804 43.7875756863117 1
33.3479799304955 44.4605085258438 1
33.3913510142278 45.8802817324057 3
34.642643550463 46.5527141203436 2
34.685923384458 47.9723589448566 2
35.9370805632862 48.6444512213873 1
35.9797078261023 50.0644064777196 5
37.2304903422935 50.7369176360687 4
37.2739001869162 52.1567162767397 2
38.5252690667513 52.8288643615641 2
38.5687932536494 54.2487167657885 4
39.8198001050414 54.9214742716394 0
39.8625251346185 56.3413328087344 0
41.1135412045805 57.0139602967023 0
41.156907486482 58.4334491962135 1
42.4080773008858 59.1061207409588 5
42.4513786984083 60.5258466181226 3
8.62830861149516 0.449012020940929 2
8.67164177574552 1.86860496838316 4
9.92303226616561 2.54081090932384 2
9.96586243170707 3.96043435347281 5
11.2168179353482 4.63270012886209 5
11.2596030258527 6.05264332026762 2
12.5106903234506 6.72498395230641 2
12.5543379181995 8.14474986225463 5
13.8056858828591 8.81680911245505 2
13.848439923347 10.2367473207166 3
15.0993289245057 10.9092970439767 0
15.1420594310867 12.3290988424871 0
16.3931784130113 13.0014512714703 1
16.4367401724999 14.4210688778979 2
17.6878435432723 15.0939818542541 5
17.7310617040172 16.5137707691457 0
18.9820838299074 17.1868350853809 0
19.0251780079449 18.6062864121834 4
20.2763958984027 19.2785687875279 5
20.3193807540409 20.6982336112811 1
21.5702942195332 21.370897728341 2
21.6136165216273 22.7907635700044 1
22.8649152106999 23.4630016209829 2
22.9084929898844 24.8827230695433 1
24.1597218267999 25.554745154929 3
24.2022323796232 26.9747013425404 3
25.4530313719782 27.6471438844799 0
25.4962489445526 29.0668734862307 5
26.7475715005242 29.7390947168671 1
26.7911796911654 31.1588781069982 4
28.0421830456568 31.8319136588247 0
28.0850640194259 33.251706952959 0
29.3361537098621 33.9244807097108 0
29.3792134412266 35.3439200205929 1
30.6303093934396 36.0165262662114 1
30.6733310548779 37.4362823586845 1
31.9242818724712 38.1093338813374 1
31.9677536762761 39.5290426286478 4
33.2191635100606 40.2011691647083 2
33.2620665368052 41.6208963700293 1
34.5130779541437 42.2930611533362 3
34.555716906446 43.7130202143257 2
35.8067180261945 44.3852973381724 2
35.8503713128219 45.8050270738788 5
37.101723010267 46.4772634362988 2
37.144963874925 47.8971752512889 0
38.3959041744467 48.5700392391879 0
38.4387282019459 49.989765324763 0
39.6898217107874 50.6622921759736 3
39.7332506075582 52.0818020239132 1
40.9843432658934 52.7546882428127 1
41.027607933872 54.1744614527278 3
42.2785986289525 54.8475809288522 4
42.3219629050868 56.267109304416 4
43.5732695416238 56.9392732393317 1
43.6160622007028 58.3590386080166 1
44.8668944480541 59.0314919493034 2
44.9099477288661 60.4514071784108 1
11.0872111957616 0.373497435608652 2
11.1309190375854 1.79324699803295 5
12.3821619983545 2.46539652238323 4
12.4247480415151 3.88534970202867 0
13.6756235175661 4.55788868985174 0
13.7186777106391 5.97754640632877 3
14.9699217461203 6.64987276849321 1
15.0133942369662 8.069547595128 2
16.2644335134297 8.74260064521527 3
16.307482984405 10.1623472044524 0
17.5586452898269 10.8351360775161 4
17.6015855764465 12.2545814705962 5
18.8526689424335 12.9269712320112 1
18.8955148232163 14.346793767704 1
20.1463966242198 15.0195886915909 2
20.1898872263031 16.4394086162365 5
21.4412840967253 17.111446182764 5
21.4844599546579 18.5312362710857 1
22.7355358628635 19.2033909423914 0
22.7780922792968 20.6233420952477 4
24.0290236571226 21.2956508871478 0
24.0726109857472 22.7152993277551 5
25.3239443023048 23.3876594430041 2
25.3674691796172 24.8074916493218 0
26.6184421244663 25.48058097495 0
26.6614057467666 26.9002313057723 0
27.912577811878 27.5727607631158 4
27.9557605536973 28.9922130852454 1
29.2067870422977 29.6649670568351 1
29.2498933969837 31.0847967221124 1
30.5008627733227 31.7578156995918 5
30.5444362662943 33.1774786895562 2
31.7957904278905 33.8495601463809 1
31.8384115135667 35.2694111087185 1
33.0892480108389 35.9417849377778 0
33.1319923022942 37.3617132945597 2
34.3832191332678 38.0338057628427 5
34.4269243249654 39.4535287174163 2
35.6781599111364 40.1259699507856 4
35.7210886677541 41.5459033343937 0
36.9720430726839 42.2187210494266 0
37.0150418716068 43.6382983739278 3
38.2662308356973 44.3107243919041 1
38.3095929391921 45.7302893607937 5
39.560647752562 46.4032788763182 1
39.6038830043435 47.8230353859172 0
40.8550411241121 48.4958343514776 2
40.8982126537885 49.9153644424595 2
42.1493743123824 50.5875582139037 1
42.1921033814408 52.0074513541723 5
43.4428841107192 52.6800580276918 2
43.4862406192346 54.0999224886975 5
44.7376234991049 54.7719578322765 2
44.7811503282729 56.1917642365717 5
46.0322373077504 56.8641208586476 0
46.0748287638491 58.2840552362181 0
47.3257601170742 58.9565397003366 0
47.3691771976472 60.3761074662126 1
13.5464209168752 0.298550374779991 2
13.5898724483124 1.7182784191226 4
14.8408702073283 2.39139951809855 3
14.8839770114629 3.81102969624928 0
16.1352789771082 4.48345289777902 2
16.1781982983527 5.90293626779514 1
17.4291960011339 6.57537147674134 1
17.4720497441422 7.99527408350594 1
18.7230203534736 8.66798295264447 2
18.7666137933186 10.0877544354814 2
20.0179819432868 10.7597661358435 5
20.0606809988709 12.179655773568 1
21.3115814152189 12.8520148869466 0
21.3541916193388 14.2719250734935 4
22.6052959772942 14.9441291560419 3
22.6489633756255 16.3637841386495 2
23.9001750213869 17.0364342743218 4
23.9434430044999 18.4562887304109 0
25.1944341036828 19.1293375858818 0
25.2374765280863 20.5488435620436 0
26.4886884217952 21.2212142818196 5
26.531906876635 22.6407387685635 5
27.7829154610321 23.3135548859635 1
27.8262045956562 24.7333799894833 3
29.0773489945491 25.4060695574253 2
29.1208780043963 26.8257201912761 2
30.3721270762537 27.4977995077943 1
30.4146995143388 28.9177342956939 1
31.6654388668208 29.5902609962555 4
31.7085335622371 31.0101119118171 2
32.959866879953 31.6822240779129 1
33.0035410205678 33.1020073296645 2
34.2546068854283 33.7747390447554 0
34.297371962164 35.1946460313701 0
35.548358932523 35.8673891001708 0
35.5915292585255 37.2868806564598 1
36.8427294566169 37.9593924632876 1
36.8859646156433 39.3790577031108 5
38.1369765806514 40.0521342440182 1
38.1802611079616 41.4718117689515 0
39.4316195021016 42.1441736573325 2
39.4745595910178 43.5637543272816 2
40.7256060275449 44.2359369453247 1
40.7683089634667 45.6558837436973 2
42.0192192008457 46.3283829938535 2
42.0627836585364 47.7481837966739 2
43.3141618503081 48.4202562153421 2
43.3572724373661 49.8401524537164 3
44.6082254236325 50.5127021344375 0
44.6508634478952 51.9325712942788 0
45.9018918808656 52.6050042378441 3
45.9454584265049 54.0245693710073 1
47.196640189093 54.6973019069654 5
47.2400187450749 56.1170687492628 0
48.4909975959482 56.7902166349329 0
48.5341967950437 58.2097222805489 0
49.7855081870845 58.8819569503121 2
49.8284857092777 60.3015388469108 1
16.0053888441975 0.22403602492477 5
16.0484770422228 1.6439390361394 1
17.2996471538199 2.31634534471353 5
17.3433248760296 3.73607789430146 2
18.5946283023416 4.40807922297546 3
18.6371227762495 5.82802660904522 3
19.8879284512557 6.50048942887536 0
19.9308025084559 7.92029203013448 4
21.1820415787178 8.5924990624225 1
21.2256436621373 10.0122172085219 2
22.4767092032395 10.6851639760115 0
22.5196870991785 12.1049993707466 0
23.7707447365804 12.7779171598013 0
23.8137579625712 14.197357055162 3
25.064912879063 14.8698009088153 1
25.1079715434424 16.2894718687946 1
26.3589430742199 16.9623962216448 1
26.4023652121876 18.3821714530224 5
27.6537154516714 19.0544396543448 2
27.6969514068437 20.4741238123046 1
28.948086487148 21.1462027136022 3
28.9906997930662 22.5661623677524 4
30.2415304125957 23.2385958467368 4
30.2850294166779 24.6583497492274 2
31.5363954675267 25.3305482366567 2
31.5799130593603 26.7504110139092 4
32.8308790232929 27.4233190982773 0
32.8736619614945 28.8431258505461 0
34.1247011069296 29.5157766259169 3
34.1680283736173 30.9352538135832 1
35.4191465557978 31.608013599731 1
35.4623708817766 33.0277676481759 3
36.7133254498649 33.7009408062091 3
36.7567316040948 35.1205312455091 4
38.0081248411986 35.7926808690329 2
38.050908199591 37.2123738908457 1
39.3018280251943 37.8846536328535 5
39.3446196145435 39.3045977740477 2
40.5957788773897 39.9768134839756 2
40.6394574703222 41.3965657488822 2
41.8907863820273 42.0686763122418 4
41.9335461758162 43.488623174374 0
43.184442777276 44.1612307387057 0
43.2272646697456 45.5809680973877 0
44.4784153526388 46.2533415664707 1
44.52192592143 47.6729512030006 2
45.7730045405205 48.3459226958599 3
45.816185278223 49.7656970720616 0
47.0672420748614 50.438705373092 4
47.1103273463686 51.8581578056597 4
48.3615159870198 52.5304360666215 2
48.4044229949462 53.9501767305667 5
49.6552963136441 54.6228364376443 2
49.6986576357827 56.0427037532872 5
50.9500067860932 56.7148164335391 2
50.9935447983518 58.1345617843188 1
52.2447361074754 58.8066263275582 3
52.2872596026624 60.2265811727994 1
18.4640670906897 0.148988589956892 0
18.5073941534454 1.56866433486866 5
19.758720678411 2.24093372165932 2
19.8022999108796 3.66071432028455 4
21.0532941014806 4.33379742041105 0
21.096219470693 5.75353574566968 0
22.3473618130697 6.42623128970371 4
22.3903953984322 7.84566830210207 1
23.6414503135662 8.51828929901404 1
23.6844194606536 9.93809387432073 1
24.9353564577489 10.6111089852617 1
24.9788801560682 12.0308278643154 2
26.2302851530528 12.7028968564556 1
26.2730986813847 14.1226804277745 1
27.524065184013 14.79489673629 3
27.5666912492378 16.2148490857086 2
28.8177527629532 16.8870497113495 5
28.861438333711 18.306753246498 2
30.1127602258049 18.9790849328785 2
30.1559926294223 20.398994085314 0
31.4069423063847 21.0719188781138 0
31.4498512914058 22.4915722031333 0
32.7009834937563 23.1640685664007 1
32.7443811324702 24.5835698755115 2
33.9954419817423 25.2564943766012 1
34.0386983126742 26.6762796366639 3
35.2897147490544 27.3493332487038 5
35.3331026699519 28.7688846736673 2
36.5843715220148 29.4410520975516 1
36.6270879767949 30.8608874283495 1
37.8778747823282 31.5333887925537 4
37.9209484859078 32.9532951766585 2
39.1722825485053 33.6253450571359 5
39.2159791748076 35.0451055438145 5
40.4671716292735 35.7173798982885 0
40.5097913524528 37.1373292752001 0
41.760697910464 37.8099017145807 0
41.803843528738 39.2295032661453 3
43.0550995085278 39.9018671667547 1
43.0985211532543 41.3215358586759 2
44.3495583088341 41.994596714103 3
44.3926441737498 43.4143104807136 0
45.6438731927949 44.0869652455324 4
45.6867919209966 45.5064318819154 5
46.937850773707 46.1787826001669 1
46.9806448279465 47.5986576933827 1
48.2315231817935 48.2713952597222 2
48.2750396783846 49.6912152889982 2
49.5264360360655 50.3632281072895 2
49.5695230184492 51.7830584812142 1
50.8205495075382 52.4553008655446 0
50.8631114925659 53.875239831381 4
52.1140900983701 54.5475338748655 3
52.1577150375307 55.9671564094658 1
53.4090120423345 56.63962003761 2
53.4524984879366 58.0594389401752 0
54.7034755188041 58.7325476621798 0
54.7465089109871 60.1521350214199 0
20.9236992775709 0.0745578586158963 1
20.9668542774571 1.4940257201005 1
22.2178585876996 2.16673792300468 5
22.260977081452 3.58659047412857 1
23.5119922344518 4.25947026357722 5
23.5556049055478 5.67915284737732 2
24.8069324165515 6.35121462735334 1
24.8494912280052 7.7711103795924 1
26.1002908076182 8.44353994096807 0
26.1430722009572 9.86344425056995 2
27.3943227469954 10.5355403653673 5
27.4380174599531 11.9552658333389 2
28.6891913122432 12.6278703677943 4
28.7321170113694 14.0477898217159 0
29.983096859811 14.7206420214021 0
30.0261420214397 16.1401639303734 3
31.2773401081975 16.8125956120764 1
31.3206294004615 18.2321768025053 5
32.5716711540863 18.9051659678354 1
32.6149515986886 20.324913690414 0
33.8661794903695 20.9975539517093 2
33.909355557218 22.4171204814912 2
35.1604950389641 23.0892852841918 1
35.2031904337835 24.5092138226198 5
36.4539662965794 25.1818055951343 2
36.4973709882144 26.6016481610419 2
37.7487478283004 27.2737237108506 2
37.7922216251527 28.6935589898139 5
39.043252220399 29.3660744654397 0
39.0858701628476 30.7859891926363 0
40.3368333636666 31.45851591572 0
40.3802681689733 32.8780570302581 1
41.6315096178239 33.5506041273329 5
41.6749048139136 34.9703320026239 4
42.9258936370032 35.6434702312226 3
42.9690792779944 37.0630630065858 0
44.2204291292425 37.735367569696 2
44.2633272270549 39.1548958946697 5
45.5143076513733 39.8272666778311 5
45.557163251463 41.247188791424 1
46.8081938375395 41.9197434500935 2
46.851815827412 43.3395127048008 2
48.1031724127745 44.011518868856 5
48.1458198539314 45.4314379703971 3
49.3966963740686 46.1038611093442 0
49.43935176561 47.5237339730772 4
50.6904821040084 48.1959685425603 1
50.7341162075619 49.6156221581634 2
51.9852724078496 50.2884041318582 4
52.0284865714424 51.7082376190624 0
53.2794972382146 52.3812816044353 0
53.322555983802 53.8007482150689 0
54.573771018164 54.473086754337 5
54.6169114337735 55.8926606830173 1
55.8678935290944 56.5654432022013 1
55.9112259560719 57.9852747968667 1
57.1624489763987 58.6577667858605 2
57.2059765299937 60.0774425806198 2
23.383176988546 -0.000514870489222772 3
23.4257316119697 1.41943555975463 3
24.6764823073979 2.09194082860414 4
24.7196695047514 3.51174628979641 2
25.9710059083359 4.18390357103066 1
26.0146561024088 5.60370317749928 4
27.265677150205 6.27658181286083 0
27.3084737634744 7.69645001645362 0
28.5594906066292 8.36921110543951 0
28.6026578959816 9.78867740401693 1
29.8538191511632 10.4612616244975 1
29.8969855147372 11.8809608766298 1
31.147970945358 12.5540598983041 1
31.1913351071728 13.9737273381982 4
32.4427308991888 14.6459715390983 2
32.4856398250976 16.0656069276871 2
33.736662555267 16.7377743445752 1
33.7793522905892 18.1577292896355 2
35.0303210636068 18.8301209848504 2
35.0739340698531 20.2498961010844 2
36.3253018240221 20.922013588774 2
36.3683921594194 22.3419288911674 0
37.6193221451283 23.0145929518645 0
37.6620269248119 24.4344097713423 0
38.9130815738716 25.1068827907766 3
38.9566119141103 26.5264371603699 1
40.2077429553989 27.1992780163492 5
40.2510588551891 28.6190447747328 0
41.5020396518419 29.2921916197752 0
41.5452685394904 30.7116844811783 4
42.7965701308111 31.3838898851054 2
42.8394826005378 32.8035447094276 1
44.0903804734373 33.4760328029483 5
44.1334950349191 34.8959395140762 1
45.3847406918386 35.5681794187742 2
45.4284247813444 36.9879169524173 5
46.6797066586093 37.6599336939984 3
46.7222089517451 39.0798876491557 3
47.9730324743218 39.7523546287765 0
48.0160161404058 41.172097388056 4
49.2672740236904 41.8443397454073 1
49.3108341333064 43.2640587489228 2
50.561875212901 43.937077183999 0
50.6048464932839 45.3568743160258 0
51.8559461258551 46.0297409715903 0
51.8989262336276 47.4491728648139 3
53.1500450815056 48.121633734902 5
53.193014193186 49.5413681115504 1
54.4439538311731 50.214277511315 1
54.4874220729522 51.6340577046506 5
55.738809912728 52.306197893343 2
55.7819740776358 53.7259251825542 1
57.033075983394 54.3980210372858 3
57.0756732824295 55.8179800963338 4
58.3265615519025 56.4903328835959 4
58.3701340503984 57.9100444715339 5
59.6214942855661 58.5822988517698 2
59.6649950307374 60.0021663342218 4
60.9159539766011 60.6751562037626 0
25.8847737385255 1.344892271665 0
27.1358564864376 2.01751077070793 3
27.1791626372943 3.43697669436445 1
28.4302389876446 4.10979165045006 1
28.4734334645505 5.52957320510746 3
29.7243842649263 6.20272806658805 5
29.7678573600676 7.62232719731932 4
31.0192292827844 8.29445378218509 1
31.0619534626251 9.7142169427338 1
32.3128260903187 10.3865463475314 4
32.3556324991915 11.8064852365934 2
33.6068503342425 12.4786135625529 2
33.6505544919052 13.8983554006458 2
34.9018466763429 14.5705611104272 4
34.9446271477943 15.9905095322261 0
36.1955372965533 16.6631757203786 0
36.2384579588423 18.0828450936443 0
37.4896358141098 18.7552368240156 1
37.5330940185832 20.1748378895719 2
38.7841559285507 20.8478449559904 1
38.82732316234 22.2676054839286 0
40.0784249334403 22.9405304545593 4
40.1214957980397 24.3599982674201 4
41.3726490482316 25.0322737646782 1
41.4154777050632 26.4520869307535 5
42.6663116496772 27.1247524719693 2
42.7096972876481 28.5446190376998 5
43.9610747285734 29.2166625069938 2
44.0045486775398 30.6364379923193 1
45.2556928914736 31.3085822159822 0
45.2982255409842 32.7285330428467 0
46.5491106090568 33.4009284923488 0
46.5925237879986 34.820558999911 5
47.8438468536986 35.4928875068606 2
47.887390016051 36.9126599546258 4
49.1383845750479 37.5857638765902 0
49.1813681508448 39.0054468336641 0
50.432573236254 39.6780271281016 4
50.4755833072735 41.0974712786763 1
51.7266084363039 41.7700669217165 1
51.7695473997169 43.1899136314264 1
53.0204928734007 43.8628473290404 1
53.0640587237118 45.2825787425612 2
54.315447106625 45.9546153823495 5
54.3581661510163 47.3744515341485 1
55.6090864740174 48.0467317637755 0
55.6517101136292 49.466671138491 2
56.9028213773309 50.1388273130032 5
56.9465194305209 51.5585140428796 2
58.1977964066068 52.230969310564 2
58.2410078183658 53.6508697413273 0
59.4919736427116 54.3238352210754 0
59.5349503382865 55.7434192738333 0
60.7861191595094 56.4158691918422 1
60.8294683302961 57.835374632975 5
62.0805139199821 58.5082923761486 1
62.1237848483146 59.9280849016448 3
63.3748564923708 60.601008470338 2
28.344237413026 1.27058292669429 2
29.5954776630578 1.94273510453769 1
29.6381449148859 3.36262352715846 1
30.888896661709 4.0351666248982 4
30.9320203627017 5.45505461639622 2
32.183369550451 6.12711064391358 5
32.2270504330715 7.54688629154966 5
33.4781805653274 8.21932392579699 0
33.5208388238722 9.63926309547177 0
34.7717734595483 10.3118808208232 0
34.8149878083113 11.7314343096885 3
36.0662367855493 12.4038575866365 1
36.1096058208615 13.8235258539697 4
37.3606334236403 14.4966016303631 3
37.4037818590524 15.9162833044565 0
38.6550754406275 16.5887973509004 2
38.6979819547147 18.0082967976036 5
39.9490199403722 18.6805978101579 1
39.9917809442662 20.1005104684329 2
41.2426759430677 20.7731678404906 2
41.2862181347036 22.1929819043457 2
42.5376028497589 22.8650036082687 2
42.5806089029258 24.2848711741843 3
43.8315855297614 24.9572228419585 0
43.8741595035328 26.3771419584988 0
45.1251740585313 27.0494541985126 3
45.1688002530913 28.4690613041529 1
46.42004794898 29.1416469146213 2
46.4634764645168 30.5614517395922 0
47.7144587092518 31.2345692420468 0
47.7575453706797 32.6541040144722 0
49.0088060132847 33.3264393455654 5
49.0519161772818 34.745940792093 1
50.3029016300849 35.4185945260072 5
50.3460440628127 36.8384641124962 1
51.5971286227347 37.5111619411264 5
51.6407673006845 38.9308615853325 2
52.8920765054062 39.6028937313072 1
52.9345906134661 41.0228204291811 3
54.1853715337261 41.6952794128416 0
54.228213794221 43.1151479976321 2
55.4794790754064 43.7872720165502 1
55.5231498616831 45.2070066490462 2
56.7742643984645 45.8797704863337 4
56.8171806325924 47.2996666646374 0
58.068189797631 47.9725365532343 0
58.111251337746 49.3920163075223 3
59.362441439045 50.064467003003 1
59.4056463480326 51.4840811977452 5
60.6566677684553 52.1570712659935 1
60.7000033166406 53.5768127497287 3
61.9513004261448 54.2492826840467 2
61.9944646102341 55.6688904172868 2
63.2455893200119 56.3410176593388 1
63.2882613019352 57.7609662314511 5
64.5390630202406 58.4335010073476 2
64.5825320101142 59.8533124354189 2
65.8339049259701 60.5254315492603 1
30.8033118195647 1.19528645256002 4
32.0542985867545 1.86795367814967 0
32.0969668205336 3.28783362606832 0
33.3479577675854 3.96040538727824 0
33.3913953782532 5.37992541884369 1
34.6425878138939 6.05258582518808 5
34.6859315096782 7.47232035303288 3
35.9369044798429 8.14548373407201 3
35.9801717466258 9.56505025633717 0
37.2315445625127 10.2372730354685 2
37.2744161194482 11.6568595885513 5
38.5253694110664 12.3291939231838 5
38.5682378070844 13.7491255654627 1
39.8193383856066 14.4215242276815 2
39.8629924733721 15.8412861209592 2
41.1143346193339 16.5133047885394 5
41.1569615160993 17.9332435580239 3
42.4078262006509 18.6057258807083 0
42.4505538170092 20.0255483516772 4
43.7017043152659 20.6978270276688 1
43.745291467875 22.1174802014194 2
44.9963980392473 22.7903778127151 4
45.039556649898 24.210189418358 0
46.2905894620938 24.8832152775354 0
46.3336366611344 26.3026602908423 3
47.5848348452347 26.9749905508062 5
47.6278804147731 28.3946295392972 1
48.8788290957168 29.0673870772819 2
48.9221979193939 30.4872244757663 1
50.1734936315248 31.1595307225491 2
50.2169899321597 32.5792321406134 1
51.4682027004431 33.2512625045202 3
51.5107441664453 34.6712193596395 3
52.7615281661011 35.3436756866068 0
52.8048153025009 36.7634293443147 2
54.0561586416366 37.4356271579311 2
54.0997820573421 38.8554377034394 4
55.3507780746059 39.5284206825085 0
55.3936114400239 40.9482375219567 0
56.6446668209486 41.6209851633896 0
56.6878154695112 43.0404360204749 1
57.9389317525434 43.713084388632 1
57.9820359893674 45.1328251209408 1
59.2329973596949 45.8059328079342 1
59.2764357427128 47.2255996405784 4
60.5278483568083 47.8977540631311 2
60.5707028608039 49.3174498059454 1
61.8216923558107 49.9896332484113 3
61.8643701887629 51.4095898041848 2
63.1154053755365 52.0818735405752 2
63.1590616098691 53.5016225206924 2
64.4104153177948 54.1737972230969 2
64.4535000329103 55.5937225470987 0
65.7044262326701 56.266474933754 0
65.7472151522895 57.6862269700857 0
66.9983035498133 58.3587135685236 3
67.0417964977839 59.7782557790605 2
68.2928899215438 60.4511718536834 1
33.262133182954 1.12093606542246 0
34.5131271905822 1.79405855277182 4
34.5563849519176 3.21355351136534 4
35.8076585788846 3.88575483352488 2
35.8505075229197 5.30548672101095 1
37.1013589453297 5.9779928398817 2
37.1445063058022 7.39789792439702 1
38.3958097321175 8.07001962540625 2
38.439491636118 9.48976596446912 5
39.6907366557682 10.161842541877 0
39.7332648009472 11.5817970788366 0
40.984114143819 12.2542740728607 0
41.0272140863558 13.6739561931663 5
42.2784867782773 14.3462388114834 1
42.3220077107811 15.7659531431132 2
43.5730357205392 16.439013685343 3
43.6160229942262 17.8587708035314 0
44.8671724556019 18.5315551388477 4
44.9101174504034 19.9509904675639 1
46.1611965566406 20.6234565645451 1
46.2040882965672 22.0432540705911 1
47.4550017715004 22.716135059744 1
47.4985024895819 24.135922721616 5
48.7499050674312 24.8079812384403 5
48.7929716863264 26.2277551544823 1
50.0440310988714 26.8998966175649 0
50.0866087088145 28.3198514975711 4
51.3375567073608 28.9921360490185 4
51.3811799196422 30.4118124051719 5
52.6325237281086 31.0841396674752 2
52.6759979567552 32.5040035299015 0
53.9269617409154 33.1770425459385 0
53.9698809969151 34.5967141191434 0
55.2210153789366 35.2692635015151 3
55.2642948905986 36.6887248896576 1
56.5153428344768 37.361550746583 1
56.5585234714566 38.781357385183 3
57.8094927754607 39.4544433209378 5
57.8530175738808 40.8740605519389 2
59.1043606197678 41.546173449805 1
59.1470180189143 42.9660014688483 1
60.3978443104388 43.638392087713 4
60.4406738135551 45.0583198298953 2
61.6919358407365 45.7303985433522 5
61.7356501091778 47.1501362782622 2
62.9868919675836 47.8224751647265 4
63.0296932322241 49.2424201804129 0
64.2806250290848 49.915137021709 0
64.3236315526584 51.3347418279139 3
65.5748326815747 52.0071453303194 1
65.6182320457298 53.4267421602397 2
66.8692869587281 54.0997590949116 1
66.9124697395848 55.5195041053026 0
68.1636329367477 56.1923057313241 4
68.2066982967735 57.6117987189981 2
69.457823005385 58.2840535923641 1
69.5005949445777 59.7039255843811 1
70.7514032971311 60.3765864161641 1
35.7207903208175 1.04644048884523 5
36.9721754629152 1.71846960979939 2
37.0155885324121 3.13827652185492 1
38.2666767704886 3.81053787344607 0
38.3092306039964 5.23047904543306 0
39.5601553077455 5.90288614118005 0
39.6036332890642 7.32248099250801 1
40.8549341067501 7.99489599323558 2
40.8984382408877 9.41465768710393 4
42.1494301113571 10.0877783570361 0
42.1924866666683 11.5074076809308 0
43.4437507165901 12.1798634800924 4
43.4867415601303 13.5993271536633 1
44.7377422754941 14.2718725552438 1
44.7806750559297 15.69175240278 1
46.0316508952071 16.3645661327522 1
46.0752519394692 17.7843085080846 2
47.326618039875 18.4563297876857 5
47.3692518655054 19.8762103612648 1
48.6201297355208 20.5485588062266 0
48.6627659043937 21.9684772692899 4
49.9139119669822 22.6406271317986 5
49.957596809856 24.0603077316592 2
51.2088180980766 24.7329047811883 4
51.2519904528779 26.152791099341 0
52.5029770146531 26.8257785120689 0
52.5459942817012 28.2453030981114 0
53.797188357435 28.9177100275254 1
53.8404685894703 30.3372367658405 5
55.0915000962745 31.010130921986 1
55.1347994919839 32.4299284589312 3
56.3859437740854 33.1026791922682 2
56.4293676035721 34.5222906899388 2
57.6805895187019 35.1944088447681 1
57.7232183682916 36.6143336876567 5
58.9739565748086 37.2868884144881 4
59.0171431920062 38.7067485719243 2
60.2684979693484 39.3788358072142 5
60.3121527279772 40.7986311230896 2
61.5632243736624 41.4712398125358 0
61.6059189859156 42.8911598883405 0
62.8568828020059 43.56381982441 0
62.9001332586843 44.9833355438283 1
64.1513592521189 45.6558335461265 1
64.194667939666 47.0755120953626 5
65.4456799260195 47.7486086873364 3
65.4889052649173 49.1682630459899 0
66.7402564674608 49.8406398540799 2
66.7831494684758 51.2601837530094 5
68.0341713814871 51.932430687235 1
68.0769137079706 53.352366229301 2
69.3278507417018 54.0249147830192 2
69.3714267122133 55.4447153042407 2
70.6228007830457 56.1167572737823 2
70.665753116528 57.5366552874685 3
71.9166908269887 58.2091172963677 0
71.9593030956951 59.6290033184983 0
73.2103448879828 60.3013562973437 3
38.1799236109155 0.970948472783829 1
39.4311150404866 1.64366385325373 5
39.474485537637 3.06345505418424 0
40.7254708222103 3.73657926281867 0
40.7686014495691 5.15607525968414 0
42.0198767086246 5.82835126844795 5
42.0629341958504 7.24790443830651 1
43.3138923370458 7.92051130627196 5
43.3570706546264 9.34039161652505 1
44.6082330114576 10.0128951886699 5
44.6518884348173 11.4326070649316 2
45.9031796319361 12.1046170189621 3
45.9456727770018 13.5245618730373 3
47.1964507765503 14.1970305548362 0
47.2393817452562 15.6168512374155 2
48.490656907351 16.2890170173602 1
48.5342953191757 17.7087621201607 2
49.7853597847926 18.3816634061689 0
49.8282660454064 19.8015257444624 0
51.0793068408639 20.4743957259017 0
51.1223559992635 21.8938479584989 3
52.3735206485683 22.5663305150602 1
52.4166328440025 23.9859921305441 1
53.6676263517559 24.6589849360948 1
53.7110170892931 26.0787245410318 4
54.9623716283313 26.7510350090554 2
55.0054969806289 28.1706879477221 2
56.2566031839102 28.8427927625509 3
56.2992515716343 30.2627510503603 2
57.550101578439 30.9352015109444 4
57.5936357835796 32.3549771368376 2
58.845007288183 33.0271391317996 2
58.8884189380776 34.4470180617894 4
60.1393801202557 35.1198121371085 0
60.1821083151768 36.5396420892716 0
61.4331320956611 37.2122372111084 3
61.4765519629937 38.6317407810909 1
62.7276950606963 39.3045025686807 5
62.7709886950973 40.7242514016805 3
64.0219498604036 41.3974296676484 3
64.0652884713845 42.8169841598803 4
65.3166626896837 43.4891561468291 2
65.3594917418169 44.9088113921651 1
66.6104089817541 45.581142189997 5
66.6532923648962 47.0010765943893 2
67.9044663050064 47.6733310782866 2
67.9481493889043 49.0930842475543 5
69.1994723380585 49.7651368972682 4
69.2421039258987 51.185085953537 0
70.4929718133192 51.8576171518841 0
70.5357950685372 53.2773785013698 4
71.7869683325627 53.9496949303979 1
71.8305074961374 55.3693440167585 2
73.0815801789695 56.0423222715213 3
73.1247018319964 57.462111175907 0
74.3757648607542 58.1350959390106 0
74.4187918729208 59.5545347948243 3
75.6699580071297 60.226870863967 5
40.6388832937408 0.89657760713624 1
41.8897917963863 1.56932441770133 2
41.9331993184691 2.98916615383492 5
43.1845479266894 3.66132845863216 2
43.2279938908135 5.08105878761969 1
44.4791741952451 5.75310811685634 3
44.5217142085481 7.17306525619336 4
45.7725422495813 7.84547012251011 0
45.8159324777189 9.26517176183209 5
47.067278235311 9.93741724350724 2
47.1108773605526 11.3572302724828 4
48.3618612368338 12.0302828985634 0
48.4047432032946 13.4500409087441 0
49.6558463050829 14.1227374159649 0
49.6989730822346 15.5421803568444 1
50.9500452916772 16.2148691959891 1
50.9931003349689 17.6346529240393 1
52.2440463092953 18.3077427036947 1
52.287547198173 19.7274179350768 4
53.5389554756449 20.3995145205124 1
53.5817331215042 21.8192726573784 1
54.8326801492192 22.4915006785341 3
54.8753466591568 23.9114535173639 2
56.1264454960609 24.5836461583563 2
56.1701298220036 26.003372266403 2
57.4214572864511 26.6756322639427 2
57.4645373613822 28.0955601261647 0
58.7154732611691 28.768379373852 0
58.7583457450666 30.1880615041848 0
60.0094725191152 30.8605363922543 1
60.0529192259381 32.2800686621083 2
61.3039907356243 32.9530204973453 1
61.347242920473 34.3727933427576 0
62.5982708438619 35.0458476175817 4
62.6415473988459 36.4653586231148 4
63.8927889730546 37.1375573580748 1
63.9355717173508 38.5573629118824 1
65.1863781576164 39.2299014167031 2
65.2295588251399 40.6498004511491 1
66.4809023999203 41.3218550603792 2
66.5245659942592 42.7416162954714 5
67.7757623023329 43.4137935128945 0
67.8183207361184 44.8337448191444 0
69.0692022668451 45.5062399859138 0
69.1124054219414 46.9258665794531 3
70.3636863685867 47.5981954480696 1
70.4071660066112 49.0179018477142 4
71.6581888857465 49.6909816444775 3
71.7012158008978 51.110697665455 0
72.9524250971211 51.7833657845687 4
72.9953442244871 53.2028141349171 5
74.2463902067885 53.8752576484158 1
74.2892292877636 55.2951097293132 1
75.540132868223 55.967936595039 2
75.5836632148344 57.3877305613245 2
76.8350609920466 58.0597528345182 5
76.8780290535626 59.4795726212341 1
78.1290383546669 60.1517876202622 0
43.0975780076015 0.821727558130062 4
44.3485764612654 1.49397655523537 3
44.3922334676577 2.91362683852802 5
45.6435413981738 3.58605761771906 2
45.6869836817092 5.00591062954269 0
46.9379544982619 5.67898149883984 0
46.9809435329345 7.09858459729019 0
48.2321260284594 7.77105064739644 5
48.275376046124 9.19051865839397 1
49.5264019716723 9.86332363440362 1
49.5695913636888 11.2831504097135 1
50.8206022596745 11.9561155383589 5
50.8641679990191 13.375755659477 2
52.115481918681 14.0478527497832 1
52.1580792013647 15.4677333624303 1
53.408865423924 16.1401822014449 4
53.4517321446449 17.5600908540657 2
54.7030206647416 18.2321609957806 5
54.7467285561293 19.6519025481765 2
55.9979103761856 20.3244028237609 4
56.0407256105333 21.7443385870624 0
57.2916836728265 22.4170977290453 0
57.3347493337144 23.8366460496829 3
58.5859614725665 24.5090682954171 1
58.629289593297 25.9286717804032 5
59.8803372001955 26.6016911085293 1
59.9235567231641 28.0214203349258 0
61.1747905746073 28.694070501469 2
61.2178492323806 30.11359824234 2
62.4689556966503 30.7858119756956 1
62.5116840157462 32.2057260374227 5
63.7624917091339 32.8783517520967 2
63.8059467390801 34.2981956925164 5
65.0573305990636 34.9702416347901 2
65.1006831366365 36.3900800422586 3
66.3517173438611 37.0624781577832 0
66.3942972993753 38.482402281186 0
67.6452572071963 39.1548408108234 0
67.6887674120708 40.5744095630922 1
68.9400313730277 41.2469299004662 2
68.9834852135899 42.6666832809511 0
70.2344713291217 43.3398197903932 0
70.2776022761522 44.7594022020908 0
71.5289145501262 45.4317421478365 2
71.5718823701709 46.8512414195143 1
72.8228621870269 47.5237243833362 5
72.8658046811146 48.9436269122915 1
74.1168342225585 49.6162860856291 5
74.1604663762343 51.0360346829433 2
75.4118135856372 51.7080441017668 5
75.4543879595456 53.1279581849638 3
76.7052356927401 53.8003655127196 0
76.7479122438546 55.2202514207539 4
77.9990800288155 55.8924279718145 1
78.0427366859737 57.3121096012059 2
79.2938971510842 57.9848543846122 4
79.3370269494103 59.4047199707703 0
80.5880346553813 60.0777167513251 0
45.5570402448929 0.747190138592221 3
46.8082387905992 1.41957543187501 5
46.8514387811129 2.839141444354 5
48.1024474596193 3.51201344216575 1
48.1457916131757 4.93181466847721 3
49.3970121894988 5.6043761606693 2
49.440437089854 7.0240194045057 2
50.6916432785884 7.69610185956352 1
50.7342498282715 9.11604796982546 5
51.9849966780369 9.78858189899652 4
52.0282653052477 11.208404126081 2
53.2796214309254 11.8805349239456 2
53.3232497100586 13.3003505738534 4
54.5742731028185 13.9731195821979 0
54.6170075778124 15.393007375495 0
55.8680008339225 16.0657000298997 0
55.9112584466975 17.4851880456734 1
57.1624470033843 18.1577712942804 5
57.2056917319314 19.577471670904 3
58.4566827132117 20.250592819825 3
58.4999890433228 21.6702286979038 4
59.7513809535349 22.3424894322425 2
59.7942473936247 23.7620881443512 5
61.0452496909915 24.4342996929347 1
61.0879781380611 25.854247332865 2
62.3389766504339 26.5266702603109 2
62.38258746565 27.9464525637054 2
63.6339541205236 28.6185199084811 2
63.6768744151435 30.0384406560371 3
64.9277913170474 30.7109984413436 0
64.9704621469487 32.130837059345 0
66.2215315468554 32.8032300452877 3
66.2651065135133 34.2228194313674 2
67.5162473556283 34.8956488201697 5
67.559555926716 36.3154299623513 0
68.810549017388 36.9885489958096 0
68.8537033832509 38.4080228677134 0
70.1049725747862 39.0802677144726 2
70.1479633983915 40.4998883374181 1
71.3988862551096 41.1724679581501 2
71.4420986674341 42.5923544941954 1
72.6933374547445 43.2646745409839 2
72.7369928163128 44.6843971318512 1
73.9882628363883 45.3564031353019 3
74.0307536738342 46.7763564092376 3
75.2815462308904 47.4488174671713 0
75.3245851519643 48.8685817995386 2
76.575871303575 49.5407898605629 1
76.6194753271816 50.9605411881833 2
77.8705057963708 51.6335418753191 0
77.9134157747089 53.0533615447797 0
79.1644920981766 53.7262079631224 0
79.2075148173447 55.145645515131 3
80.4586395457088 55.8181664909198 1
80.5016659830555 57.2378836644544 1
81.7526266807351 57.9108772412471 1
81.79607509114 59.3306194138379 4
83.0474653587295 60.0028028870721 2
48.0164984151266 0.672499158100424 1
49.2675736670787 1.3446134079586 3
49.3102042993252 2.76457364664968 2
50.5611126505626 3.43693437901485 4
50.6047131227682 4.85667217456119 2
51.8560782364997 5.52888794736526 2
51.8994768124025 6.94877676143005 0
53.1504273761648 7.62167023994732 0
53.1932297477435 9.0414371928896 0
54.444292451624 9.71402622091099 3
54.4876892516493 11.1335159385088 1
55.7387895101632 11.8063523619777 1
55.7820456227426 13.226120243571 3
57.0330049414193 13.8992902174896 3
57.0764046475284 15.3188472030659 4
58.3277614350557 15.99099500645 2
58.3705342007232 17.4107238340462 1
59.6214076047643 18.0830836441976 5
59.6643083909957 19.5030156199039 2
60.9155478230319 20.1751573782684 2
60.9592499035319 21.594905041203 5
62.2105423607817 22.2670261491095 4
62.253192133832 23.6869788385679 0
63.5040760523735 24.3595523485573 0
63.5470004405272 25.779248412075 3
64.7982002487771 26.4515900096034 1
64.8416859381155 27.8712321917427 2
66.0927430305268 28.5442510719627 3
66.135847000734 29.9640173304951 0
67.3869559423204 30.6369232333307 4
67.4299560710031 32.0563696075201 5
68.6810878338486 32.7287030844518 1
68.7239612725193 34.1484877119773 1
69.9748332563844 34.8212248633334 2
70.0182698202937 36.2410697501217 5
71.2696508213295 36.9131368575054 2
71.3130242734685 38.3329014392424 1
72.5641617551668 39.0050050409711 0
72.6067016700931 40.4249591225355 0
73.857579165893 41.097323321594 0
73.9010547147694 42.5169798724514 5
75.1523945766767 43.1892852915208 2
75.1959636359568 44.6090932183196 4
76.4469447314283 45.2821858990728 0
76.4898854819333 46.7018824787134 0
77.7410442559153 47.3744906397298 4
77.784149537326 48.7939332830039 1
79.0351850327211 49.466626005626 1
79.0782117341017 50.8864485496844 1
80.3291582416948 51.559481541078 1
80.3727129104734 52.9791709508796 2
81.6240993044571 53.6512391454698 1
81.6667928482231 55.0710563557545 1
82.9176907275341 55.7433501500082 0
82.960358324939 57.1632926844678 2
84.2115074277133 57.8354295658715 5
84.2552093906353 59.2551391913304 2
85.5064922259316 59.9275230386275 4
50.4755372836366 0.597441342868398 0
51.7264880543664 1.27031597335055 0
51.7694408567475 2.68992795125185 0
53.0206017396497 3.36238000801338 1
53.0639995387762 4.78190901852673 2
54.3150575403738 5.45486906949888 1
54.358316960903 6.87464304570689 3
55.6093981457892 7.54758361897387 2
55.6526930536005 8.96712031219533 2
56.9039056507871 9.63930640762099 1
56.946633930688 11.0591729424573 1
58.1974043718764 11.7317422972258 2
58.2406264742069 13.1516285713879 2
59.4919915080513 13.823666242035 5
59.5356265509262 15.243446944493 5
60.7867662720883 15.9157609406118 0
60.8293574207176 17.3357047476991 0
62.080273070564 18.0082301001571 0
62.1235533602654 19.4278098118974 1
63.3748297062853 20.1001992994626 1
63.4182603431194 21.5198994987369 4
64.6692792087869 22.1929897490151 3
64.7123638117552 23.6126655006238 0
65.9636389228856 24.2851945448562 2
66.0065370079623 25.7046676809407 5
67.2575609924578 26.3770594710784 1
67.3003654625101 27.7969534274485 1
68.55128506456 28.4696892088816 2
68.5948395856987 29.8894852522469 2
69.846225392638 30.5614970907821 5
69.8891012072891 31.9813584220338 1
71.1400627952741 32.6536607560859 0
71.1826382238096 34.0735887067635 4
72.4336777576093 34.7458337780012 3
72.4773388526786 36.1654685721221 1
73.728597660523 36.8380227920658 2
73.7719906691763 38.2578611411462 0
75.02297087403 38.9309479102082 0
75.0660137650348 40.3504908785291 0
76.3172343450698 41.0228753099439 5
76.3604376593728 42.4423667720521 1
77.6114438099797 43.1151299550297 1
77.654656271826 44.5349724110747 1
78.9057299769073 45.2077717079458 5
78.9493231637739 46.6274356776558 2
80.2006128370677 47.2995084013559 1
80.243164473662 48.7194264753926 1
81.4939234882416 49.3919152385433 4
81.536848878574 50.8117941844008 2
82.7881478708692 51.4838915812541 5
82.8318396194406 52.9036439657725 2
84.0829568470863 53.5763192055105 0
84.125784737886 54.9962365915221 0
85.3767683590179 55.6690325077194 0
85.4198685533563 57.0885349281522 3
86.6710713560223 57.7609955114425 1
86.714325552481 59.1806194302208 5
87.9653549508149 59.8536509843135 1
52.9346038230337 0.523360694861388 0
54.1859044888601 1.19585390161885 2
54.2289582632215 2.6154231035051 2
55.4800497824022 3.28759340181133 1
55.5227540469113 4.70753287761004 5
56.7735859800227 5.38009371314785 2
56.8170924879022 6.79991368561822 5
58.0684720363957 7.47199294111666 2
58.1117794351022 8.89185951723384 3
59.3627689282204 9.56439777844309 0
59.4053904231554 10.9842924634233 0
60.6563820565694 11.6567720472004 3
60.6998965191741 13.076321267744 1
61.9511141047692 13.748955445063 5
61.9945113936868 15.1687056131046 0
63.2454904093904 15.841856658192 3
63.2886900633007 17.2614040422496 0
64.5400320685801 17.933654392274 2
64.5829666336821 19.3532062904315 1
65.8339233364867 20.0256344486041 5
65.8768817687381 21.4455502930723 1
67.1279831899635 22.1180344000051 2
67.1716407068009 23.5377838365867 2
68.4229739096947 24.2097849481435 5
68.4655152664807 25.6297218412847 3
69.7163510064805 26.3021704460486 0
69.759093953411 27.7220108379021 4
71.0102804826676 28.3942262489007 1
71.0538936354211 29.8139115061464 2
72.3050015770709 30.4867846129078 4
72.3480855566076 31.9066242592434 0
73.5991195429207 32.5796099811728 0
73.6421478997129 33.9990588425394 3
74.8933330738044 34.6714403580852 5
74.9364363440536 36.0910620999378 1
76.1874153283704 36.7639144047956 1
76.2308021764438 38.1837199676273 3
77.4820945272792 38.8560948990979 2
77.5254922401322 40.2757705142152 2
78.7766799574156 40.9478282860775 3
78.8192673351465 42.367784763722 5
80.0700439088129 43.0402687348976 4
80.113401937877 44.4600455630789 2
81.3647584806798 45.1322241721839 2
81.4083614473979 46.5520564822525 4
82.6593504550351 47.224959913373 0
82.7021314721483 48.6448006920218 0
83.9531553926022 49.317508839731 0
83.9964024601378 50.736977735632 1
85.2475414386107 51.4096504721741 5
85.2907307713355 52.8293814451428 3
86.5416963276691 53.5025273738542 1
86.5850862528602 54.9221551573464 4
87.836493361128 55.5943354904841 2
87.8793213363982 57.0139963527121 1
89.1302907534683 57.6862119503212 3
89.1730158895268 59.106163335351 2
90.4240809307989 59.7784671694319 2
55.3937033439204 0.448223352275499 2
56.6450560372947 1.12033642179143 2
56.687974725314 2.54027011748961 0
57.938885615789 3.21291121985203 0
57.9816430556728 4.63268870527692 0
59.2327432070383 5.30510958592712 1
59.2762795302712 6.72468876695335 2
60.5273826247569 7.39760179986872 5
60.5706424941577 8.81737545496274 0
61.8216546688929 9.49046590713085 4
61.8648202678214 10.909933671844 4
63.1160685959871 11.5821647742597 2
63.1589844324825 13.0018615376547 1
64.4098675172789 13.6744335227457 2
64.4531101433392 15.0943225650728 1
65.7044140820665 15.7664923231123 2
65.748050609491 17.186229229136 1
66.9992912954728 17.8582625444477 3
67.0417925609773 19.2782182131008 0
68.2926151445093 19.9506637216445 0
68.335767142593 21.3703697969285 5
69.5870663185707 22.0426171340269 1
69.6306338323407 23.4623684250548 2
70.8816485719104 24.1354264780099 0
70.9245782273099 25.555199536245 0
72.1757019970505 26.227982144123 4
72.2186896284596 27.6474158941952 1
73.4697729454765 28.3199579999805 1
73.512722360249 29.739732957107 1
74.7636580006315 30.4127054361348 1
74.807152209367 31.8324551848954 2
76.0585582539522 32.5045471568562 5
76.1015337688759 33.9243001092665 1
77.3525696122169 34.5964495141937 3
77.3951774324008 36.0164071333437 4
78.6461483712767 36.6886840512137 4
78.6897955395349 38.1083880201253 5
79.9411438844766 38.7806767627771 2
79.9845243211241 40.2005671859585 0
81.2354759424489 40.8735321231993 0
81.2783518531907 42.2932294851233 0
82.5294573577442 42.9657832211441 3
82.5728241412296 44.3852636773824 1
83.8238904994337 45.0581408186235 1
83.8671256761379 46.4779285034827 3
85.1180976043615 47.151054792138 5
85.1615476640559 48.570626877865 2
86.4128716584553 49.2427717859495 1
86.4555833537114 50.6625717228993 1
87.7064061889288 51.3349889801503 4
87.7493355412254 52.754912908803 2
89.0006208729564 53.4269919356509 2
89.0443353201062 54.8467391978021 2
90.295578950612 55.5189773705755 4
90.3382601209121 56.9389282516382 0
91.5891640698875 57.6115500344835 0
91.6321895244762 59.0311817817317 3
92.8834085200082 59.7035510754687 1
57.8528157082121 0.373180293263389 2
59.1038652634645 1.04621747700134 3
59.1469890050265 2.46595892820394 0
60.3981571125606 3.13875134965755 4
60.4411449283547 4.55821507051695 5
61.6922478704721 5.23052662291236 1
61.735059464497 6.65037364630853 5
62.985910024716 7.32308532645592 2
63.0293741894665 8.74292885020588 5
64.2807708073129 9.41494661610025 2
64.3240622965585 10.8347476870228 1
65.5751526359176 11.5069323439221 0
65.6176942125726 12.9268794651371 0
66.8686206203509 13.5992239256662 0
66.9121543419094 15.0188458355734 5
68.1634748099579 15.6912310923856 2
68.2070040416902 17.1110289398849 4
69.4579870028205 17.7841417393554 0
69.5009936479946 19.2037780944925 0
70.7522115168003 19.8762728167657 4
70.7952927715735 21.2957262839718 1
72.046302633729 21.9683833662847 5
72.0893208695857 23.3882382156099 1
73.3402940414217 24.0611621717938 5
73.3838905135832 25.4808678549125 2
74.6352517308974 26.1529162835102 1
74.6778620814311 27.5727843963539 1
75.9287165228681 28.2451428359977 0
75.9713966953603 29.6650676349853 2
77.2225836730859 30.3371830431984 5
77.2662807592533 31.7568864305653 2
78.5175088932814 32.4294159782424 4
78.5605664666637 33.8493292742617 0
79.8115392821313 34.5222403999879 0
79.854544638067 35.9417896314328 0
81.1057300545562 36.6142185706337 1
81.149058835895 38.0337588494365 5
82.4001046498218 38.7067120886386 1
82.4433870058783 40.1264858475646 3
83.694534667616 40.7992758333776 2
83.737837524004 42.2188458637905 2
84.9890263865081 42.891007037657 1
85.0317106496604 44.3109183190797 5
86.2824594662897 44.983503750476 2
86.3257340744567 46.4033690849064 2
87.5771018135068 47.0754347522136 2
87.6207042197952 48.4952383971268 5
88.8717814547688 49.167719909821 0
88.914411650451 50.5876488576441 0
90.1653556710397 51.2602213621279 0
90.2086870843599 52.6797631954386 1
91.4599384712989 53.3522388032568 2
91.5033185465238 54.771938825161 4
92.7543238751618 55.4450510773624 3
92.7974873675591 56.8646896268482 0
94.0488182852534 57.5370873780123 2
94.0917052755206 58.9565979678184 5
95.3427085544189 59.628932479739 1
60.3114769392618 0.298847816728854 2
61.5624357378957 0.971465297602474 2
61.6060294386798 2.3912552039369 2
62.8574041121718 3.06326889204604 5
62.9002196994131 4.48316315302032 3
64.1511468604952 5.15554905589058 0
64.1937517311878 6.57544734856608 4
65.4448282490227 7.24770687703918 3
65.4884683249906 8.66733353895441 2
66.7396772123189 9.34000885581621 2
66.7830056676094 10.759831326401 0
68.0339985056234 11.4329189960946 0
68.0770725065591 12.852415883427 0
69.3283137594256 13.5247379181984 5
69.3714516309248 14.9442720212835 5
70.6224350418951 15.616988363394 2
70.6656796969982 17.0368424600062 1
71.9168311790516 17.7094465551393 2
71.9604366115576 19.12913154703 2
73.2117087992156 19.8011725399291 1
73.2542307792551 21.2211139395033 3
74.5049842307594 21.8936097850512 0
74.5479895793615 23.3134472562859 2
75.7992956458778 23.9855849650196 1
75.8429615740801 25.4053517816727 2
77.0940246383463 26.0781842627421 0
77.1368614086446 27.4980717192079 0
78.3878753066683 28.1708856682009 0
78.4309782289952 29.5903555366063 3
79.6821570928575 30.2628637229068 1
79.7253279848709 31.6825231598283 5
80.9763333543875 32.35556820242 1
81.0196774721444 33.7752743660956 4
82.2710345666755 34.4476181788248 2
82.3140596767302 35.8672356640997 2
83.5651339238307 36.5393758382754 1
83.6078123628029 37.9593297032132 2
84.858688969374 38.6318034358184 2
84.9022458953459 40.0515950395102 2
86.1536188768791 40.7237176869206 2
86.196891651272 42.1436077567923 3
87.4478466864564 42.8162814516736 0
87.4905243001752 44.2361325413007 0
88.7415419057988 44.9086572531747 3
88.7850406116606 46.3281912704207 1
90.0362029844372 47.0009454616212 5
90.0795475793464 48.4206986797411 0
91.3305157832033 49.0938684341585 3
91.3737795061908 50.5133945803637 4
92.6251247254372 51.185595107207 2
92.668018235031 52.6052125873387 5
93.9189392029855 53.2776202730625 5
93.9619215857909 54.6975413055371 1
95.2130963107277 55.3698622589894 2
95.2567794288299 56.7896086544168 5
96.508091070433 57.4616268702219 4
96.55063353019 58.8815754076098 3
97.8014662479967 59.5540621849378 0
62.7702921823873 0.223838660968941 4
64.0214986083574 0.896095301212196 1
64.0650797573885 2.31577902929504 2
65.3161547745986 2.98873955393326 3
65.3592131287538 4.40854726230772 0
66.6102890364169 5.08148294718914 0
66.6532896353869 6.50091638063522 3
67.904457017558 7.17328695529284 5
67.947453309476 8.59297688949131 1
69.1983986956039 9.26581082014529 1
69.2418198644017 10.6856224707643 5
70.4931687373149 11.3578384156582 2
70.5365088003978 12.777549376555 1
71.7876693849682 13.449607846254 3
71.8302402485893 14.8695674866956 4
73.081063410148 15.5419845830356 4
73.1245105500889 16.9617134147566 2
74.3758681086778 17.6339396307186 2
74.4194473708704 19.0537807899732 4
75.6704203590032 19.7267781786664 0
75.7132545897033 21.1465603857916 0
76.9643201289681 21.8192458221821 0
77.0075466960307 23.2387024632631 1
78.2586392653415 23.9114405522918 1
78.3017825222547 25.3312070259782 3
79.5527320103626 26.0043527027537 1
79.5961946632857 27.4239842312481 4
80.8475982585421 28.096110846532 2
80.8903659710617 29.5158385532399 1
82.1412952252061 30.1880883552974 3
82.1840162844018 31.608038380316 2
83.4351479943397 32.2802379410294 2
83.4788304602861 33.6999808430837 2
84.7301593321843 34.3721666677272 4
84.7730783230061 35.7921067140784 0
86.0239953581817 36.4648186293731 0
86.0668384079923 37.8845289821048 0
87.3179698837442 38.5569639369263 1
87.3614538580456 39.9765334884268 2
88.6125288716451 40.6495030903219 1
88.6557552087364 42.0692721248425 0
89.9067953516079 42.7423120470428 4
89.9499652111428 44.1617894616625 4
91.201176890435 44.8340270355103 1
91.2440215506018 46.2538004143776 1
92.4948569384311 46.9263933658792 2
92.5381345943472 48.3462801555585 1
93.7894811234468 49.0183572094671 2
93.8330880478506 50.4381135500882 5
95.0842833999364 51.1102215882226 0
95.1268072622009 52.5301747346108 0
96.3776642966809 53.2026178027925 0
96.4209247384914 54.6222687781423 5
97.6722275445263 55.2945680552043 1
97.7157595855819 56.7143123073699 4
98.9667629452677 57.3874074398177 0
99.0097360977839 58.8071310478804 0
100.260906369856 59.479824426707 4
65.2298755776285 0.149255014516793 3
66.48092836859 0.821786123047985 1
66.5238384741771 2.24160991175016 1
67.7747764245832 2.9145082715126 1
67.8183093299466 4.33426314609031 2
69.0697344581359 5.00626148619452 5
69.1125910578676 6.42607047606364 1
70.3635807727886 7.09827783305639 0
70.406163901654 8.51822951808344 4
71.6571899816067 9.19045038791848 4
71.7008618613571 10.6101293970289 5
72.9521765792427 11.2825204102668 2
72.9955298832642 12.7024051390046 0
74.2464902825262 13.3754179645125 0
74.2894359284535 14.7950446387666 0
75.5405860972056 15.4675387219238 3
75.5839165542343 16.8870185209342 1
76.834960992308 17.5598971226417 1
76.8781957170889 18.9797012876066 3
78.1292051639848 19.6527281401054 5
78.1726930723096 21.0723237647102 2
79.4239855374729 21.7444598558844 1
79.466637629997 23.1643205404676 1
80.7174172093474 23.8367953356726 4
80.7603844046507 25.2567047526356 2
82.0116997589527 25.9287625436751 5
82.0554112994407 27.3485161339013 2
83.3065975614153 28.0209050578614 0
83.3493079972887 29.4408499983392 0
84.6002392490081 30.1135163341632 0
84.6433398139337 31.5330914715073 3
85.8945703828546 32.2054917000794 1
85.9379441349613 33.6251250804848 2
87.1889883245279 34.2981695529582 3
87.2321428771027 35.7178873618357 0
88.4833766632491 36.3905424930672 2
88.526346284926 37.8100359558957 5
89.7774229931763 38.4823143823319 1
89.8201830293779 39.9022105354669 5
91.0710249898194 40.5748863115518 2
91.1145166690443 41.9947234081707 5
92.3659053248097 42.6667497335664 2
92.4091226363114 44.0865867237851 1
93.6601548397021 44.7588941866501 0
93.702714908502 46.1788266496736 0
94.9536789118446 46.8511875555274 3
94.9972503798765 48.2707835109461 1
96.2485316824863 48.9432780181726 2
96.2920157645325 50.3630629692859 0
97.542996729942 51.0361931734165 0
97.5860735137571 52.4557737825831 0
98.8373396471701 53.1281594143872 2
98.8803923320175 54.5476378844072 1
100.131377075288 55.220243516148 5
100.174403808646 56.6401217438014 1
101.425418952462 57.3129053099188 5
101.469041718273 58.7326232864656 2
102.720354833035 59.4046764485662 1
67.6889710298565 0.0745710726672221 1
68.9398185540642 0.746961504420361 0
68.9825283333552 2.16684492713342 2
70.2337903601585 2.83887540683851 1
70.2774292593991 4.258592867195 2
71.5285898890742 4.93129011836069 4
71.5716072736848 6.35118872794497 0
72.8226007978269 7.02412985585374 0
72.8656295036532 8.44362947581137 3
74.1168202448297 9.1160536296276 1
74.1600658222899 10.5356231796434 5
75.4110931870355 11.2085683744798 1
75.4544155560188 12.628341498233 3
76.7056367028277 13.300956276687 2
76.7489384326838 14.7205628703573 2
78.0001113258636 15.3926874336201 1
78.0427650205767 16.8126268984442 5
79.2935184413922 17.4851921165846 4
79.3368594456371 18.9050272355384 2
80.5882266225502 19.5771343700996 2
80.631794858503 20.9969621061014 4
81.8828199219027 21.669608436242 0
81.925492324637 23.0895116022468 0
83.1764656075351 23.7621280332292 0
83.2198160615966 25.1816416432994 1
84.4710305045276 25.8542139918743 5
84.5143546677091 27.2739238278249 3
85.7653441434437 27.9470602371051 3
85.8085910295167 29.3666708822224 0
87.059966347855 30.038952883669 1
87.1028302673057 31.4585150881581 5
88.3538166191596 32.1307967657132 1
88.3966020620537 33.5507336001236 2
89.6476204469508 34.2232123523625 1
89.691235742232 35.6429928253664 2
90.9425968060773 36.3150239466481 2
90.9853648209463 37.7349456779609 3
92.2362624983974 38.4074236634955 0
92.278916722833 39.8272811469224 4
23.381947180426 40.499594434742 3
93.5736180069425 41.9192174484305 2
24.6767019054398 42.592030355809 1
94.8680384771982 44.0118348565633 0
25.9709778113479 44.684921785519 0
96.1621363993633 46.1043870710359 0
27.2653108542957 46.776679534926 5
97.4564403555745 48.1962725088048 1
28.5593278239797 48.8689558625499 2
98.7506753307827 50.2888171235946 1
29.8538406020118 50.9612280559994 2
100.045505170705 52.3809308280698 1
31.1486927705089 53.0529549900026 2
101.339263327577 54.4729083014357 3
32.4419618143548 55.1453961381173 0
102.633124404633 56.5651832784639 3
33.7363605411558 57.2373929161405 1
103.928026386907 58.6571732305695 2
35.03089 59.330263 0
