x           y           stackinginfo
0.0 0.0 0
1.402476 0.224922 0
1.91424991958828 1.54974803946141 0
3.31715987695914 1.77259707619575 0
3.82917037877066 3.09752394678333 0
5.23176233510651 3.32215241142602 0
5.74409744349081 4.64668931782213 0
7.14642259596404 4.87286263384959 0
7.65857998887023 6.19722337863812 0
9.06073467562346 6.42486077554509 4
9.57213953007259 7.74941613067491 4
10.974208755413 7.97841004259984 4
11.4843033000352 9.30358797445481 2
12.8863286588671 9.53375380114873 2
13.3946645926284 10.8599197182966 2
14.7966422749456 11.0909377607401 2
15.3030093118123 12.4182660343106 2
16.7049142313075 12.6495938681308 2
17.2094144194327 13.9779987498821 2
18.6112245648457 14.2089075761555 2
19.1142073592772 15.5380983193194 2
20.5159126959382 15.7678361088023 2
21.0178977095983 17.0974066728813 2
22.4194986539432 17.3253617019695 2
22.9211124582452 18.6548636763736 2
24.3226406997575 18.8806167533457 2
24.8245682994019 20.2096236680192 2
26.2261286238004 20.4330247427401 4
26.7290371056349 21.7612376050461 4
28.1308304820257 21.982497252286 4
28.6352583375514 23.3098252154804 4
30.0375357271291 23.5294743091387 0
30.5437592370231 24.8560200955835 0
31.9467032565791 25.0747550063391 0
32.4546541199536 26.4006915457106 0
33.858245849875 26.6191697506632 0
34.3675376637308 27.9446158712066 0
35.7715304114985 28.1633305874305 0
36.2815767623486 29.4883387509955 0
37.6856061134814 29.7076570678638 0
38.1957495622859 31.0323200170737 0
39.5994945274073 31.2526396978787 0
40.1091337675906 32.5771856929153 0
41.5124465826121 32.798938379689 4
42.0211010534253 34.1237372584955 4
43.4240088068891 34.3473181498941 4
43.9313168750097 35.6728026037295 2
45.3339376505369 35.8984902076168 2
45.8396681534214 37.2250297628931 2
47.2421309809191 37.4528798729382 2
47.7462251780704 38.7806572220028 2
49.1486244453941 39.0104238981023 2
49.6512326909795 40.3393729051445 2
51.0536142882378 40.5705194166607 2
51.555100800714 41.9003449304639 2
52.9574721291724 42.1321060288438 2
53.4583682099785 43.4623585887718 2
54.8607146952559 43.6938388172496 2
55.3616433776998 45.0240056551573 2
56.7639447486209 45.2543222962621 2
57.2655366091278 46.5839147954639 2
58.6677972702765 46.8123392246482 2
59.1705926254375 48.1409838524273 2
60.5728750190658 48.3670662881119 2
61.0772162244216 49.6946045945295 2
62.4796612782144 49.9182581387187 2
62.9856438427461 51.2447829169346 2
64.3884524066708 51.4662735811776 4
64.8959244595553 52.7920646165112 4
66.2992687340071 53.0118944946509 4
66.8078576894633 54.3372819353393 3
68.2117602421161 54.5560017631498 3
68.7209203840455 55.881253807466 3
70.1252009132422 56.0993212626964 3
70.6342954166698 57.4246196246825 3
72.0386389100897 57.6423723967988 3
72.5470400999024 58.9678680768675 1
73.9511204447371 59.1856606274883 3
74.458299628125 60.5115451102538 1
75.861894285611 60.7299072389436 5
76.367504427661 62.0564242020358 5
77.7705651484701 62.2760302170995 5
78.2744922845207 63.6034179224909 5
79.6771242693829 63.8249198669978 5
80.1794918165841 65.1533113557734 2
81.5818665257809 65.3771410536615 2
82.0830217504336 66.7064740206449 2
83.4852879898744 66.9327220884973 2
45.1449731521202 0.98851403794322 2
46.5472240293439 1.21692694075542 2
47.0476386914571 2.54719458903263 2
48.4499234174819 2.77724466123341 2
48.9509446870094 4.1073128261568 2
50.3532893260745 4.33827521240163 2
50.8555347939303 5.66769758390316 2
52.2579570081489 5.89872832680282 2
52.7619153628299 7.22713587495801 2
54.1644252281026 7.45744292584206 2
54.6703527371345 8.78463544342716 2
56.0729574399275 9.01364206342503 2
56.5808011460228 10.3396624487014 5
57.9835219499123 10.5670597189063 2
58.4929245450053 11.8921902051565 5
59.8958074634256 12.1179049510032 5
60.4061917798564 13.4425763629713 5
61.8092993791479 13.6666768711073 5
62.3200050209639 14.9913223447844 1
63.7233805469042 15.2139415572383 1
64.2337858585131 16.5388764183621 1
65.6373904804809 16.7601947769336 1
66.1469522832186 18.0855912022996 1
67.5506178557917 18.3058873568375 1
68.0588715394231 19.6318300671016 1
69.462361651334 19.8514524941774 1
69.9689346604508 21.1780293006449 1
71.3720727444824 21.3973803689335 1
71.8768122286378 22.7246984252868 1
73.2795411776069 22.9442851110516 1
73.7826250179549 24.2723938936707 1
75.184990723589 24.4927783176607 5
75.6868545272618 25.8216013277731 5
77.0889505111396 26.0432789248155 5
77.5901774570153 27.3725862943634 5
78.9920913602307 27.5958855570385 2
79.4933236908509 28.9253427861107 2
80.8951187157851 29.1503896763934 2
81.397007590326 30.4796377397503 2
82.7987374991482 30.7063735123861 2
83.301917877567 32.0350836744095 2
84.7036443924715 32.2632830879539 2
85.2086911316151 33.5911846258065 4
86.6104879354919 33.8204258896757 2
87.1177755490872 35.1473518449259 4
88.5197030091566 35.3770796432777 4
89.0292655007511 36.7030287784707 4
90.4313430411106 36.9327469745817 5
90.9428052253258 38.2579148466373 3
92.345009308248 38.4872711492482 5
92.8576913068829 39.8120037831674 1
94.2599751269716 40.0407656936173 1
94.7730659381334 41.3654496699648 1
96.1753859883311 41.5934473268699 1
96.6881201627092 42.9183982519107 1
98.0904590825215 43.1454728280166 1
98.6022121043453 44.4708808630646 1
100.004582163711 44.6968846999705 1
100.514842305667 46.0228445466778 1
101.917257097756 46.2476974464968 1
102.425614643164 47.5742781554861 1
103.828055093777 47.7980111159039 1
104.334418898616 49.1252413156523 1
105.736841791337 49.3480522704416 1
106.241453528553 50.6759118351152 1
29.9622645519533 50.8980632829671 1
30.4655689533049 52.2264507126428 1
31.8679112165433 52.4481979339897 1
32.3704478253438 53.776910505875 3
33.7727636207107 53.9985104995889 3
34.2751087634747 55.3272712049444 3
35.6774043179684 55.5489960838728 3
36.1801550182632 56.8775225870174 0
37.5824223892476 57.0996826600798 0
38.0861836217257 58.4277557798565 0
39.4883911215829 58.6507242623466 0
39.9937119926491 59.9782202292926 0
41.3957810421427 60.2025281437198 0
41.9029277954581 61.529535899553 0
43.3048919621035 61.7549625730779 0
43.8139646656321 63.0814455152823 0
45.2158642662784 63.3079015355854 0
45.7267495419391 64.633878887923 0
47.1286952709098 64.8612368439438 0
47.6413440180407 66.1866559188826 0
49.0432679848498 66.4149028537997 0
10.7159320357103 0.465826279627334 3
12.1178612009449 0.694736302417644 3
12.6313430999427 2.01981476360263 3
14.0332682792777 2.24915669175836 3
14.5460832620239 3.57441609406713 3
15.9479734224309 3.80395994285585 1
16.4594647443685 5.12965023580242 1
17.8612870189873 5.35914248837422 1
18.3709051240882 6.68550270333281 5
19.7726404243657 6.9146288649603 5
20.2801555654667 8.24179245898293 5
21.6818210428596 8.47014401759686 1
22.1873582880288 9.79808435055254 1
23.588994871948 10.0252732507496 1
24.092935838023 11.3538291113131 1
25.494580486186 11.5796231025287 1
25.9974545931216 12.9085367277602 1
27.3991401545331 13.1328332977832 3
27.9015441502818 14.4617764456512 3
29.3033230247921 14.6845772761288 3
29.8058888944716 16.0132173203658 3
31.2078505143156 16.2346914536358 0
31.7112126988737 17.562783260211 0
33.1134759327738 17.7833094917833 0
33.6182019371646 19.1107592986046 0
35.0208542239891 19.3309003183171 0
35.5273328243512 20.6577437494763 0
36.9303382092393 20.8781314681022 0
37.4386784386763 22.2044360910137 0
38.8418514790961 22.4256081865547 0
39.3518807155292 23.7513803728028 0
40.7549834181782 23.9736785791582 0
41.2662755657695 25.2988829627914 0
42.6691268300484 25.5225211030038 0
43.1810921971624 26.8472010286034 0
44.5836358194521 27.0723169946169 0
45.0956682891651 28.3966694774102 0
46.4979673561019 28.6233052110718 0
47.009483220826 29.9476780179959 4
48.4116378714964 30.175800660657 4
48.9220724967402 31.5006313235396 4
50.324157043519 31.7301305894398 4
50.8330184404276 33.0558388721513 2
52.2350602719614 33.2864804679137 2
52.7420347836907 34.6133390910122 2
54.1440224561843 34.8446968100931 2
54.6490824421449 36.1727279053333 2
56.0509925088374 36.4041381426174 2
56.5543925830907 37.7331195697619 2
57.956205994697 37.9637970642421 2
58.4584000636579 39.2933496596281 2
59.8601067718107 39.5225595364876 2
60.3616806044788 40.8522338272219 2
61.7632861449061 41.0794167161054 2
62.2649060039797 42.408755044291 2
63.6664699693562 42.6335752998656 2
64.1688195355312 43.9622013879807 4
65.5704950299488 44.1846620593495 4
66.0741728385332 45.5123857386288 4
67.4762002771092 45.7328546730247 4
67.9815913896021 47.0597101435755 4
69.3842149307996 47.2788209516793 0
69.8913866175382 48.604983399582 0
71.2947087949573 48.8234320181877 0
71.8033909086147 50.1490722526967 0
73.20727795994 50.367437649152 0
73.7169445474844 51.6926486944776 0
75.1210743089388 51.9113403536159 0
75.6310746650771 53.2361937962323 0
77.0350791235045 53.4555776021492 0
77.5447693178517 54.7802368708172 0
78.9483911045051 55.0007566663618 0
79.4572376637102 56.3255245641233 4
80.8604098524325 56.5476437028804 4
81.3680141739828 57.872924237699 4
82.7708154003122 58.0970400105725 2
83.2769120784275 59.4232317570338 2
84.6794775961567 59.6495671953453 2
85.183957849187 60.9769337804135 2
86.5864107042712 61.2054302536954 2
87.0893592634089 62.5340060813796 2
88.4917771980697 62.7642835023481 2
88.9934876030767 64.0938603531284 2
90.3959004014522 64.3252694970834 2
90.8968526157026 65.6554522265366 2
92.2992581825681 65.887155028545 2
92.8000516781308 67.2174474957885 2
55.3616488828783 0.17431881799066 2
55.8629197915841 1.50421351217323 2
57.265268111584 1.7338446330787 2
57.7675929190616 3.06291075667305 2
59.1699348375929 3.29046449522029 2
59.6737247085029 4.61844593657754 2
61.0761495919848 4.84362352178068 2
61.581576199611 6.17051049496333 2
62.9842442092867 6.39337719652519 2
63.4912304258886 7.71938868849097 2
64.8943287069773 7.94031272304975 4
65.4025745132776 9.2657859875255 5
66.8062113630019 9.4852871841925 3
67.3152382265044 10.8105399987361 3
68.719342065816 11.0291177565646 3
69.2285516462645 12.3543788355693 3
70.6328716863812 12.5724192655929 3
71.141632734462 13.897845119799 1
72.5458421142389 14.115659762685 1
73.0535792196654 15.4414079688582 1
74.4573959783612 15.659407894523 1
74.9636727061965 16.9856871501152 1
76.366957355673 17.2044747230556 5
76.8715523425302 18.5315216444999 5
78.2743389522566 18.7517873037287 5
78.7772779118631 20.0797845167904 5
80.1797155110359 20.3021169621636 2
80.6812713904711 21.6310857254109 2
82.0835263682212 21.855789724589 2
82.5841822272063 23.1855389660863 2
83.9863762365397 23.412570000268 2
84.4867428054815 24.7427393396926 2
85.8889475577954 24.9717416215055 2
86.3896913402324 26.3018864414102 2
87.7919457661042 26.5322668609918 2
88.293715410381 27.86193647705 2
89.6960451435229 28.092928272944 2
90.1993988122619 29.4217203736688 2
91.6018215819148 29.6524926058448 2
92.1071265572731 30.9801272279357 2
93.5096489066309 31.2099834587898 2
94.0169787506398 32.5363970323071 2
95.4196073614967 32.7648873356818 5
95.9287115911844 34.0902681186757 5
97.3314692922655 34.3171910035406 5
97.8418260220684 35.6419254034836 1
21.5631867791494 35.8672612102207 5
22.0741282733382 37.1918043046282 1
23.4772828928904 37.4156194618055 1
23.9881423242638 38.7403520430768 1
25.3915361596794 38.9627589114127 1
25.9017323229856 40.2879144887756 1
27.305282677181 40.5090926148918 1
27.8143208069997 41.8347817840295 1
29.2178304603138 42.0550431403397 1
29.7253003883239 43.3813346380543 1
31.1285610730412 43.6010507315127 1
31.6342047550189 44.9280368485526 1
33.0371011670934 45.1476477433038 1
33.5409755356923 46.4753968383619 1
34.9435028665594 46.6954233997501 5
35.4459600418805 48.0239103507033 5
36.8481862881356 48.2448753161141 5
37.349761280624 49.5739321610854 5
38.7517686646414 49.7962518388414 5
39.253080814015 51.1255850752843 2
40.6549315305435 51.349507288843 2
41.1566195156461 52.6787727806078 2
42.5583588799523 52.9043757462738 2
43.0610502766496 54.233250620644 4
44.4627322284615 54.460432055258 2
44.9670247814589 55.7886378183302 4
46.368722070448 56.0171189563012 4
46.8750945329257 57.3444517925817 4
48.2768861680554 57.5737644543049 4
48.7855433362555 58.9001501898521 4
50.1874822567498 59.1297736363019 4
50.6982475249698 60.4553127950713 3
52.1003380049254 60.684836147229 3
52.6126658271737 62.0097974878891 3
54.0148695478767 62.2389441981498 1
54.5279990588092 63.563686343682 1
55.9302555652002 63.7922674271851 1
56.443365710897 65.1171382624917 1
57.8456324015866 65.3449833629993 1
58.3580205411498 66.6702251191962 1
59.7602891541807 66.8971602247242 1
21.430602126796 0.948692835466953 1
22.8328913461458 1.17457070431204 1
23.3422154450099 2.50090611896893 1
24.744535728959 2.72565913600868 1
25.2518378185052 4.05263810149759 1
26.6541735268171 4.27632238592227 1
27.1595700009406 5.60394657209453 1
28.5618967349533 5.82677188407785 1
29.0657674860239 7.15497412123306 1
30.4680799692985 7.37716821763895 1
30.9709356921529 8.70578375952841 1
32.373243456929 8.92757410656523 3
32.8756455089311 10.2563495347371 3
34.277959425966 10.4779807860105 3
34.7804903753852 11.8066293806185 3
36.1828138471013 12.0283877455259 0
36.6860658214385 13.3566678101427 0
38.0883850556547 13.5788934462464 0
38.5929261261036 14.9066599998212 0
39.9952029869515 15.1297127221002 0
40.5015063250665 16.4569114354074 0
41.9036915127294 16.6810896434803 0
42.4120402906276 18.0077162176648 0
43.8141094821624 18.2331431238386 0
44.3244893266407 19.5592195656994 0
45.7264612524243 19.7858257873946 0
46.238523229813 21.111415458769 0
47.6404414129524 21.3390551187665 0
48.1535542657302 22.664286621635 0
49.5554597802389 22.8927726883272 3
50.0689184992269 24.2178251477944 3
51.470825431595 24.4469524013142 3
51.9839315682977 25.7720551000674 3
53.3858243499225 26.0016138205584 3
53.8979024070979 27.3270304395155 5
55.2997492209815 27.5567870522014 1
55.8101832143846 28.8827891927684 5
57.2119498274301 29.112464754909 5
57.72034396171 30.4392620466752 5
59.1220215881048 30.6684616049851 5
59.6283483084206 31.9961003747396 1
61.02996191977 32.2243610187048 1
61.5344958016461 33.5527234515016 5
62.9360845589752 33.7796641262703 1
63.4392979165941 35.1085169187614 5
64.8408947932209 35.3339298392284 5
65.3433630244655 36.6629578536522 3
66.7450114484816 36.8867490038108 3
67.2473618836677 38.215600327468 3
68.6491394527428 38.4378251613465 3
69.1520192636803 39.7661980519353 0
70.5540487300862 39.9871241789396 0
71.0580695489955 41.314853371496 0
72.4604857871425 41.5349719406429 0
72.9661277211362 42.862047835624 0
74.3689860513868 43.0819943056213 0
74.8764785393525 44.4084904616564 0
76.2796693658811 44.6288895101039 0
76.7889372894249 45.9548524457247 0
78.1922202798142 46.1761681967524 0
78.7029287009147 47.5015706016415 0
80.1060569464598 47.7240919501502 0
80.6176525881649 49.0489284403506 0
82.020474632467 49.2728613890374 0
82.5323424582928 50.5972612269565 0
83.9348535898004 50.8227328641098 0
84.4464104695065 52.1469927836066 4
85.8487013585696 52.374041243259 4
86.3593908358644 53.6985834884152 4
87.7615612346556 53.9271696099789 4
88.2708724024436 55.2524474542869 2
89.6729847613835 55.482419144607 2
90.1805355396401 56.8087861497938 2
91.5826048259084 57.0398252820885 2
92.0882491707611 58.3674154391195 2
93.4902607894627 58.5989668409603 2
93.9941428704493 59.9276483620977 2
95.3960751440979 60.1589520464483 2
95.89857477293 61.4883917915963 2
97.3004093994224 61.7186397188421 2
97.8020642419992 63.0483966360483 2
99.2037907156264 63.2768957847211 2
99.705235908504 64.6064979376373 2
101.106876449168 64.8327491441715 2
101.608793908791 66.1617630976082 2
103.010449417659 66.385556449994 4
64.6726874805064 0.439485304051652 3
66.0745607237668 0.660985606642694 4
66.5791443376934 1.98820379133759 4
67.981497729589 2.20792278882092 4
68.4877901684399 3.53437797150768 0
69.8908011483354 3.75304028614037 0
70.3987217777209 5.07891634708331 0
71.8023866962751 5.29719234380299 0
72.3115334407932 6.62262176978113 0
73.715620626524 6.84099354105719 0
74.2253859555895 8.16605212374508 0
75.629535822322 8.38486547705032 0
76.1392546735698 9.70966413265623 0
77.5431374310469 9.92928856755199 0
78.052200586172 11.25405961981 0
79.4556509706924 11.4749035885404 4
79.9635747796866 12.8000316028165 4
81.3665900167689 13.0226322752955 4
81.8730663791861 14.3485191215249 2
83.2757601139479 14.5732685077931 2
83.780639875807 15.9002350515232 2
85.1831524447407 16.1272731106437 2
85.6864652688849 17.455447842429 2
87.0889063080281 17.6845847102857 2
87.5908817314361 19.0138534046212 2
11.3117401151855 19.2445821719942 2
89.4943700788134 20.5746172733214 2
13.2152313327852 20.8061953538643 2
13.7159440506678 22.1365331419129 2
15.1183704600934 22.3680740244433 2
15.6193726984118 23.6982016340564 2
17.0217816076024 23.9288078909937 2
17.5236807031464 25.2582536540271 2
18.9260777626331 25.4871641717305 2
19.4293542663726 26.8155865291731 2
20.8317887652102 27.0423068470429 2
21.3367017000828 28.3695855765334 2
22.7392872019469 28.5939667591462 2
23.2458351920906 29.920233160025 2
24.6487406033145 30.142458400755 2
25.1566799124984 31.4680275826644 5
26.5600598803895 31.6885124120376 5
27.0689592454342 33.0137438853789 5
28.4728442305325 33.2329828228452 3
28.9821458228758 34.5581646548015 1
30.3863766285556 34.7765980930188 3
30.8954589282355 36.101923080113 1
32.2997395981472 36.3198895974563 1
32.808000717661 37.6455036323542 1
34.2120173115053 37.8633434785249 1
34.7189551268275 39.189417664265 1
36.1224873083465 39.4076358242289 1
36.6277824568519 40.7343842530977 1
38.0307763418731 40.9536503071724 5
38.5343534444196 42.2812751966764 5
39.9369095820221 42.5022639008739 5
40.4389551228548 43.8308548307824 5
41.8412395469247 44.0540489337505 2
42.3421791873973 45.3834976923243 2
43.7443378607921 45.6090604202184 2
44.244752283836 46.9390687269437 2
45.6468822252126 47.1668312506579 2
46.1474292161277 48.4969849932047 2
47.5495871958378 48.7265042545096 2
48.0509324422406 50.0563573850575 2
49.4531541869974 50.2869825999357 2
49.9559045643999 51.616117868084 2
51.3582183306223 51.8470493685694 2
51.8628395719138 53.1751308827757 2
53.2652604988475 53.4055894313937 2
53.7719560049961 54.7324551056348 2
55.1744864790215 54.9618589220409 2
55.683132864624 56.2875906338988 5
57.0857788417557 56.5156099662339 5
57.5959434058426 57.840521280915 5
58.9987268018031 58.0670385546994 1
59.5097660794386 59.3915743658542 1
60.9127255493808 59.6165951671893 1
61.4239379867581 60.941184603931 1
62.8271099316145 61.164762353958 1
63.3378628722757 62.4897065098885 1
64.7412311677657 62.7119422193366 1
65.2509946427584 64.0373963603529 1
66.6544374195146 64.2584931274615 1
67.1627658284643 65.5845285987981 1
68.5660818663454 65.804831896167 1
69.0726390611452 67.131521486122 1
31.6348833352065 0.0772101410017064 1
32.1395982610911 1.40462763981068 1
33.5422821101084 1.6245859419385 1
34.0454066424455 2.95274392200779 1
35.447778135254 3.17326401523757 5
35.949783712662 4.50205567002195 5
37.3519135176515 4.7235957590645 5
37.8533868440333 6.05277869657924 5
39.2553378949922 6.2756661462908 2
39.7569048346492 7.60491641509353 4
41.1587206074135 7.82932566288726 4
41.6610164218184 9.15831258365714 4
43.0627379868794 9.38427763646895 4
43.5663870452082 10.7127106230467 4
44.9680703773487 10.9401218697491 4
45.4736281822218 12.2677760896491 4
46.8753491716829 12.4963343839929 4
47.3831615184222 13.8230860358648 4
48.7849913665769 14.0523295151909 4
49.2950601189982 15.3782056468218 4
50.6970317280453 15.6076876297596 3
51.2089427540342 16.9328880447817 3
52.6110399818272 17.1622700800525 3
53.1240804977421 18.4871173150982 3
54.5262545972129 18.7161522761363 1
55.0396040745104 20.0409925153656 1
56.4418001018722 20.2694858653355 1
56.9547038282288 21.5945958748685 1
58.3568889003464 21.8223623021455 1
58.8687242148441 23.1479149845074 1
60.2709017850012 23.3747704720928 1
60.7811393595559 24.7008713100799 1
62.1833307478686 24.9266778652512 1
62.6915863786947 26.2534081303195 1
64.0938023197806 26.4781006767886 1
64.6000480807639 27.805483424111 1
66.0022819988721 28.0291502271546 1
66.5068069924636 29.3571479655952 1
67.9090505396483 29.5799828982964 1
68.4123269029359 30.9084675107016 1
69.8145857630671 31.1306645796094 1
70.317160180702 32.4594112093558 3
71.7194467588881 32.6811796886828 3
72.2218940766914 34.0099040200494 3
73.6242201695922 34.2314962622666 3
74.1271308031028 35.5599289198872 0
75.5294979602612 35.7816679086052 0
76.0334565968362 37.1096257903878 0
77.4358399492153 37.3318970895562 0
77.9413656623681 38.6593040778358 0
79.343707713495 38.8824889418283 0
79.8511642258668 40.2093386939976 0
81.2534026096836 40.4337070350215 0
81.7629009735055 41.7600144701062 0
83.1650094986086 41.985630357857 0
83.6763478012054 43.3114232259458 0
85.0783473870093 43.5382088520782 0
85.5910045711017 44.8635693580154 0
86.9929407680894 45.0913898303516 0
87.5062476261068 46.4164594483094 0
88.9081612285739 46.6451325957185 3
89.4214267856 47.9701189772959 3
90.8233305649898 48.1994469866285 3
91.3358721985252 49.524615781224 3
92.7377497344622 49.7543845058173 3
93.2489177050921 51.0800298510006 5
94.6507355731277 51.3099873996624 5
95.1600086844095 52.6363800544391 5
96.5617372200045 52.8661809957997 5
97.0689197990159 54.1934543824827 5
98.4705601177887 54.4226184623386 1
98.9757998233202 55.7507167493854 5
100.377381154328 55.9787501932826 5
100.881069357056 57.3074700505121 5
102.282626174336 57.5340214466732 5
102.785302819305 58.8630654920062 5
104.1868708246 59.0879416263317 3
104.689152269704 60.4169519470024 3
106.090794894493 60.6400912272545 3
106.593336761894 61.9687212660192 0
107.995167298708 62.1902603510755 0
108.498618453903 63.5182705605704 0
109.900796273122 63.7385821465714 0
110.405723870473 65.0658948275026 0
111.808393250953 65.285522522049 0
112.315153385139 66.6121856994565 0
113.718400830446 66.8316809828157 0
75.3851290803444 0.883998701524453 0
76.7883412651749 1.1045469853548 0
77.2983269203868 2.43031568184342 0
78.7015027579424 2.65284937569787 0
79.2129352303739 3.97764710420644 0
2.93449016831347 4.20030978822832 0
3.44623713809969 5.52475301162613 3
4.84901538583338 5.7489403359391 0
5.3605770261481 7.07314146596443 0
6.7630554706368 7.29896666516287 0
7.27392448291628 8.62328728190841 4
8.67620993439978 8.85077396822924 4
9.18588348354687 10.1756705757131 4
10.5880698184807 10.4047480552169 2
11.0961272257353 11.7306345817514 2
12.4982638179765 11.961079099464 2
13.004467108648 13.2881913724307 2
14.4065594083409 13.5195705009472 2
14.9109393867444 14.8478826392442 2
16.3129713080801 15.0795165659125 2
16.8158213123081 16.4087618979623 2
18.2177711988685 16.6398289599112 2
18.7195726300558 17.9695912161083 2
20.1214211411919 18.1992942565351 2
20.6227743683457 19.5290965000175 2
22.0245163164894 19.7567971483795 2
22.5260905291385 21.0861685294078 2
23.9277774006811 21.3114650330572 2
24.4302353878083 22.6400353583007 2
25.8320147643243 22.8628764946919 4
26.3358950366111 24.190483150922 4
27.7380104042966 24.4111970303978 4
28.2436111690811 25.737913933934 4
29.6463154306977 25.9571102470071 0
30.153624466527 27.2831474713834 0
31.557028839767 27.5015080061201 0
32.0657205643762 28.8270669455624 0
33.4697017771077 29.0451626163283 0
33.9792133319551 30.3703683806072 0
35.3834571628749 30.5886014609404 0
35.8931221643569 31.913553218099 0
37.2972583014639 32.132282753933 0
37.8064357001951 33.4571568156104 3
39.2101878995164 33.6768477946067 0
39.7183616029207 35.0019393381578 4
41.121638219618 35.2231259793354 4
41.6284528691117 36.5488098332487 4
43.031321264511 36.7719838493658 2
43.5365798351191 38.0986144029512 2
44.93918101664 38.3240875208484 2
45.4428587277407 39.6518760002387 2
46.8453299241147 39.8796586415124 2
47.3475938515054 41.2085900683266 2
48.7500269537272 41.4383477101877 2
49.2512374275487 42.7681767546274 2
50.6536730315811 42.9992872489497 2
51.1543545252892 44.3295985998735 2
52.5567984651434 44.5612462907939 2
53.0575744368873 45.8915403753045 2
54.4600192242062 46.122814937033 2
54.961518199718 47.4525958886012 2
56.3639597316352 47.6826412353732 2
56.8667166403047 49.0115039448941 2
58.2691770547592 49.2396607321657 2
58.7735363451401 50.5673831431583 2
60.1760853449362 50.7933023850317 2
60.6821327671969 52.1199111115496 2
62.0849002904758 52.3435838719683 2
62.5924612473082 53.669334577764 5
63.9956070514467 53.891033022336 5
64.5042974580174 55.2162974604083 5
65.9079245438021 55.4364524061856 3
66.417224061213 56.7615750834005 1
67.8212794296043 56.9806419250575 1
68.3305932094672 58.3058662494393 1
69.7348482043379 58.5242308051517 1
70.2435672428626 59.8497162023881 1
71.6477101788877 60.06769594602 1
72.1552865277493 61.3935863817069 1
73.5590423636011 61.6115787044878 1
74.0650679726203 62.938057404998 1
75.4682948238202 63.1566485787896 1
75.9725826056412 64.4839191249079 5
77.3753090621238 64.7038005298233 5
77.8779408100549 66.0320032898819 5
79.2803082626784 66.2537854293509 5
40.9408510242099 0.308679937153759 2
42.3430183791192 0.532718271064342 2
42.8435858151329 1.8625023456108 2
44.2456745074772 2.08882681452316 2
44.7461272376531 3.41891315144002 2
46.1482136602605 3.64725684253267 2
46.6492288938409 4.97721015309932 2
48.051359940855 5.20706821554317 2
48.5535793404065 6.53646460113499 2
49.9557907749249 6.76714437079956 2
50.4597592013862 8.09561525946907 2
51.8620778717231 8.32632518229439 2
52.3681241654221 9.65363027497844 2
53.7705574672016 9.88368471970609 2
54.2786879242039 11.20980186878 5
55.6812321898318 11.438744386025 5
56.1911200710596 12.7638978751528 5
57.5937785015456 12.9915009403819 5
58.1048306602479 14.3160976741472 1
59.5076227646593 14.5422912475342 1
60.0191202029891 15.8667855449266 1
61.4220798429329 16.0915681860266 1
61.9333360474452 17.4163237837979 1
63.3364843035076 17.6397284920876 1
63.8469258217636 18.9649563397728 1
65.2502153075331 19.1870841764775 1
65.7593656508245 20.5128771305362 1
67.1626482115453 20.7339742593466 1
67.6701180909634 22.0603909080198 1
69.073215481615 22.280824674199 1
69.5788185529253 23.6079322581121 1
70.9816235895555 23.8281049145222 1
71.4855016421855 25.1559363632027 1
72.888004843077 25.3763086030765 1
73.3905552823695 26.7048082991358 1
74.7928069189014 26.9258456768048 5
75.2945749784836 28.2548274603476 5
76.6966335313668 28.4769143765082 5
77.1982238137616 29.8060870644268 4
78.6001300766662 30.0294835124269 4
79.1021676288804 31.3585224018137 4
80.5039521142651 31.5833663146654 4
81.007064454792 32.9119746657401 4
82.4087666472332 33.1382830337203 4
82.9135455714369 34.4662227251111 4
84.3152274993382 34.6938602171621 4
84.8221321118897 36.0209734680249 4
86.2238720371077 36.2496024921585 4
86.733072846994 37.5758517236071 4
88.134932186341 37.8050356436073 4
88.6462073391084 39.1305396252372 3
90.0482001671822 39.3599036560201 3
90.5609466687305 40.6849251408118 3
91.963042314416 40.9141810243911 3
92.4764639231414 42.2390477432216 1
93.8786066207382 42.4679718325993 1
94.3919050584227 43.7929833643649 1
95.794042621923 44.0213796728216 1
96.3065340973658 45.3467496129642 1
97.7086451129115 45.574418696865 1
98.2197533728706 46.9002819342246 1
99.6218509885031 47.1270372134793 1
100.131088722883 48.4535014699726 1
101.533195256527 48.6792017474195 1
102.040376429217 50.0063212396688 1
103.442508322403 50.2309127706204 1
103.947798774366 51.5586764634606 1
105.349957989682 51.7822685552638 1
105.853773543199 53.1105833703844 1
107.255963166044 53.3333379308075 1
107.758831306338 54.6620104276048 1
109.161063248677 54.8840958304983 3
109.663553472924 56.2128529460256 3
33.3842745877872 56.4344756515586 3
33.8869789595517 57.763025775321 3
35.2893445586232 57.9844660971138 0
35.7928701718631 59.3125771182091 0
37.1953076154738 59.5342067999328 0
37.7002479882203 60.8617446070865 0
39.1027051353686 61.0840410980237 0
39.6095390191876 62.4109341400709 0
41.0118082000962 62.6349861216828 0
41.5202982746353 63.9616572472397 0
42.922461363497 64.1863749970294 0
43.432244063574 65.5126954725599 0
44.8345058265449 65.7382627039863 0
45.3466108708429 67.0637825083034 3
7.90788802190438 0.0164459677031559 0
8.42094739643244 1.34156977601864 0
9.82291399202783 1.56955756698749 0
10.3362128171933 2.89447591575111 0
11.7381409961156 3.12335608913924 3
12.2510061669151 4.44832112765217 3
13.6529113061091 4.67788509330541 3
14.1646806414418 6.00320312797239 5
15.5665450530285 6.23321913053713 5
16.0766282200777 7.55920109461532 5
17.4784170796048 7.78937430453845 5
17.9864548977452 9.11624170065083 5
19.3881471958985 9.34612791807806 5
19.8941411223192 10.6739066027899 5
21.295746008088 10.9029570563313 5
21.7999853672279 12.2314895472459 5
23.2015320308733 12.4592104188228 5
23.704497915864 13.788219615822 5
25.1060168198036 14.0142960400953 5
25.6082990551677 15.3434314576752 5
27.0098372056372 15.5676925700517 3
27.512083563406 16.8965802722116 4
28.9137322999694 17.1190353933334 0
29.4166043016606 18.4473715962439 0
30.8185139010821 18.6682790619078 0
31.3226201685047 19.995913418349 0
32.7249655851746 20.2157893607348 0
33.2307573992898 21.5427338279856 0
34.6336310863374 21.7622459048245 0
35.1412753432832 23.0885901343373 0
36.5445867605105 23.3083863591692 0
37.0539270080663 24.634185582225 0
38.4574231982394 24.8547589798653 0
38.9680499502183 26.1799944808376 0
40.3714358537486 26.4016788587695 0
40.8827580975646 27.7263624543471 0
42.2858297474008 27.9494161933359 0
42.7972264688145 29.2737080999464 0
44.1999443873738 29.4983359409442 0
44.710854334269 30.8225676431566 4
46.1132992179151 31.048890126006 4
46.62320845856 32.3735109110201 4
48.0254907480223 32.6015525940834 4
48.5339497045971 33.9270203168104 2
49.9361524285369 34.1566632113995 2
50.4428551719574 35.4833036313559 2
51.8450141906339 35.7142325998418 2
52.349885084555 37.0421317428122 2
53.7519996381552 37.2737865040019 2
54.255232715004 38.6027661882843 2
55.6572854882693 38.8343687554505 2
56.1592954204038 40.164057427195 2
57.5612637843249 40.3947591096904 2
58.0626097866167 41.7246869355197 2
59.4644745910324 41.9537275357485 2
59.9658002522998 43.2834053002855 2
61.3675743745588 43.5102164061304 2
61.8695505852784 44.8392102162995 2
63.2713256847773 45.063522889914 2
63.7745403421639 46.3915678106956 2
65.1765133074958 46.6134953411898 4
65.6813525963362 47.9405710047142 4
67.0837876581492 48.1605812968493 4
67.5903557796877 49.4868664846172 4
68.9934536782898 49.7056195833085 0
69.5015475004682 51.0313512422463 0
70.9053101600623 51.2494834680549 0
71.4144522081012 52.574842256176 0
72.8186535463963 52.7928333554135 0
73.3282035532324 54.1179338614189 0
74.7324862552206 54.3361362051525 0
75.2417760677071 55.6611130054821 3
76.645797407223 55.8799270253981 3
77.1542446988557 57.2050144281367 3
78.5578070232289 57.4249682076 4
79.0649882733694 58.7504985818109 4
80.4680796390816 58.972156746697 4
80.97374524973 60.2984896636806 2
82.3764798478037 60.5223163236274 2
82.8805549498106 61.8497234003085 2
84.2830845038505 62.0759329376035 2
84.785681000886 63.4044923417282 2
86.188129578407 63.6329543598813 2
86.6895509416401 64.9625106182744 2
88.0919894849745 65.1927585937067 2
88.5927125153964 66.5229583295252 2
89.9951654658683 66.7542804882843 2
51.6550054827943 0.810438780348151 2
53.0574734950159 1.04197050525702 2
53.5586405489323 2.37200848076081 2
54.9611192978213 2.60284655207511 2
55.4634037279165 3.93210257674768 2
56.8658995237253 4.16146363354333 2
57.3697226816613 5.48963021741384 2
58.7722716752406 5.71698677545556 2
59.2778103590798 7.04398366942464 2
60.6804986733021 7.26913653658463 2
61.1876579526241 8.59513369641971 2
62.5906206847788 8.81819190206135 5
63.09906941147 10.1435380707082 5
64.5024402574254 10.3648254658744 5
65.0116890975713 11.6899067068745 1
66.4155066511995 11.9098393944935 1
66.9249862403039 13.2349578968931 1
68.3291181956732 13.4539460271732 1
68.838231002062 14.7792958559997 1
70.2424044108335 14.9976779675808 1
70.7505801670161 16.323394239979 1
72.1544961523264 16.5414967636642 1
72.6612621527281 17.8677289090221 1
74.0647072279041 18.0860207710143 1
74.569770861486 19.4129564783987 1
75.9726901375473 19.6320776875755 5
76.4760152350168 20.9598866593021 5
77.8785007527743 21.180509296123 5
78.3803434757828 22.5092366923894 2
79.7825478519464 22.7318762502528 2
80.2833977451388 24.0613727395911 2
81.6854604561 24.2862554109809 2
82.1859391613335 25.6162000418478 2
83.5879572803281 25.84324524981 2
84.0887416133999 27.1732240050784 2
85.4907762529207 27.4020858040134 2
85.9925318024953 28.7316737021215 2
87.3946269235043 28.9617976665731 2
87.8979530346853 30.2906091537304 2
89.3001477815273 30.5212680509282 2
89.8054902914507 31.8490053759254 2
91.2078065616451 32.0794533388961 2
91.715315872037 33.4059970168343 2
93.1177527427734 33.6356591528792 5
93.6272288466687 34.9611306556536 5
95.0297774163978 35.1896624939358 5
95.5407106689418 36.5144021451781 5
96.9433710281608 36.7416482576209 1
97.4550563753185 38.0661068960124 1
98.8578453754769 38.2920135507313 1
99.3695479175773 39.6166061782051 1
23.0909236822919 39.8411533384545 1
101.28357820702 41.1661567434304 1
25.0051126864504 41.3893683106201 1
25.5150656158963 42.7149147069373 1
26.9182517681076 42.9369147139495 1
27.4266403926875 44.2630647632427 1
28.829752649904 44.4841543804359 1
29.336289309869 45.8109665349099 1
30.7391868670422 46.0315218967733 1
31.2438952057758 47.3590361706192 1
32.6465227955494 47.5794693728475 1
33.1497178318694 48.9076657521306 1
34.5520971217932 49.1284210657904 1
35.0542766917115 50.4571665703145 1
36.4564564165247 50.6786546170474 5
36.9582027371247 52.0076979058218 5
38.3602210855577 52.2302427073424 4
38.8621473838572 53.5592715312702 4
40.2640251148413 53.7831060939534 4
40.7667508859694 55.1118217409216 4
42.1685051981591 55.3370963875542 4
42.6726136603997 56.6652697307652 4
44.0742908692067 56.8919457747892 4
44.5802909662494 58.2194032123708 4
45.9819663285249 58.447270731564 4
46.4901669782507 59.7739248962847 4
47.8919216157906 60.0026103201105 4
48.4023028848207 61.328500695306 0
49.8041902201161 61.5576112875309 3
50.3163502708444 62.8829122675901 3
51.7183703516216 63.1121493677629 3
52.2316307200267 64.4371307278475 3
53.6337247053907 64.6662718784258 1
54.14723786221 65.9912502120123 1
55.5493443684459 66.2200880915058 1
17.2215707566204 0.271102451346507 1
18.623646046823 0.499430008165475 1
19.1355212647488 1.825078898967 1
20.5375577182599 2.05268204837912 1
21.0477429229945 3.37888392375215 1
22.4497590846875 3.60557178080829 1
22.957904859912 4.93242309048609 1
24.359929754891 5.15803894298723 1
24.8660585793831 6.48555796880815 1
26.268114269836 6.71007033234732 1
26.7725515371782 8.03819724187309 1
28.1746463031978 8.26171398976985 1
28.6778857408416 9.59029174680178 1
30.0800309102373 9.81294261059761 1
30.5826289665149 11.141721982912 3
31.9848426984083 11.363667993931 3
32.4873818882893 12.6923537466782 3
33.8896888474296 12.9138281012817 3
34.3927669850873 14.2421575928211 0
35.7951874358681 14.4635005183254 0
36.2993879371239 15.791315215201 0
37.7019087159993 16.0129643276563 0
38.2077245609241 17.3402233081557 0
39.6102753487816 17.5626336991068 0
40.1180090278343 18.8893601095073 0
41.5204858704355 19.1128826623212 0
42.0301767575498 20.4390962280593 0
43.432502213594 20.6638791964991 0
43.9438965695723 21.9895856258314 0
45.3460528975367 22.2156359908874 0
45.8586218714102 23.5408898473891 0
47.2606452882199 23.7681405488693 0
47.7737483697634 25.0930729394027 0
49.1756987426287 25.3213844782402 0
49.6886714115536 26.6462217642019 3
51.0905904994247 26.8754211630801 3
51.6027648152489 28.2004703368094 4
53.0046574815562 28.430358495863 5
53.5154052017779 29.7559580322021 5
54.917246073256 29.986283456401 5
55.426082611145 31.312726912219 5
56.8278372792145 31.5431158456177 5
57.334602086272 32.8705252716357 5
58.7362573703472 33.1004339558907 5
59.2411193514096 34.4287178400992 5
60.6426895923755 34.6575580299942 5
61.1460494048919 35.9864687871079 5
62.5475609490013 36.2137764316313 5
63.0499679362728 37.5429762943526 5
64.4514540610012 37.7684662042662 5
64.9535400811288 39.09756885256 4
66.3550694709296 39.3211166520889 4
66.8575036264771 40.6497649933582 4
68.2592057455029 40.8714817480206 0
68.7626350864653 42.1994454769998 0
70.1646975408386 42.4197297092137 0
70.6696586105984 43.7469552374435 0
72.0722490896467 43.9664305908233 0
72.5790358345789 45.2929947945071 0
73.9821780529823 45.5123478675557 0
74.4907503202912 46.8383439178884 0
75.894267846783 47.0581640075107 0
76.4042929095855 48.3836131123517 0
77.8078832089377 48.6043130203394 0
78.3188228130848 49.9292017110473 0
79.7221960343933 50.1510943798375 0
80.2334155813225 51.4755139719977 0
81.6364261714118 51.6988647960088 0
82.1473388251574 53.0230795419746 0
83.5500051525174 53.2480962678111 4
84.0600927328069 54.5725175980663 4
85.462518461687 54.7993185010839 4
85.9713208029062 56.1244176667869 2
87.3736138553163 56.3529937019655 2
87.8807789537814 57.6791676060113 2
89.283010247182 57.9093189269254 2
89.788377956254 59.2367596183924 2
91.1905718890993 59.468055238764 2
91.6942346795054 60.7966885677366 2
93.0963857402343 61.0284451564433 2
93.5986794142967 62.3579643598506 2
95.0007677979144 62.5893380021615 2
95.5022031754072 63.9192968132657 2
96.90420458405 64.1494419554598 2
97.4053955516573 65.4793440624364 2
98.8072975663593 65.7075541506771 2
99.3089057850766 67.036925221573 2
100.710751759345 67.2627327883389 2
62.3726099743192 1.31700780925045 2
63.7745390901807 1.5402992318341 2
64.2786643624615 2.86778122359754 4
65.6809126309598 3.08883416343443 4
66.1867076992738 4.41542988752886 4
67.5895151549239 4.63483181439375 4
68.0969142720527 5.96077810455298 0
69.5003943383818 6.17920367049065 0
70.009045921715 7.50472502126312 0
71.4130884177172 7.72273896323939 0
71.9224177123471 9.04798580900932 3
73.3267230468903 9.26597790995141 0
73.836064008742 10.5910680060211 3
75.2402699501429 10.8093717840721 3
75.748988462863 12.1344829894878 3
77.1528121843112 12.3535425532821 3
77.6603987717068 13.6789565468236 3
79.0637329688724 13.8993252808523 4
79.5698545253919 15.2253963432202 5
80.9727526770489 15.4476655510124 2
81.4772748143168 16.7747039679556 2
82.879880685828 16.9992841491519 2
83.3828613615742 18.3274493230171 2
84.7853237561448 18.5544323561271 2
85.2870127577182 19.8836617836963 2
86.6894356871856 20.1127759624633 2
87.1902620687276 21.4427900027213 2
88.5926953333834 21.6734579968817 2
89.0932297261666 23.0038250693974 2
90.4956866423099 23.2352679883326 2
90.9965706985948 24.5654902896166 2
14.7174825137275 24.7968149313717 2
15.2193281603023 26.1264137497229 2
16.621835437096 26.3567541772888 2
17.1251337566805 27.6853528577219 2
18.5276830975733 27.9140281446084 2
19.0327095867011 29.2414421065144 2
20.4353513561348 29.4680657123467 2
20.9421032820286 30.7943616088195 2
22.3449365220811 31.0188633619312 2
22.8531450594445 32.3443335543784 5
24.2562990275953 32.5668985037516 5
24.7655006371025 33.8919455026429 5
26.1690695274843 34.1129058261116 1
26.6787027284138 35.4378959786625 1
28.0826548131528 35.6576346899813 1
28.5921311172568 36.9828174786344 1
29.9962665863801 37.201708790563 1
30.5050078332036 38.5272374674548 1
31.9090345728704 38.7456033749487 1
32.4165261632978 40.0716039238614 1
33.8201805489188 40.2898241117195 1
34.3260453533348 41.6164549660674 1
35.7291892149326 41.83508215905 1
36.2332757152195 43.1625177631994 1
37.6359321824291 43.3822212908801 5
38.1383889018279 44.7105590048287 5
39.5406830270475 44.9319562140178 2
40.0419302610791 46.2611234484269 2
41.4440076708639 46.4846120497338 2
41.9446312158623 47.8143529738302 2
43.3466071603483 48.0400379733853 2
43.847269335874 49.3699737406857 2
45.2492206758037 49.5976767096459 2
45.7505949151763 50.9273908715668 2
47.1525760908158 51.1566992403271 2
47.6552930120174 52.4857996078542 2
49.0573528562164 52.7161051534798 2
49.5619458329833 54.0442592635408 2
50.9641244820181 54.2748237834286 2
51.4708900308059 55.6018328225375 2
52.873201741237 55.8319882952799 2
53.3820892008711 57.1578671726755 5
54.7845248854672 57.3871529513574 5
55.295139940881 58.7121517294872 5
56.6976850531402 58.9403188544562 5
57.209377387511 60.2648508606635 1
58.6120276690589 60.491791690446 1
59.1240415513093 61.8162984193002 1
60.5268106446889 62.0419578304169 1
61.0384441910177 63.3667801332231 1
62.4413527194459 63.5911230323794 1
62.9520358795256 64.9164486029686 1
64.3550652265902 65.1395048918867 1
64.8643309561159 66.4654121932125 1
66.2673832542119 66.687350394404 1
27.9340729063758 0.73968219009605 1
29.3370053035568 0.96083873546244 1
29.8425857154352 2.28806387080618 1
31.2453030531656 2.50881220390916 1
31.7492065453118 3.83672069958164 1
33.1516963760658 4.05746462119055 1
33.6543585273079 5.38597253632396 1
35.0566546379001 5.60711564536382 1
35.558624407237 6.93602012794452 3
36.9607635882968 7.15791215307307 5
37.4626352606627 8.48692455411303 4
38.86463862318 8.70983930974726 4
39.3670261697613 10.0386561953755 4
40.7689056157467 10.2627948009705 4
41.2724219318092 11.591156885563 4
42.6741978347108 11.8166330516899 4
43.1794105562234 13.1443495707042 4
44.5811278628295 13.3711471351178 4
45.0884647229778 14.698104886553 0
46.4901940267875 14.9260079125795 4
46.9997888560467 16.2521968783916 0
48.4015977426253 16.4808548485005 0
48.9131987175808 17.8063943100615 3
50.315115951618 18.0354770014788 3
50.8280968720222 19.3606031216109 3
52.2301062568952 19.5898317751064 3
52.7436717296991 20.9148289660971 3
54.1457231953685 21.1439704502853 1
54.6590971314991 22.4690999610397 1
56.0611345625105 22.6979444529842 1
56.5736399518136 24.023408636069 1
57.9756312370887 24.2517385001776 1
58.4866726249045 25.5776919414115 1
59.8886196639935 25.8052883101287 1
60.3977168277666 27.1318657298532 1
61.7996436271642 27.3585166415361 1
62.3066632223027 28.6857759138387 1
63.7086063009425 28.9113188540959 1
64.2137527273867 30.2392312838677 1
65.615735839919 30.4636578566682 1
66.1194483519872 31.7921019615982 1
67.5214847787081 32.0154976645931 1
68.0243019768452 33.3442529625259 1
69.4264101058739 33.5667277821083 3
69.9289082931013 34.8955045014249 3
71.3311162093543 35.1172321898953 3
71.8338925904685 36.4457391851294 0
73.2362364855174 36.6670026575679 0
73.7398911450322 37.9950305243969 0
75.142391849094 38.2162406688709 0
75.6474685558936 39.5437071744593 0
77.0500907334356 39.7653548567379 0
77.5569751163535 41.0922752400945 0
78.9596139637327 41.3148164665389 0
79.4684463481953 42.6412253839119 0
80.8709794973867 42.8649499244409 0
81.3816223301373 44.1908483439106 0
82.7839741880284 44.4158571795893 0
83.2960067975875 45.7412566443761 0
84.6981706890019 45.9675615434414 0
85.2109944429511 47.2925465747957 0
86.6130233545601 47.5200699164514 0
87.1259936222745 48.8448274425478 0
88.5279542165195 49.0734287876912 0
89.0404138128351 50.3982494612759 4
90.4423431466764 50.6277581309602 4
90.9536485125664 51.9529955244835 4
92.3555440288654 52.1831967493958 5
92.8651382435554 53.5091945757123 5
94.2669691690276 53.7397842479807 5
94.7745344701055 55.0667626242334 2
96.1762716811229 55.2972560913173 5
96.6818388299662 56.6252110417789 2
98.0834766294399 56.8549859464826 5
98.587350261084 58.1837167974325 5
99.9889046743923 58.4121785433848 5
100.491576037137 59.7413634941515 5
101.893070576526 59.9680909862638 5
102.395143645134 61.2973441030077 5
103.796625090851 61.5220833562954 4
104.298765631463 62.8510101206777 4
105.700335929631 63.0737138275223 4
106.203216105294 64.4020091924007 4
107.605052269977 64.6229184749511 0
108.109271707195 65.9504492887753 0
109.51158932875 66.1700771326577 0
71.1767398367691 0.222678826825165 3
72.5796873772632 0.441684410064758 0
73.0870683843182 1.76804213946067 0
74.4904327172996 1.98733757304983 0
74.9996152379 3.31308511097987 0
76.4032438899501 3.53315851613135 0
76.91370948978 4.85831658235622 0
78.3172549329673 5.07961022138929 0
78.8283656407148 6.40410802219862 0
80.2316776102658 6.62625045518952 0
80.7426077119938 7.95047882645112 0
82.1455402378526 8.17414697290804 0
82.6557748934636 9.49843530939909 4
6.37681753198734 9.72387849834625 4
6.88590967424655 11.0486732039009 3
8.28831673051982 11.2759978595149 2
8.79589311571783 12.6017366580023 2
10.1981955714874 12.8308696049723 2
10.7040335138881 14.1578369153555 2
12.1062890966366 14.3884722663915 2
12.6103892303205 15.7167026295799 2
14.0126126382134 15.9482820381188 2
14.5152248639081 17.2775531637116 2
15.9174056781299 17.509292992392 2
16.4189830267021 18.8392001147499 2
17.8210980304845 19.070223803369 2
18.3222234270509 20.4002749188538 2
19.7242484118518 20.629768304535 2
20.2255691897418 21.9594650759169 2
21.6275103439784 22.1867972034214 2
22.1296684407648 23.515716011711 2
23.5316082075217 23.7405553156745 2
24.0351187466437 25.0684630393349 2
25.4372432155953 25.2908595997267 4
25.9423950158626 26.6177748268376 4
27.3449557079001 26.8381406302795 4
27.8517687317683 28.1642763654041 4
29.2549613946209 28.3832339293146 0
29.763173881688 29.7088591635609 3
31.1670074644163 29.92702542679 0
31.6761114924034 31.2523529071444 3
33.0803727031673 31.4702023763468 3
33.589719963739 32.7953739815955 3
34.9940628661946 33.0132510272567 3
35.5029920020311 34.3384124985501 3
36.907074906934 34.5567058429032 3
37.4150181580113 35.8820818567512 3
38.8186293344005 36.1013371169083 3
39.3251893625424 37.4272322429614 5
40.7283019321735 37.6480719759329 5
41.2332786463959 38.9748044465522 2
42.6360042822318 39.1977739708552 2
43.1393952999207 40.5255662716787 2
44.5418946922878 40.750961275201 2
45.0438923019437 42.0798429073624 2
46.4463017826903 42.3076039295207 2
46.94728359982 43.6373800435815 2
48.3496841292092 43.8670984890692 2
48.8501841473513 45.1973928609735 2
50.2526086379626 45.4284008412264 2
50.7532547445766 46.7587386014762 2
52.1557127766681 46.9902031259595 2
52.6571421707859 48.3200931632841 2
54.0596374546591 48.5511173279471 2
54.5623960227996 49.8801344453403 2
55.9649359938064 50.1099198880459 2
56.4693921096523 51.4377892379846 2
57.8720021620631 51.6657810335692 2
58.3782573406986 52.9924601929049 2
59.7809999732323 53.2184121920906 2
60.288869068107 54.5441084102736 2
61.6918477556662 54.7680570661312 5
62.2009117813616 56.0931510379701 5
63.6042372205022 56.3153252627058 5
64.1139428130893 57.640228467206 1
65.5176593261527 57.8609471899472 1
66.0274157412066 59.1859766012324 1
67.4314218062086 59.4055942846118 1
67.9406526933116 60.7309418043847 1
69.3447014507561 60.9498058773825 1
69.8528692627349 62.2755940756149 1
71.2566770019954 62.4940356937821 1
71.7633410141302 63.8203923851581 1
73.1667019319693 64.0388584734048 1
73.6716013912288 65.3659462316653 1
75.0744603648602 65.585043856736 1
75.5776194956477 66.9129940632051 1
76.9800537884443 67.1333757590616 5
38.6410175912385 1.18797314894464 5
40.0431626949835 1.41016421999374 2
40.544039013112 2.73965034767756 2
41.946022990878 2.96392502416557 2
42.4466716451637 4.29375189953015 2
43.8485864694027 4.52010737969547 2
44.3496857093812 5.84987169815761 2
45.7515945968203 6.07805717049767 2
46.2538004052975 7.40736251149741 2
47.6557564532885 7.63692422112917 2
48.1596609668856 8.96542039808049 2
49.5617163532054 9.19571805609289 2
50.0677436088592 10.5231495893852 2
51.4699312514788 10.7534846129649 2
51.9781865031969 12.0797749161359 2
53.3805075640935 12.3095870386522 5
53.8907233425956 13.634890436414 5
55.2931582424124 13.8638262540243 5
55.8047574905597 15.1884971604995 1
57.2072856045174 15.4163719040637 1
57.7195163837435 16.740851527476 1
59.1221324239767 16.9675666821886 1
59.6342404683287 18.2922437925665 1
61.0369601932873 18.5177222393079 1
61.5483122451175 19.8428445970028 1
62.9511491594313 20.0670414289499 1
63.4612405330725 21.3927208530921 1
64.8641575405984 21.6156866193562 1
65.3725628322671 22.941979532903 1
66.7754541934129 23.1639363348134 1
67.2819439922212 24.4908892095423 1
68.6846943398664 24.7121807931165 1
69.189378757502 26.0398077701215 1
70.5919402382746 26.2607973957102 1
71.0951830201229 27.5890514907156 1
72.4975681149894 27.8101170778695 1
72.9998799533488 29.13884385595 1
74.402119761755 29.3603410763761 3
74.9040754065214 30.6892837960251 3
76.3061910087967 30.9115187403694 4
76.8083919637136 32.2403780386902 4
78.2103899874632 32.4636059166707 4
78.7134462827616 33.7921105380041 4
80.115330759331 34.0165297372894 4
80.6198296863549 35.3444757758156 4
82.0216194112056 35.5701961158121 4
82.5280597990839 36.8974534456729 0
83.9298035178286 37.12442547357 0
84.438463433414 38.4509450747022 0
85.840229982029 38.6789209119832 0
86.3510416239091 40.0047591227707 0
87.7528865375616 40.2334203687219 3
88.2653813906476 41.5587503341231 3
89.6673186596463 41.7878106738841 3
90.1807571957346 43.1128821806897 3
91.5827597635123 43.3420882378146 3
92.0963511523442 44.6671608703868 3
93.4983656707037 44.8962920529216 1
94.0113901906929 46.2215912003261 1
95.4133682574292 46.4504307819335 1
95.925188884157 47.7761389616816 1
97.3271107619888 48.0044559345492 1
97.837161689333 49.3307373098572 1
99.2390346752453 49.5582962367766 1
99.7470122451744 50.8852609444596 1
101.148870901089 51.1118176703895 1
101.654840034174 52.4394752323791 1
103.056723809871 52.6648760703366 1
103.561036793312 53.9931374704148 1
104.962968413353 54.2173854649966 1
105.466134874264 55.5460625555329 1
106.868133344261 55.7692158187798 1
107.370722299748 57.0980333429394 3
108.772815858293 57.320200255243 3
109.275425802715 58.6488491331487 3
110.67765831268 58.8702376068505 0
111.180906335537 60.1984564899478 0
34.9017569056364 60.419408894025 0
113.087818126422 61.7470495901358 3
36.8088699408387 61.9680109887194 0
37.3151604218117 63.2950115085999 0
38.7179131978624 63.5164621145241 0
39.2264842961986 64.8426046549319 0
40.6286728997335 65.0670805345212 0
41.1367794415147 66.3941072957654 0
42.5396820588398 66.6173788579723 0
4.2105526319443 0.668653714577796 0
5.61297913673795 0.893699132650393 0
6.12553321792699 2.21874496646099 0
7.52771747869105 2.44526043289965 0
8.04060885506175 3.76998148622244 0
9.4426518480676 3.99777846114615 0
9.95527898860369 5.32242276049547 0
11.3572558121846 5.55133949985453 4
11.8689884811948 6.87625640356539 4
13.2709303707431 7.10610825557638 4
13.7811801000384 8.43167361208188 2
15.1830770250338 8.66220869257588 5
15.6914081475479 9.98872477468172 2
17.0932278521434 10.2195448233915 2
17.5995188680434 11.54711055458 2
19.0012386352524 11.7776191753912 2
19.5056831056588 13.1061021353682 5
20.9073024499258 13.3356301258479 5
21.4103146612581 14.664737149254 5
22.8118480538273 14.8927170270443 5
23.3139890836028 16.2220696052277 2
24.7154630491755 16.4481220440011 5
25.2173801183327 17.7773061614107 4
26.6188643277217 18.0012368248353 4
27.1212391427321 19.3298851489832 4
28.5228768512487 19.5517747599279 4
29.0263568902932 20.8796658346919 4
30.4283625223158 21.0999193073829 0
30.9334540412864 22.4270227121899 0
32.3360257848617 22.6462772203313 0
32.8429553110694 23.9726974927631 0
34.2461487165614 24.1916510858063 0
34.7547935881358 25.5175035109938 0
36.1584486916116 25.7367489643695 0
36.6683967727414 27.0620734077551 0
38.0721947045151 27.2820289944363 0
38.5828618373668 28.606836205218 0
39.9864724082228 28.8278535349762 0
40.4972186955588 30.1522618623782 0
41.9004534776279 30.374672831041 0
42.4107050995399 31.6989735655904 0
43.8135552469789 31.9230701090189 4
44.3228311744809 33.2476871676687 4
45.725393762579 33.4736780249789 4
46.2332948588781 34.7990708659643 2
47.635688380925 35.0270170256035 2
48.1419403761925 36.3535462934525 2
49.5442551179816 36.5832798041861 2
50.0487779844291 37.9110873273734 2
51.4510582094684 38.1421820366003 2
51.9540107718209 39.4711463957346 2
53.3562628596522 39.7029233726453 2
53.8580286782381 41.0327025036082 2
55.2602373091918 41.2643088032978 2
55.761358591301 42.5944328104948 2
57.1634984885457 42.8249888158798 2
57.6646030303488 44.1549492165422 2
59.0666581092646 44.3836932110837 2
59.5683932685613 45.7130198047232 2
60.9703998714302 45.9394255548261 2
61.4733282947352 47.2677907754241 2
62.8754135377974 47.4916793257657 2
63.3798979051084 48.8189944303645 2
64.7822809212606 49.0405731759294 4
65.2884327409552 50.3669856502252 4
66.6913475643721 50.5867689734164 4
67.199009832519 51.9125542643549 4
68.6025712842719 52.131168390878 3
69.1113308949073 53.4565914769285 3
70.5154384953374 53.6745849980061 3
71.0246958100377 54.9998325558341 3
72.429061371222 55.2175993676172 3
72.9381503464125 56.542811454505 3
74.3424178779002 56.7606873431889 3
74.8507193195194 58.0860416614114 3
76.2545976745173 58.3044874244725 3
76.7616314986146 59.630242168063 3
78.1649945316172 59.8498700821377 5
78.6704784550956 61.1763302030427 5
80.0733743284938 61.3977744088362 2
80.5772362873849 62.725202343597 2
81.9798141971634 62.9489391359657 2
82.4821867698217 64.2774459982227 2
83.8846072376779 64.5036377274213 2
84.3858170380705 65.8331176958772 2
85.7881943152959 66.0615591029726 2
47.4479534816321 0.117488799964291 2
48.8503454104004 0.347662185933688 2
49.3508339840698 1.67802619807794 2
50.7532624724027 1.90919757126501 2
51.2543435289291 3.23929563215985 2
52.6568178428804 3.4705996704892 2
53.1590832775432 4.79997516837163 2
54.5616092853088 5.03054684425627 2
55.0655061600179 6.35885405808413 2
56.4680951939993 6.58799919753112 2
56.9738297147393 7.91509341400745 2
58.376514666581 8.14239816141341 2
58.8839992739753 9.46838651521018 2
60.286850176002 9.69373210225077 2
60.7957280886223 11.0189412372068 5
62.1988437612148 11.2424371638774 5
62.7085795984075 12.5672933564378 5
64.1120420425664 12.7891778433291 1
64.6220352509795 14.1140616330209 1
66.0258334865277 14.3346258598887 1
66.535498936588 15.6597879451331 1
67.9394695098629 15.879366774002 1
68.4482643279948 17.2049467407146 1
69.8521394030971 17.4238698040222 1
70.3595850255105 18.749973609085 1
71.7631158063097 18.9686053003782 1
72.2688659837091 20.2953689281294 1
73.6719224076392 20.5142191665648 1
74.1758748133714 21.841787035823 1
75.5784717488477 22.0614817414426 1
76.0808461194415 23.3899079169863 5
77.4830897860818 23.6110465361929 5
77.9843573141696 24.9402215735076 2
79.3863764984493 25.1632240610713 2
79.8871495066189 26.4928710000277 2
81.2890481223037 26.7179022593152 2
81.7899957370381 28.0476437110865 2
83.1918459057024 28.2746146307246 2
83.6936360488416 29.6040563230124 2
85.0954955505557 29.8326639127273 2
85.5987543539626 31.1614464650202 2
87.0006819157133 31.3911952371819 2
87.5059323445869 32.7190256372503 2
88.9079801772261 32.9492596594924 2
89.4154869998901 34.2759839721159 2
90.8176777525952 34.50607510468 2
91.3273318752347 35.8317475149019 5
92.729653984483 36.061242770843 5
93.2409887664626 37.3861364024262 5
94.643413516459 37.6147658614594 1
95.1557178903413 38.9392923964557 1
96.5582201458689 39.1669071607309 1
97.0707069182235 40.4914839653856 1
98.4732824088638 40.7179777013216 1
98.9852475231628 42.0429120926184 1
100.387912768634 42.2681906863209 1
100.898795080196 43.5936439687811 1
102.3015534342 43.8176692913342 1
102.810890845198 45.1437107484163 1
26.5321212635703 45.3665714055613 1
27.0395689172769 46.6932547456475 1
28.442309572398 46.9152150640258 1
28.947853036093 48.2425629760623 1
30.3504577036453 48.4639614346499 1
30.8543779134509 49.7919514937639 1
32.2568335235679 50.0131327780934 1
32.7595969984877 51.3416533209941 1
34.1619240199067 51.5629601642544 1
34.6640866371951 52.8917907481247 3
36.0663055968512 53.1135407433953 3
36.5684598357588 54.4423918964097 3
37.9705762014817 54.6648759666619 4
38.4733314050995 55.9934623761257 0
39.8753361000306 56.216961681633 4
40.3792855948787 57.5450651624615 0
41.7811608623969 57.7698626037821 0
42.286785787095 59.0973885137669 0
43.6885665864296 59.3234550570743 0
44.1962191707062 60.6503268916967 0
45.597968540969 60.8775111053844 0
46.1077393406233 62.2037302035608 0
47.5095341659645 62.4317603382772 0
48.0212003237584 63.757409699403 0
49.4231000200378 63.9860307929266 3
49.9361785732976 65.3112559520142 3
51.3381442245497 65.5402827130887 3
51.8517667019444 66.8653624610539 3
53.2537621058258 67.0945639590636 3
14.9263656490295 1.14553108415783 3
16.3283417560268 1.37468322016194 1
16.8408126473684 2.70017418509637 1
18.2427327385427 2.92904283599128 1
18.7536689499348 4.25503345678018 1
20.1555215765101 4.48337244571771 1
20.664461915701 5.8100261610419 1
22.0662648611753 6.03755661234296 1
22.5731168415829 7.36493444525314 1
23.9749131499333 7.59138851368068 1
24.4799114644418 8.91943793245448 1
25.8817387645426 9.14468245636017 1
26.3853382946716 10.4732485670784 1
27.7872194550806 10.6972798682986 1
28.2899708715961 12.0261125774975 3
29.6919329660161 12.2489774857351 3
30.194426531946 13.577767275022 3
31.5965131500644 13.7996031513746 3
32.0993613597112 15.1280551454488 0
33.5016355541686 15.3491420974558 0
34.0054458897151 16.6770611711018 0
35.4079617162671 16.8978409692918 0
35.9132623184083 18.2251714491244 0
37.3160053865904 18.4461912885685 0
37.8231316332724 19.7729728936167 0
39.2259838220456 19.9947550922207 0
39.7350022211599 21.321029146437 0
41.1377926255831 21.5439299285113 0
41.6485017468886 22.8696829597734 0
43.0510974406777 23.0938751013555 0
43.5630380202175 24.4191014204935 0
44.9653901948231 24.6446705230687 0
45.477966261946 25.9694567993193 0
46.8801187283629 26.1963887117508 0
47.392706341193 27.520951515782 0
48.7947431229403 27.7491535638609 0
49.3067118652681 29.0738289073411 4
50.7086945818556 29.3031646921167 4
51.2194355492627 30.6283493849549 4
52.6213826945867 30.8586197790814 2
53.1303857709431 32.184677153718 2
54.5322774275742 32.415569658966 2
55.0392740902728 33.7427038850424 2
56.4410798536263 33.9737006534582 2
56.9461339385953 35.3018697641062 2
58.3478372748444 35.5322882762465 5
58.8512725271002 36.8612466271898 2
60.2528756201725 37.0904062303538 5
60.7551954733876 38.4197885703903 2
62.1567109929113 38.6471690525669 2
62.6585309060967 39.9765565513159 2
64.0599996529421 40.2018222165525 4
64.5619971614828 41.5308026859259 4
65.9635239179736 41.7538568963444 4
66.4663744621727 43.0821261330873 4
67.8681513478837 43.3032053952386 4
68.3724356552444 44.630647717884 0
69.7746955371078 44.8502923874054 0
70.2807644319042 46.1769740420515 0
71.6836640475894 46.395878976371 0
72.1915296670226 47.7219407907774 0
73.5950314836781 47.9407689331091 0
74.1043735081639 49.266304103693 0
75.5082250432534 49.4855555165937 0
76.018503926648 50.8105872573318 0
77.4223503274252 51.030631503246 0
77.9329261686267 52.3552233662513 0
79.3364742195396 52.5764300726451 0
79.8467351080723 53.9007959142372 0
81.2498722378735 54.1235185912778 0
81.7593064158784 55.448030703649 4
83.1620795029493 55.6725719661076 4
83.6702709854741 56.9976825829103 4
85.0727972236163 57.2242307565964 2
85.5794387690517 58.5503499465106 2
86.9818336313234 58.778891983337 2
87.4867817773109 60.1062562557562 2
88.8891224848913 60.3365076233253 2
89.3924518317068 61.6651015044032 2
90.7947694685614 61.8965116274427 2
91.2967866784233 63.2260746726486 2
92.6990794705216 63.4578652889222 2
93.2002764351766 64.7879672646335 2
94.6025243128369 65.019246369292 2
95.103505169579 66.3493817027732 2
96.5056836937699 66.5792940838715 2
58.1663049859416 0.634752676201719 2
59.5684176899485 0.862613317843935 2
60.0708431636927 2.1914200484158 2
61.4729636096169 2.41683585031694 2
61.9768313149691 3.7445843932286 2
63.3791250242311 3.96753944168316 2
63.8846202206552 5.29428904531588 2
65.2873126525615 5.51513702221542 4
65.7943772069378 6.84113225498402 4
67.1976527001846 7.06045322224024 4
67.705979735831 8.38599007692637 3
69.1098541966675 8.60437784167846 3
69.6189226991633 9.92969417437719 3
71.0231993102555 10.1476150196207 3
71.5323678903561 11.4728717326736 3
72.9367171105284 11.6906572005896 3
73.4453400821046 13.0160029452194 3
74.849428707087 13.2340129352198 3
75.3569538955726 14.5596569216875 3
76.7605646122468 14.7784210860383 3
77.2666131527206 16.1046402576759 5
78.6697081850473 16.3248065187911 5
79.1741176266908 17.6518840246298 5
80.5768041754113 17.8740688896289 2
81.079635319743 19.2021829772246 2
82.4820804848888 19.426762799005 2
82.9836025735576 20.7558972966444 2
84.385951541914 20.9828910050781 2
84.8866200976742 22.3128119985856 2
86.2889603727129 22.5418874612522 2
86.789364732351 23.8721984953052 2
88.1917370216078 24.1027525722053 2
88.6925269083077 25.4329813775156 2
90.0949486767861 25.6642284470604 2
90.5967532025625 26.9939031564828 2
91.9992347722072 27.2249681450502 2
92.5025710422226 28.5536895378164 2
93.9051206001852 28.7837732201217 2
94.4103010355746 30.1113027227996 2
18.1313638915376 30.3398346837043 2
18.6384112827311 31.6661721460744 2
20.041167587169 31.892870830271 2
20.5498083205178 33.2182617978658 5
21.952761522471 33.4431032130903 5
22.4624930390164 34.7679570579415 5
23.8657295027334 34.9910833587399 5
24.3759413026739 36.3158273066605 1
25.7795068398003 36.5374605731507 1
26.2895885958415 37.8624172655164 1
27.6934148370892 38.0828255475121 1
28.2028082723295 39.4081795319326 1
29.6066834900488 39.627696240833 1
30.1148899610682 40.9535513443016 1
31.5185507399523 41.1725156743879 1
32.0251643658335 42.4989780487907 1
33.4284177610808 42.7178138517575 1
33.9332219456232 44.0450201763685 1
35.3360126812314 44.2642891963596 1
35.8391074836986 45.5923291311828 5
37.2414959843266 45.8126462585888 5
37.7432726733306 47.141476365131 5
39.1453739529758 47.3633638775792 2
39.6464012918968 48.692773074896 2
41.048324606884 48.9165448905809 2
41.5492516676165 50.2461948343506 2
42.9510760853695 50.4719232271851 2
43.4525653062689 51.8014335502485 2
44.8543520325564 52.0289592408516 2
45.3570412270198 53.3579691901567 2
46.7588522507804 53.5869385416628 2
47.2633229920465 54.9151365523683 2
48.6652252245407 55.1450026813305 2
49.1718771473855 56.4721766250495 2
50.5739192866678 56.7022982362781 2
51.0828241842785 58.0284088783005 5
52.485016601932 58.2582474455818 5
52.9958580635595 59.5834698678948 5
54.3981771910147 59.8126705295485 5
54.9103333877681 61.13735627819 1
56.3127411857003 61.3657156470631 1
56.8254321575138 62.6902813535506 1
58.2278986161845 62.9176702404108 1
58.7403541659049 64.2424730773937 1
60.1428777446219 64.4687711940513 1
60.6544635143933 65.794030659795 1
62.0570602432041 66.0191369064191 1
23.7264845001153 0.0707396565567238 1
25.129148280358 0.294636780467833 1
25.6375575187971 1.62106963449194 1
27.0402297885246 1.84388576386563 1
27.5466746513436 3.17097350052998 1
28.9492736121422 3.39299498957326 1
29.4539353059676 4.72073345505247 1
30.8564232689052 4.9422761924767 1
31.3597083048093 6.2705916912421 1
32.7620910878941 6.49197165414432 1
33.2645255083448 7.82068656507687 1
34.6668215076376 8.04221045109186 3
35.168978933336 9.37105919619054 3
36.5711978392058 9.59301753817632 3
37.0736722682487 10.9217117161825 3
38.4758097610787 11.1443866448747 0
38.9791993494258 12.4726862120514 0
40.3812423319766 12.696345036266 0
40.886112259384 14.0240907958203 0
42.2880525574857 14.2489421411011 0
42.7948642677691 15.5760491595953 0
44.1967201875595 15.8021605654782 0
44.7057060081496 17.1286090596875 0
46.1075271378712 17.3558427216747 0
46.6185782470222 18.6816886754067 0
48.0204212796407 18.9098014017368 0
48.5330480783149 20.2351906414882 0
49.9349441199371 20.4639359742125 3
50.4484175443309 21.7890762931329 3
51.8503600574764 22.0182142350623 3
52.3639224191956 23.3433316614599 3
53.7658730653294 23.5726413985811 3
54.2788197718597 24.8979579839153 1
55.6807335619609 25.127217197464 1
56.1924156180134 26.4529432352645 1
57.5942633941984 26.6819086813134 1
58.1041153355973 28.0082461711799 1
59.5058905513751 28.2366412093237 1
60.0136483981802 29.5637139992997 1
61.4153806954148 29.7912097816062 1
61.9211426292249 31.1190128521324 1
63.3228774502431 31.3453357305411 1
63.8270128743065 32.6737461951047 1
65.2287832643745 32.898783793841 1
65.7318113241887 34.2275807599073 1
67.1336441018463 34.4513144296241 3
67.6361452203404 35.780197709034 3
69.038080581614 36.002685337604 3
69.5406666026084 37.3313354604929 3
70.9427704540098 37.5527692129804 0
71.4460635579367 38.8809347495857 0
72.8484180551196 39.1016833002494 0
73.3529956786994 40.4292496035975 0
74.7556469921549 40.6498395067872 0
75.2619370875878 41.9768209514132 0
76.6648263446517 42.1978345177716 0
77.1730007530693 43.5242895357157 0
78.5759590751586 43.7462125170167 0
79.0859153676937 45.0721526411144 0
80.4887543438109 45.2952669864768 0
81.0001276386346 46.6206620184532 0
82.4027244095049 46.8451265014577 0
82.9149543524459 48.1700102800084 0
84.3172921398282 48.3958969670184 0
84.8297666935201 49.7204324354768 0
86.2319178204263 49.9477131359953 0
86.7440228662268 51.2722028588703 4
88.1460744457683 51.5007867923348 4
88.6572025195309 52.8256293966631 4
90.0592070380474 53.0553692901456 4
90.5688099653302 54.3809707995209 2
91.9707743102773 54.6116236997772 2
92.478472013416 55.9382797981358 2
93.8803716078619 56.16943087689 2
94.3860855274461 57.4972064255254 2
95.7878942401849 57.7282199338111 2
96.291845796102 59.0569383287444 2
97.6935517039998 59.2870792848054 2
98.1961724698214 60.6164028756111 2
99.5977773948345 60.8450124603685 2
100.099640190933 62.174524930664 2
101.501161248811 62.4011298691769 2
102.002924291576 63.7303931342718 2
103.404428421475 63.9547247071531 4
103.906778403628 65.28336501104 4
105.308419165908 65.5054642591892 4
105.81198348351 66.8332754041372 4
107.21399531564 67.0535284489891 0
68.8784181363529 1.10630696729715 0
70.2810283552789 1.32535376494547 0
70.7879064480738 2.65171452314976 0
72.1911458893308 2.87035285038962 0
72.699679151909 4.19615645741416 0
74.1034272910381 4.41499479961311 0
74.6131788195778 5.74028437236208 0
76.0171187342079 5.9597235380328 0
76.5274746867055 7.28453211875649 0
77.9312584785654 7.50491346621658 0
78.4415542163997 8.82935721111795 0
79.844987875554 9.05084315760643 0
80.3545896993169 10.3753000941169 4
81.757610633736 10.598406823786 4
82.2660784126807 11.9232958438214 4
83.6687708007077 12.1483569581121 4
84.1757789744683 13.4741080901023 2
85.5782690737581 13.7012710105987 2
86.0836302884657 15.0281955433113 2
9.80445522354085 15.2573444206161 2
10.308173446952 16.5855285989681 2
11.7105347125243 16.8162530856557 2
12.2128375437371 18.1455299532703 2
13.6151838261038 18.3771631818573 2
14.1165052018123 19.707160825685 2
15.5188270910702 19.9388526562919 2
16.0197404509522 21.2690839351206 2
17.4220151622166 21.4999327801305 2
17.9231570026155 22.8298848965265 2
19.3253691932346 23.0590867545638 2
19.827358121955 24.3883045750013 2
21.2295399110359 24.6152799626514 2
21.7328646064309 25.9434698560986 2
23.1351262552877 26.1679753987897 2
23.6400543250188 27.495087099157 2
25.04258817859 27.7172576499885 2
25.5491370696086 29.0434739371767 4
26.9521566377921 29.2637541843627 4
27.4600961244543 30.5893825167968 4
28.863713653559 30.8083516512621 3
29.3725934807138 32.1336866287006 3
30.7767214476888 32.3518725215057 3
31.2859375698542 33.6771258963301 3
32.6903044325799 33.894920610864 3
33.1992035840766 35.2202446534454 3
34.6034661476899 35.4379731189648 3
35.1114485310213 36.763537884421 3
36.5153174604328 36.9816431297711 3
37.0219247728462 38.3076822377279 1
38.4252643032289 38.5267857846845 5
38.930247755988 39.8535679103688 5
40.3330980778005 40.0743458974011 5
40.8364390773099 41.4020904637003 5
42.2389510905765 41.6250835164792 2
42.7408521519394 42.9538562327649 2
44.143193351052 43.179299466498 2
44.6440596354063 44.5089516002357 2
46.0463498162639 44.7367176946476 2
46.5467411417089 46.066911347301 2
47.9490456292276 46.2965563674026 2
48.4496032765908 47.6268462692779 2
49.8519533011242 47.857695905315 2
50.3533269192643 49.1876108297472 2
51.7557401845689 49.4188375497328 2
52.2585035168808 50.7479458975779 2
53.660991740612 50.9786940452248 2
54.1655528254061 52.3066807574971 2
55.568124887574 52.5362488659899 2
56.0746255268342 53.863008288137 2
57.4773004829667 54.0909575642366 2
57.9855719843293 55.4166363669667 2
59.3883951180818 55.6428032170387 5
59.897997443899 56.9677587954792 5
61.3010390381493 57.1921840762774 5
61.8113674506182 58.5168614310426 5
63.2146944456637 58.7396941035429 1
63.7251125662068 60.0644793725582 1
65.1287293018667 60.2859201683263 1
65.638650208036 61.6110617182511 1
67.0424335887554 61.8313747750741 1
67.55134065165 63.156999057823 1
68.9550527436486 63.3765237567826 1
69.4625026481267 64.7027173797189 1
70.8659116311176 64.9218197304961 1
71.3715934615332 66.2486979138633 1
72.7745766614965 66.467854343312 1
34.4376755724274 0.521312262166592 1
35.8402367789479 0.741099133338687 5
36.3426137625975 2.06957414773977 5
37.7448400221273 2.29055893175176 5
38.246219952459 3.6196965042144 5
39.6482186356867 3.84230234032836 2
40.1492245129073 5.1718127576683 2
41.5510818864906 5.39624923629553 2
42.0523731411222 6.72576744711538 2
43.4541516069347 6.95202568692347 2
43.9563808240527 8.28118754977564 2
45.3581387601841 8.50907026733572 2
45.8619253150544 9.8375530871238 2
47.2637296995954 10.066680402311 2
47.7695794908302 11.3942349232066 2
49.1714957748342 11.6240444540077 2
49.6796425017315 12.9505599520414 4
51.0817060534606 13.1804742679509 5
51.5919964015537 14.5060356510024 5
52.9941993677076 14.7356182176973 5
53.5061095533215 16.0605076890454 1
54.9084151704138 16.2894763119231 1
55.421192753488 17.614088250236 1
56.8235586124118 17.8422641196061 1
57.3363999292175 19.1669809016036 1
58.7388025275146 19.3942198950605 1
59.251006216893 20.7193126913468 1
60.6534512592185 20.9454761430861 1
61.1644592610596 22.2710853907725 1
62.5669626378944 22.4960764945581 1
63.0763063658432 23.8222735781428 1
64.4788540653466 24.0461016280692 1
64.9862319864276 25.3729392843265 1
66.3887670066345 25.5957687517347 1
66.8942372061804 26.9232578252664 1
68.2967078855085 27.1453731510425 1
68.8006047466035 28.4734694661636 1
70.2030003410062 28.6951568997802 1
70.7058140720675 30.0237233155033 1
72.1081469191179 30.2452672880706 1
72.6104345022893 31.5740679961134 3
74.0127167681905 31.7957486114306 3
74.5150612650871 33.124497263248 3
75.9172934181627 33.34660076111 0
76.4202897975733 34.6750364591113 0
77.8224580544454 34.8978630259124 0
78.3266873738804 36.2258043275216 0
79.7287688248219 36.4496395310827 0
80.2347393819258 37.7769890892219 0
81.6367193134115 38.0020363523014 0
82.1447728340264 39.3287591914022 0
83.5466690642221 39.5550379740962 0
84.0568481514108 40.8811548909287 0
85.4587089669841 41.1085026115201 0
85.9706991836095 42.4341026723127 0
87.3725724976135 42.662303645309 0
87.8857321745938 43.987551928901 0
89.2876417279075 44.2163771170893 3
89.8012280810157 45.5414764623319 3
91.2031608480033 45.7707017639868 3
91.7164521875195 47.0958746620746 3
93.1183712548052 47.3252830690763 1
93.6306915825237 48.650758059883 1
95.0325589524382 48.8801149128412 1
95.5432849809607 50.2061205906115 1
96.9450749726162 50.4351630192848 1
97.4537776637528 51.7618880412558 5
98.8554956192033 51.9902767860658 1
99.3621175655039 53.3177789053803 1
100.763801107096 53.5451458641831 1
101.268600496252 54.873342374279 1
102.67029212127 55.099428224419 1
103.173734494761 56.4281264453149 1
104.575464380777 56.6528278096417 1
105.078113639357 57.9817455158238 3
106.479918266596 58.2050395086894 3
106.982385177056 59.5338452683079 3
108.38432653631 59.7558270064106 3
108.887248217387 61.0842201656031 0
110.289421961054 61.30515817382 0
110.793427551974 62.6329537574491 0
112.195934139028 62.8532948421097 0
112.701583552742 64.1804472770406 0
114.10446140273 64.4006805423897 0
114.612336800018 65.7271538679587 0
38.334335 65.947172 0
