x           y           stackinginfo
1.79158219896487e-09 4.85381822928494e-09 0
1.25104554089176 0.672818300768223 0
1.29414154462184 2.09224920161621 1
2.54528290735297 2.76480817556528 1
2.58836795180865 4.1845122550873 3
3.83934128298625 4.85758796187203 1
3.88276755286637 6.27729369328934 4
5.13417513251351 6.94950034664227 2
5.17715094463805 8.36916863060905 2
6.42819133019963 9.04129196714735 3
6.47082134709509 10.4612643919253 2
7.72175293742995 11.1336317194586 2
7.76537885837338 12.5533928267502 2
9.01675696279169 13.2255509612757 2
9.06001459663505 14.645464306439 0
10.3109506556749 15.3182474732473 0
10.3536807663709 16.7380399169745 0
11.6047293858689 17.4105831628025 3
11.648209965709 18.8300889204141 1
12.8993291829281 19.5029459054311 5
12.9426352160623 20.9227072218069 3
14.1936003854623 21.5959033239129 3
14.2369229030407 23.0154177455308 4
15.4882657948906 23.6875778408754 2
15.5310941316876 25.1072690314282 1
16.7819668024512 25.7796787448708 5
16.8249619334258 27.1996100940362 1
18.0762145275714 27.8717862159967 2
18.1199455677887 29.2915357949774 2
19.3712373147677 29.9635792484281 4
19.413771864102 31.3835448462627 0
20.6646064486826 32.0560576173239 0
20.7075595517663 33.4757727776235 4
21.9587940673606 34.1480570977553 1
22.0023371918999 35.5677355050684 2
23.2533837775297 36.2407906471139 3
23.2964190302729 37.6605687475626 0
24.5475320191943 38.3334643503507 4
24.5905061446019 39.7528818508094 3
25.8416264165502 40.4252735474046 5
25.8845275956487 41.8450333669859 1
27.1354305458334 42.5178639643781 2
27.1789033616765 43.9376870877783 5
28.4303035538852 44.609765555267 5
28.4735705222317 46.0295149366554 1
29.7246895196851 46.7015851065195 3
29.7672189559277 48.1215544910906 4
31.0180858491653 48.7939014539268 4
31.0616253614372 50.2135805220776 5
32.3129890513108 50.8858607000237 2
32.356557749113 52.3057071421545 4
33.6075271478014 52.9787783233016 0
33.6503994652276 54.398491511526 0
34.901515806225 55.0711141623789 3
34.9447308913378 56.490547678816 1
36.1957844559203 57.1633213536646 1
36.2389019796651 58.5831210430102 1
37.4898496134076 59.256242287988 1
37.5333954261417 60.6758854927714 2
3.71075972011828 0.597957061532556 1
3.75344878261041 2.01775084564394 1
5.00432180721717 2.69004224225158 3
5.04702611918675 4.10999631314978 2
6.29821855680474 4.78211137322365 5
6.34195047376559 6.20183934135118 2
7.59324271037447 6.87413386764688 4
7.63616542450922 8.29408224375988 0
8.88708493050578 8.96686842879594 0
8.93000747003102 10.3865018626665 0
10.1811730736514 11.0589326446843 1
10.2246109292431 12.4784858676066 2
11.4756731932335 13.1514986590714 1
11.5188947862774 14.5712619529069 0
12.7699890217642 15.2442174878526 4
12.8131643162029 16.6637067372329 2
14.0643510446745 17.3359179648673 1
14.1071109928793 18.7557641881538 5
15.3579047697799 19.4283686232593 2
15.4012121978463 20.8482587386504 5
16.6526011114965 21.5202732135253 2
16.6961877231982 22.9400574977804 5
17.9473293111449 23.6122588103867 0
17.9898529678686 25.0322166858961 0
19.2407311644615 25.7046810138348 0
19.2840941922497 27.1242749956661 1
20.5354030666168 27.7966355927793 2
20.5789179146318 29.2163713139022 4
21.8299190312487 29.8895084053809 0
21.872938207243 31.3091803562023 0
23.1241863476523 31.9817358073445 4
23.1671362662496 33.4011774107694 1
24.4181484899805 34.0736799069648 1
24.4610069218586 35.4935559511078 1
25.7119400490946 36.1663912359893 1
25.7555263360341 37.5861615738331 2
27.006927300338 38.2581521838524 5
27.0496969647138 39.6780048158934 1
28.3006290804751 40.3502688908719 0
28.3431994737698 41.7702142152371 4
29.5942753331598 42.4423931582002 3
29.6379800210273 43.8620495107704 2
30.8892520474146 44.534573736834 2
30.93257334547 45.9544497552647 0
32.183544014148 46.6275072460572 0
32.2265286058283 48.0470562391252 0
33.4777199905234 48.7194759994665 5
33.5210020265075 50.1389582443296 5
34.7720265223966 50.8118278567571 1
34.8152826721158 52.2316457268639 3
36.0663524457638 52.9045321426893 5
36.1098799492473 54.3241541093174 2
37.3611557247459 54.9962440336024 1
37.4037417325739 56.4161565704331 1
38.6544846128459 57.088652733878 4
38.6974960971916 58.5085438593563 2
39.9488377704106 59.1805973272751 5
39.9925653694948 60.6003634565321 3
6.16965662117603 0.522916355381582 0
6.21238828252079 1.94285503277036 0
7.46333212691332 2.6155831124254 0
7.50649017582801 4.03509637587908 3
8.75771659442401 4.70754438489601 1
8.80103201408475 6.12718283058099 5
10.0520601476762 6.80026984386605 1
10.0952772309172 8.21996418735002 0
11.3465866026597 8.89247179977076 2
11.3895478980909 10.3119973017869 5
12.6406045483609 10.9842170537569 1
12.6833141344794 12.4041552848378 2
13.9341743809369 13.0767533062613 2
13.9777124834989 14.4965808009213 2
15.2291110004037 15.1686026895814 2
15.2722668748513 16.5884772722031 3
16.5232465606393 17.260897594939 0
16.5658147540038 18.6808130777304 0
17.8168054110014 19.3532094989072 3
17.8604008670661 20.7727769917465 1
19.1116381918542 21.4454026013664 5
19.1550810769444 22.8651770277062 0
20.4060556424325 23.5383497020554 0
20.4491825313061 24.9578773154482 0
21.7004904562197 25.6301609965789 2
21.7435117358965 27.0496756767037 1
22.9944684844176 27.7222284887753 5
23.0375215790231 29.1421281278095 1
24.2886128852662 29.81472113814 5
24.3322956549976 31.2344518495697 2
25.5836255422952 31.9064366657288 5
25.6261151656454 33.3263786006922 3
26.8769082122462 33.9988094234328 0
26.9196877864542 35.4186681847378 4
28.1709239161913 36.0908146326201 1
28.214592180178 37.51052360498 2
29.4657022691229 38.1833698986676 4
29.5087024991722 39.6032413239977 0
30.7597266389337 40.276188765012 0
30.8027596618956 41.6956322978441 3
32.0539451218542 42.3680493548781 1
32.0970879623372 43.7876594007363 1
33.3480864663358 44.4606116738573 1
33.3914651760933 45.8803888180669 3
34.6427673689682 46.552815578 2
34.6860516011094 47.9724590445964 2
35.9372081562142 48.6445307276238 1
35.9798117732624 50.0644963778695 5
37.2305849935054 50.7369970797422 4
37.274006974264 52.1567952077172 2
38.5253880667589 52.8289288318798 2
38.5689438193432 54.2487829145488 4
39.8199315953658 54.9215720243959 0
39.8626382225733 56.3414372274478 0
41.113632924049 57.0140941374186 0
41.1569892505325 58.433569721342 1
42.4081582192224 59.1062448233289 5
42.4514376182536 60.5259710594479 3
8.62837232514347 0.449156151070857 2
8.67171356851277 1.86874742430572 4
9.92312100573927 2.54093904639768 2
9.96595102028455 3.96056019738794 5
11.2168997216786 4.63281797654699 5
11.2596695767683 6.05277232426266 2
12.5107589994148 6.72510881564655 2
12.5544361399161 8.14487752672352 5
13.8057943750177 8.81691850139284 2
13.8485369802247 10.2368669682432 3
15.0994145579442 10.9094148652299 0
15.1421403366012 12.3292173186281 0
16.3932641854602 13.0015618405833 1
16.4368447815199 14.4211708779764 2
17.6879486628162 15.0941058428794 5
17.7311706447983 16.5138939064115 0
18.9821934612284 17.1869774910073 0
19.0252823650477 18.6064138509781 4
20.2765071525051 19.2786814008142 5
20.3194764188537 20.6983449522183 1
21.5703832686451 21.3710167226293 2
21.6137055236595 22.7908922949642 1
22.8650137993952 23.4631200124938 2
22.9086053774549 24.8828458248653 1
24.1598359156263 25.5548471647174 3
24.2023155427702 26.9748153844189 3
25.4530972243605 27.647254018831 0
25.4963209277866 29.0669783496547 5
26.7476558142586 29.7391884335093 1
26.7912868762118 31.1589738324222 4
28.0422910885085 31.8320263741435 0
28.0851596061617 33.2518194013067 0
29.3362499200324 33.9245970214933 0
29.3793218791211 35.3440180732968 1
30.6304173609633 36.0166240745019 1
30.6734329292671 37.4363799867874 1
31.9243817106438 38.1094449557981 1
31.9678728054745 39.5291552585564 4
33.2192971487079 40.2012626934807 2
33.2621984584968 41.6209879740853 1
34.5132007705249 42.2931370741536 3
34.555811122186 43.7131089942212 2
35.8068100100121 44.3853771983374 2
35.8504845716073 45.8051057058095 5
37.1018449695262 46.4773369537982 2
37.1450909786037 47.8972564640488 0
38.3960251752891 48.5701295683337 0
38.438835003101 49.9898507318525 0
39.6899246539141 50.6623821222247 3
39.7333689620065 52.0818765461676 1
40.9844536475607 52.7547940027233 1
41.0277255164649 54.1745678933928 3
42.2787063923072 54.8477262461307 4
42.3220731425676 56.2672505993221 4
43.5733867540423 56.939402405559 1
43.6161489064038 58.3591712871614 1
44.8669756521792 59.0316118935988 2
44.909999014933 60.4515387358653 1
11.0872775039555 0.37361319334481 2
11.1310145635524 1.7933663891782 5
12.3822624574444 2.46549959894601 4
12.424828007 3.88546433287385 0
13.6756857956194 4.55801308376747 0
13.7187487509453 5.97766270898487 3
14.970001180985 6.64998421439519 1
15.0134951623488 8.06965578760152 2
16.2645320948146 8.74274009901101 3
16.3075786490006 10.1624851765703 0
17.5587471868522 10.8352789511462 4
17.6016936932116 12.2547093809506 5
18.852776555195 12.9270938243937 1
18.8956073457064 14.3469210460989 1
20.1464858809405 15.0197193406132 2
20.1899880284812 16.4395464323108 5
21.4414032171373 17.1115564925625 5
21.4845773248032 18.5313472860742 1
22.7356484844209 19.2034819675378 0
22.778173755878 20.6234448833126 4
24.0290970701299 21.2957490006211 0
24.0726991859638 22.7153911575413 5
25.3240419207839 23.3877558759464 2
25.3675779336207 24.807593511622 0
26.6185482615654 25.4807048321593 0
26.6614860454445 26.9003490010538 0
27.9126589615018 27.5728763744725 4
27.9558498275163 28.9923141606671 1
29.2068726841011 29.665080421043 1
29.2499812563134 31.0849102090202 1
30.5009492646674 31.7579396120269 5
30.5445444584575 33.1776016328764 2
31.7959108200941 33.8496589093946 1
31.8385230517317 35.2695127705199 1
33.0893508104927 35.9418668006277 0
33.1320776722937 37.3618047066969 2
34.3833126009529 38.0338807696115 5
34.427048459842 39.4536013744352 2
35.6782850267924 40.1260445007148 4
35.721212795792 41.5459851286603 0
36.9721549270683 42.2188210768375 0
37.0151501507267 43.6383867836641 3
38.2663405258979 44.3108119127876 1
38.3097094678931 45.7303686307424 5
39.5607618639203 46.4033842543595 1
39.6040025269707 47.8231408410855 0
40.8551632279373 48.4959550318478 2
40.8983418382302 49.915477234711 2
42.1495015877766 50.5876642677672 1
42.1922106852722 52.0075653139256 5
43.4429812771737 52.680173498973 2
43.4863318840959 54.1000474162876 5
44.7377283141202 54.7720657402531 2
44.7812667925678 56.1918768411958 5
46.0323493657255 56.8642221766864 0
46.0749076425453 58.2841668583622 0
47.3258230441914 58.9566636842423 0
47.3692460085346 60.3762195849036 1
13.5464990317908 0.298662772622883 2
13.5899654527795 1.71839057338967 4
14.8409597334864 2.3915436935307 3
14.8840560158279 3.81116944970462 0
16.1353653666397 4.48359011321486 2
16.1782941962298 5.90306386759683 1
17.4292839804745 6.57550609683103 1
17.4721314454941 7.99541486830654 1
18.7231002588688 8.66812388543106 2
18.7667183006771 10.0878978623857 2
20.0181003410474 10.7598817974149 5
20.0607884618489 12.1797763767891 1
21.3116794840467 12.8521192231408 0
21.3542759776563 14.272037847427 4
22.6053865447031 14.9442263823084 3
22.6490754225297 16.3638752001751 2
23.9002887948041 17.0365411372704 4
23.9435596193567 18.4563979809977 0
25.1945474975639 19.1294670030923 0
25.2375736160753 20.5489590712659 0
26.4887892525933 21.2213212800744 5
26.5320014193591 22.6408378902312 5
27.7830040237591 23.3136724649742 1
27.8262940804743 24.7335014241826 3
29.0774396178908 25.4061967193358 2
29.1209791093368 26.8258482431697 2
30.3722334590503 27.4979054022512 1
30.4147836829984 28.917849359115 1
31.6655136568521 29.5903592188478 4
31.7086037201989 31.0102127212521 2
32.9599504602792 31.6823039661053 1
33.0036522471232 33.1020877944898 2
34.254718810332 33.7748187548897 0
34.2974776323669 35.194730947468 0
35.5484537895117 35.8674896564353 0
35.5916333143141 37.2869644839666 1
36.8428351614205 37.959474760663 1
36.8860745850709 39.3791365203705 5
38.1370825426963 40.0522409429665 1
38.1803770308211 41.4719182417499 0
39.4317451642037 42.1442794503672 2
39.4746883167409 43.5638552117742 2
40.7257271308371 44.2360312590319 1
40.768412088335 45.6559893569144 2
42.0193164194311 46.3284890304602 2
42.0628994538586 47.7482933230587 2
43.3142885199206 48.4203511322261 2
43.3574002266266 49.8402547080995 3
44.6083435346074 50.5128037134228 0
44.6509629172717 51.9326781023305 0
45.9019837268839 52.6051176508337 3
45.9455614283739 54.0246713333496 1
47.1967432755968 54.6974207459904 5
47.2401262586891 56.1171875975664 0
48.4910995198811 56.7903680281537 0
48.5342845440766 58.2098652620757 0
49.7856055568605 58.8820872268847 2
49.8285730294686 60.3016652755227 1
16.0054689259856 0.224167200081661 5
16.0485490701369 1.64407794393804 1
17.2997215871707 2.31648234353446 5
17.3434244428331 3.73621886388744 2
18.5947352530403 4.40819766984601 3
18.637206962557 5.82815623001803 3
19.8879976333839 6.50061030470032 0
19.9308745436336 7.92041233290966 4
21.1821252804607 8.59260308755498 1
21.2257527485964 10.0123185967504 2
22.4768184782572 10.6852850002254 0
22.5197936956308 12.1051214446927 0
23.7708531369585 12.7780473174024 0
23.8138691561106 14.1974686181298 3
25.0650263486693 14.8699051215235 1
25.1080696566184 16.2895748657307 1
26.3590357400381 16.9625163608286 1
26.4024675752112 18.3822969102918 5
27.653830073655 19.0545526354142 2
27.6970659970771 20.4742366152258 1
28.9481970339091 21.1462972217444 3
28.9907786318954 22.5662693890079 4
30.2415986576862 23.2386957698183 4
30.2851048589097 24.6584488997954 2
31.536483445992 25.3306360364709 2
31.5800133824646 26.7505055448551 4
32.8309799857938 27.423416273878 0
32.8737431338676 28.8432231995539 0
34.1247776139933 29.5158792921829 3
34.1681143306985 30.9353392429459 1
35.4192342012697 31.6081029718453 1
35.4624657060842 33.0278551354926 3
36.7134182069382 33.7010528969597 3
36.7568411424598 35.1206406964074 4
38.0082473586821 35.7927768585177 2
38.0510262105688 37.2124685936818 1
39.3019365670104 37.8847392939055 5
39.3447097324597 39.3046945224111 2
40.595871559012 39.9769067507873 2
40.6395827928921 41.3966606007584 2
41.8909168854773 42.068761454114 4
41.933667413549 43.4887186147328 0
43.1845479174394 44.1613361582467 0
43.2273686303552 45.5810701462762 0
44.4785204014144 46.2534441638256 1
44.5220492496679 47.6730455779344 2
45.7731243483224 48.3460479445725 3
45.8163070520085 49.7658218810108 0
47.0673631509213 50.4388520422119 4
47.1104446842999 51.8582907010636 4
48.3616368454737 52.5305581479225 2
48.4045212155851 53.9503009600169 5
49.6553879649512 54.6229654487542 2
49.6987440027331 56.042844135771 5
50.9501074728027 56.7149400705818 2
50.9936539309388 58.1346898818166 1
52.2448459115293 58.8067338954076 3
52.2873331215659 60.2267011451895 1
18.4641240354407 0.149108835356983 0
18.5074587103809 1.56877721877373 5
19.7587980104055 2.24104021725529 2
19.8023972234064 3.66082366481922 4
21.0533911437682 4.33392928685051 0
21.0962992834819 5.75366533888672 0
22.3474441185939 6.42636176230277 4
22.3904910317983 7.84578214901255 1
23.641543502239 8.51840752949639 1
23.6845080283326 9.93821340007122 1
24.9354436580725 10.6112370562871 1
24.978988520289 12.0309573714228 2
26.2304082775765 12.7030024277799 1
26.2732167667385 14.1227853951573 1
27.5241734998034 14.7949846720489 3
27.5667713478314 16.2149498322723 2
28.8178340176513 16.887138435347 5
28.8615411138642 18.3068396841448 2
30.1128688311674 18.9791734791836 2
30.1561018739306 20.3990903864609 0
31.4070448184063 21.0720297475658 0
31.4499336220675 22.4916759928632 0
32.7010658666097 23.1641712795478 1
32.744467350157 24.5836602218988 2
33.9955289831368 25.256601171566 1
34.0387885827387 26.6763866762088 3
35.2898056652339 27.3494595403599 5
35.3332045918183 28.7690058951827 2
36.5844840020378 29.4411523460303 1
36.6271826132004 30.860991502111 1
37.8779648095363 31.5334772754631 4
37.9210257095479 32.9533928091259 2
39.1723728046332 33.6254269735207 5
39.2161026137262 35.0451893469346 5
40.4672941815114 35.7174545975679 0
40.5098981058349 37.1374139270109 0
41.7607843196895 37.8100050242635 0
41.8039410819045 39.2295953756159 3
43.0552016234568 39.9019608222416 1
43.0986429895886 41.3216259290228 2
44.349674413573 41.9947230646762 3
44.3927591858864 43.4144345731318 0
45.643992349049 44.0870975796323 4
45.6869182222709 45.5065520586068 5
46.9379712781708 46.1789044410812 1
46.9807516690825 47.5987866800497 1
48.2316246962217 48.2715290501068 2
48.2751533602673 49.691355672274 2
49.5265657116157 50.3633433652406 2
49.5696467982733 51.783175871448 1
50.8206661892849 52.4554021834495 0
50.8631980506093 53.8753521621705 4
52.1141709056584 54.5476427295666 3
52.1578090458323 55.9672581030335 1
53.4091129836176 56.6397318711042 2
53.452606094739 58.0595548460717 0
54.7035793738403 58.7326895112669 0
54.7465856230599 60.1522687351749 0
20.9237791736758 0.0746856879718322 1
20.9669378768921 1.49414178486767 1
22.2179365369046 2.16686818429481 5
22.2610549674899 3.58672233298015 1
23.5120682473525 4.25960903235408 5
23.5557011482602 5.67929178663413 2
24.8070393179707 6.35132844719906 1
24.8495851275074 7.77123006250893 1
26.1003757949966 8.44363917587148 0
26.1431455123361 9.86355063695761 2
27.3944064863548 10.5356271023976 5
27.438129738041 11.9553499829968 2
28.6893039719612 12.6279596463595 4
28.7322280047851 14.0478850776105 0
29.9831984454732 14.7207545679986 0
30.0262407577463 16.1402622944827 3
31.2774408718016 16.8126911300149 1
31.320728313785 18.2322664461299 5
32.5717668509819 18.9052805263017 1
32.6150497469181 20.3250300555194 0
33.8662841673895 20.9976765249365 2
33.9094614963399 22.417238425106 2
35.1606015679059 23.0893872977514 1
35.2032735485388 24.5093254918837 5
36.4540437547945 25.1819089707878 2
36.497449468489 26.6017574586306 2
37.748843396084 27.273809424823 2
37.7923341065453 28.6936490017297 5
39.0433624264489 29.3661534282962 0
39.0859614966008 30.7860752236226 0
40.3369107763084 31.4586149575154 0
40.3803606440858 32.8781417025012 1
41.6316060599675 33.5506941055452 5
41.6750176776313 34.9704203308973 4
42.9260001568898 35.6435942486832 3
42.9691831035508 37.063182148509 0
44.22054018764 37.7354851073444 2
44.2634445498149 39.1550065095401 5
45.514413803 39.8273853807202 5
45.5572621693493 41.2473149015618 1
46.8082891030991 41.9198728973282 2
46.8519390117371 43.3396447895037 2
48.1033050325111 44.011630167603 5
48.1459390466843 45.4315573730116 3
49.3968023282414 46.103972780117 0
49.4394503172999 47.5238511851388 4
50.6905858417038 48.1960749489039 1
50.734239888682 49.6157222666566 2
51.985394712398 50.2885264082531 4
52.028608874771 51.7083608390967 0
53.27961721206 52.3814249403473 0
53.3226619001088 53.8008759687 0
54.5738811810561 54.4732043807067 5
54.6170069125954 55.8927736187284 1
55.8679816963024 56.5655733571029 1
55.911313190581 57.9854114273278 1
57.1625407505743 58.6579017200813 2
57.2060748067471 60.0775802947224 2
23.3832784896722 -0.000399455223366606 3
23.4258049644918 1.41956209390959 3
24.6765436407788 2.09205415831211 4
24.7197296703964 3.51185931288449 2
25.9710799944952 4.18399764924877 1
26.0147532788371 5.60379939695765 4
27.2657768247379 6.27668058098684 0
27.3085634633073 7.69655199109553 0
28.5595745521909 8.36932328222397 0
28.6027510493517 9.78877173137947 1
29.8539139989179 10.4613535026408 1
29.8970795820849 11.8810506437667 1
31.1480622330357 12.5541730469773 1
31.1914395345333 13.9738410737589 4
32.4428475664506 14.6460777958271 2
32.4857556469462 16.0657104524521 2
33.7367698728917 16.7378681383162 1
33.7794348834878 18.157835875566 2
35.0304002168389 18.8302241651423 2
35.0740317924741 20.2500017014608 2
36.3254109949451 20.9221044148324 2
36.3684992776231 22.3420284427267 0
37.6194224520548 23.014691554156 0
37.6621113446631 24.4345096045763 0
38.9131638637431 25.1069824636656 3
38.956707824711 26.5265240293446 1
40.2078404960623 27.1993800509239 5
40.2511655610505 28.6191456813655 0
41.5021428830087 29.292322106898 0
41.5453720946621 30.7118055354997 4
42.7966835466855 31.3839968569792 2
42.8395861279716 32.8036498500117 1
44.0904761427297 33.4761396148473 5
44.1335839401826 34.8960557300577 1
45.3848345347241 35.5682928907233 2
45.4285473848792 36.9880347185361 5
46.6798324938955 37.6600349336867 3
46.7223101524969 39.0800006000811 3
47.9731139017965 39.7524696797312 0
48.0161048392211 41.1722079916318 4
49.2673716312032 41.8444421657676 1
49.3109570308607 43.2641593257439 2
50.5619951764436 43.9372064207836 0
50.6049614047482 45.357003516055 0
51.8560629809452 46.0298787157091 0
51.8990490363942 47.4492926543645 3
53.1501668622858 48.1217511558883 5
53.1931190255577 49.5414868248955 1
54.4440528195927 50.2144103115491 1
54.4875317684859 51.6341962932045 5
55.7389338798708 52.3063174717651 2
55.7820935013219 53.726044586774 1
57.0331892365749 54.3981225311168 3
57.0757508737214 55.8180946565762 4
58.3266302499474 56.4904403377836 4
58.3702117915617 57.9101495647225 5
59.6215832974233 58.582399125117 2
59.665091276791 60.0022741449185 4
60.9160502704545 60.6752728591314 0
25.8848448216574 1.34500632755885 0
27.1359263509085 2.01762575779654 3
27.1792390085362 3.43707542453808 1
28.4303169473812 4.10989695664539 1
28.4735155213486 5.52967743729713 3
29.7244661223383 6.2028513116195 5
29.7679572590911 7.62244812591832 4
31.019343015999 8.29455521389754 1
31.0620581014002 9.7143190591597 1
32.3129227151763 10.386633564455 4
32.3557079789921 11.806583574903 2
33.6069320092563 12.4787030328642 2
33.6506679957369 13.8984457186727 2
34.9019633743993 14.5706448083269 4
34.9447339971021 15.9906034722749 0
36.1956281139097 16.6632838005635 0
36.2385463561308 18.0829466057381 0
37.489726964071 18.7553372793417 1
37.5331990005933 20.174930802274 2
38.7842596414812 20.8479656859471 1
38.8274277643219 22.2677256349351 0
40.0785333505494 22.9406645240968 4
40.1216050373192 24.3601196304735 4
41.3727623910498 25.0323815879073 1
41.4155718550913 26.4521989119747 5
42.6664015561081 27.124863531204 2
42.7097879976225 28.5447404856953 5
43.9611828739315 29.2167622824017 2
44.0046707314654 30.6365408968471 1
45.2558127734295 31.3086676674247 0
45.2983154218079 32.7286297591249 0
46.5491831080893 33.4010325797444 0
46.5926104869729 34.8206536340646 5
47.8439430567767 35.4929845409235 2
47.8875067862053 36.9127593202225 4
49.1384966430392 37.5858944514458 0
49.1814624367593 39.0055730205504 0
50.4326686271934 39.6781559411527 4
50.4756927741639 41.0975856417946 1
51.7267104916213 41.7701935853267 1
51.7696468087388 43.1900427406039 1
53.0205887019647 43.862984405718 1
53.0641771474649 45.2827170594489 2
54.3155779602859 45.9547296347409 5
54.3582885865337 47.374567233331 1
55.609197794177 48.0468311157525 0
55.6517972654275 49.4667821443232 2
56.9029123305556 50.1389241391931 5
56.9466316865347 51.5586073450326 2
58.1979114284134 52.2310712888617 2
58.2411215079109 53.6509780887574 0
59.4920806435052 54.323961653425 0
59.5350373357749 55.7435354579403 0
60.7862077649279 56.4159818991655 1
60.8295547011126 57.835477056824 5
62.0805993942733 58.5084128694607 1
62.1238699372039 59.928206930759 3
63.3749437376201 60.6011439081062 2
28.3443324941906 1.27071520065749 2
29.5955816245998 1.94284495484015 1
29.6382273034146 3.3627398399639 1
30.8889747497774 4.03526492208979 4
30.9320869901752 5.45516025019182 2
32.1834512341968 6.12719521699826 5
32.2271614660201 7.54697245473665 5
33.4782906567188 8.21940179409017 0
33.520934965407 9.63934972063149 0
34.7718517723073 10.3119865953861 0
34.8150759928149 11.7315268609403 3
36.0663289651093 12.4039510501241 1
36.1097117125413 13.8236160813134 4
37.3607344852623 14.4967254198822 3
37.4038821690734 15.9164051134056 0
38.6551828025949 16.5889226520383 2
38.6980935246628 18.0084131627192 5
39.9491255299911 18.6807127973813 1
39.9918723852022 20.1006344296879 2
41.2427643688319 20.7732912705867 2
41.286322528 22.1931104832434 2
42.5377237550757 22.8651053524089 2
42.5807253090095 24.2849768189348 3
43.8316953525973 24.9573136757036 0
43.8742490118905 26.377241419972 0
45.1252606665102 27.0495498602142 3
45.1689057023608 28.4691479623199 1
46.4201570892046 29.1417485903736 2
46.4635963080593 30.5615548803574 0
47.7145729629537 31.2347026166359 0
47.7576408701536 32.6542270757129 0
49.0089050834696 33.3265561484017 5
49.0520175256576 34.7460485158882 1
50.3029934494283 35.4187195599575 5
50.3461363727353 36.8385925634279 1
51.5972170888457 37.5112977358538 5
51.6408769346724 38.9309990785741 2
52.8921925564767 39.6030101301215 1
52.9346898888036 41.0229453609919 3
54.1854581133668 41.6953893774191 0
54.2282956844287 43.1152618367887 2
55.4795711352526 43.7873680319931 1
55.523268870261 45.2071004045965 2
56.7743827408799 45.8798747028019 4
56.8172961616406 47.2997751607183 0
58.0682988174184 47.972660378608 0
58.1113598438373 49.3921235601713 3
59.3625514917931 50.0645704848501 1
59.4057476292362 51.4841809169568 5
60.656764468252 52.1571949843609 1
60.7001042037472 53.5769394156608 3
61.9514103097826 54.2494087318569 2
61.9945733252461 55.6690139470182 2
63.2456958723882 56.3411250525228 1
63.2883399258182 57.7610851484547 5
64.539134617791 58.4336121820296 2
64.5826068816576 59.8534272758694 2
65.8339957100932 60.525525322638 1
30.8034141803156 1.19538623615143 4
32.0544001268909 1.86804534083139 0
32.0970489258201 3.28792996702704 0
33.348030488705 3.96051024557941 0
33.3914795219392 5.3800148702217 1
34.6426752267525 6.05267961328448 5
34.6860304377082 7.47241240173255 3
35.9369987999975 8.14560807638468 3
35.9802684371864 9.5651701706789 0
37.2316519054324 10.237385696135 2
37.2745221026226 11.65696830255 5
38.5254656320434 12.3293037733982 5
38.5683215613979 13.7492444600434 1
39.8194219139198 14.4216430412277 2
39.8631048047896 15.8414079571979 2
41.1144557019746 16.5134071271099 5
41.1570660429633 17.9333561338187 3
42.4079169500519 18.6058342611797 0
42.4506424648654 20.0256584862663 4
43.7017996907249 20.6979266537367 1
43.7454082927107 22.1175732856582 2
44.9965137091319 22.7904951644199 4
45.03967437561 24.2103063804437 0
46.2907075062084 24.8833492876871 0
46.3337494049153 26.3027773155382 3
47.5849516694212 26.9750970000445 5
47.6279822243795 28.3947337302437 1
48.8789228194559 29.0675065694219 2
48.9222959003646 30.4873521426108 1
50.1735994424004 31.1596510059563 2
50.2171041387805 32.5793555997174 1
51.4683163667533 33.2513670068346 3
51.5108280999839 34.6713358091392 3
52.7615959174901 35.3437867797356 0
52.8048878846545 36.7635372184705 2
54.0562428344381 37.4357241052706 2
54.0998874329337 38.8555381662645 4
55.3508843508018 39.5285321830817 0
55.3937038083237 40.9483498750445 0
56.6447556870274 41.6211055151518 0
56.6879151317151 43.0405382449755 1
57.9390311206085 43.7131879971522 1
57.982133116171 45.1329276414518 1
59.2330918635579 45.8060551608222 1
59.2765472971355 47.2257226543136 4
60.5279728346234 47.897863983445 2
60.5708239258846 49.3175581914741 1
61.8218034161597 49.9897300058927 3
61.8644528311496 51.4096998791155 2
63.1154866049391 52.0819779402033 2
63.1591633668694 53.5017279133543 2
64.4105257806888 54.1738938390127 2
64.4536064176384 55.5938285170241 0
65.7045245687225 56.2665865757999 0
65.7472962927602 57.6863364156519 0
66.9983844677299 58.3588216395717 3
67.041886760295 59.7783515026071 2
68.2929824658227 60.4512835471368 1
33.2622305630832 1.12104720119842 0
34.5132241174672 1.79419399532762 4
34.5564848684456 3.2136800428809 4
35.807769495955 3.885862940443 2
35.8506014216719 5.30559569571398 1
37.1014478358961 5.97809551600223 2
37.1445843021183 7.39801131570833 1
38.3958987097007 8.07012280691356 2
38.4396081979271 9.48987345821043 5
39.6908554296283 10.1619339968219 0
39.7333562038383 11.581900348292 0
40.9841854564393 12.2543846707624 0
41.0272937004522 13.6740591925106 5
42.2785756392565 14.3463363935242 1
42.3221194438951 15.7660493755394 2
43.5731442679904 16.4391411395311 3
43.6161242394133 17.8588968259596 0
44.8672777532072 18.5316862391729 4
44.9102321171732 19.9511051006328 1
46.1613086992402 20.623571177112 1
46.204187456923 22.0433718827512 1
47.4550965562794 22.7162614553431 1
47.4986129895943 24.1360542960752 5
48.7500312615986 24.8080887475742 5
48.7930942796243 26.2278621086867 1
50.0441458592633 26.8999864525223 0
50.0866925989947 28.3199537454553 4
51.3376339526316 28.9922318565186 4
51.3812731236197 30.4119040230457 5
52.6326248402303 31.0842359816576 2
52.6761072314185 32.504106701791 0
53.927067658315 33.1771639983096 0
53.9699617622796 34.596829902587 0
55.221095016966 35.2693800702182 3
55.2643808315755 36.6888266353878 1
56.51542697788 37.3616658306044 1
56.5586113146876 38.7814721278065 3
57.8095791859846 39.4545751485353 5
57.8531229711813 40.8741904349419 2
59.1044777442897 41.5462823663516 1
59.1471238111395 42.9661131393681 1
60.3979419674127 43.6384863934895 4
60.4407523953139 45.0584240203222 2
61.6920224799354 45.7304898014156 5
61.7357682139333 47.1502272136241 2
62.9870105495597 47.8225637979766 4
63.0298040347798 49.2425180844083 0
64.2807197272363 49.9152535927947 0
64.3237245893352 51.3348487069569 3
65.5749280694253 52.0072520765211 1
65.6183362461525 53.4268423371199 2
66.8693892710911 54.0998873689946 1
66.9125712521167 55.519632240322 0
68.1637402129392 56.192443611506 4
68.2068054016871 57.6119265038806 2
69.4579327994371 58.2841674649026 1
69.5006837092023 59.7040463429007 1
70.7514891837455 60.3767020209781 1
35.720876696138 1.04656528376206 5
36.9722814169094 1.71856788186992 2
37.0157052895259 3.13837796579272 1
38.2667912537586 3.81062147298101 0
38.3093165430654 5.23057290465867 0
39.5602269629344 5.90298773363849 0
39.6037191286843 7.3225719123065 1
40.855028572804 7.99499151990576 2
40.8985495342871 9.41475468878603 4
42.1495361249538 10.0879081791276 0
42.1925742669622 11.507531899281 0
43.4438417749944 12.1799866921993 4
43.4868431127283 13.5994387327121 1
44.7378348308797 14.2719970093441 1
44.7807642864785 15.6918804674598 1
46.0317366480427 16.3646987089314 1
46.0753619247836 17.7844423962957 2
47.3267396317577 18.4564383895087 5
47.3693630736498 19.8763231646325 1
48.6202297394859 20.5486554477155 0
48.6628512493323 21.9685831463567 4
49.9140037179823 22.6407171232951 5
49.9577127387846 24.0603930044025 2
51.2089342840641 24.7330043753064 4
51.2521082465027 26.1528947769266 0
52.5030888069485 26.825902145335 0
52.5460929558465 28.2454130578046 0
53.7972886992148 28.9178159444891 1
53.8405644813506 30.3373345049066 5
55.0915911120757 31.0102505716159 1
55.1348923630994 32.4300510032816 3
56.3860384031768 33.1028119426787 2
56.4294699488108 34.5224221920306 2
57.6806961886495 35.194520775052 1
57.7233024877313 36.6144542833375 5
58.974032940966 37.2869945272431 4
59.017213454106 38.7068593242903 2
60.2685823455379 39.3789259648865 5
60.3122637854392 40.7987232379294 2
61.5633343025178 41.4713272390874 0
61.6060175241546 42.8912541623811 0
62.8569661465656 43.5639325675896 0
62.9002266177258 44.9834329434524 1
64.1514548722214 45.6559319516045 1
64.1947728186476 47.0756075156649 5
65.4457800830623 47.7487359404409 3
65.4890087296055 49.1683888323497 0
66.7403689559935 49.840765907779 2
66.783263354127 51.2603038924507 5
68.034277741294 51.9325478010475 1
68.0770029166038 53.3524940009216 2
69.327937549368 54.0250404666854 2
69.3715312858657 55.4448451577079 2
70.6229204601473 56.1168625422777 2
70.6658654165141 57.5367672649403 3
71.9167966012177 58.2092176468383 0
71.9593921014448 59.6291098025216 0
73.2104339417813 60.301457220356 3
38.1800293122334 0.971039409677539 1
39.4312234975068 1.64377021065677 5
39.474601543384 3.0635613434428 0
40.7255829612828 3.73671371046479 0
40.7686988834896 5.15619831498071 0
42.0199810486876 5.82846288712058 5
42.0630328383488 7.24801029753421 1
43.3139821730628 7.92062959843483 5
43.3571574134872 9.34051611386721 1
44.6083193614939 10.0130216366104 5
44.6519942500937 11.4327370944651 2
45.9032906291422 12.1047258246625 3
45.9457605199246 13.5246813481702 3
47.1965234371278 14.1971390323989 0
47.2394546174175 15.6169599387214 2
48.4907409064947 16.2891091376825 1
48.534405411199 17.7088528317331 2
49.7854696632718 18.3817689022503 0
49.8283723127506 19.8016337085384 0
51.079410344293 20.4745151013592 0
51.1224646961293 21.893949063262 3
52.3736299474088 22.5664282398232 1
52.4167318132305 23.9860878522924 1
53.6677196921765 24.6591030496021 1
53.7111216511411 26.078846088218 4
54.9624868121933 26.751150062209 2
55.0056127968914 28.1708013044534 2
56.2567128655093 28.8428921470846 3
56.2993325596508 30.2628629419865 2
57.5501734004017 30.9353088399414 4
57.5937171160943 32.3550858179256 2
58.8451009156095 33.0272348771835 2
58.8885222672993 34.4471211192531 4
60.1394815283785 35.1199148509619 0
60.1821904035191 36.5397463665567 0
61.4332074789484 37.2123480600569 3
61.4766374749277 38.631835616969 1
62.727782262378 39.3046044931477 5
62.7710854072523 40.7243516899553 3
64.022042753631 41.3975600068591 3
64.0653907958505 42.8171101944989 4
65.3167770041043 43.4892706320411 2
65.3595994555044 44.9089241543334 1
66.6105077218047 45.5812502416855 5
66.6533752282049 47.0011948054903 2
67.9045522353987 47.6734468352789 2
67.9482660822434 49.0932029833936 5
69.199595542709 49.7652401232764 4
69.2422089913146 51.1852004331237 0
70.4930612584206 51.857733987659 0
70.5358844275581 53.2774933508036 4
71.787064556606 53.9498015922905 1
71.8306232260999 55.369444594101 2
73.0816951908124 56.0424490422787 3
73.1248162859092 57.4622373113848 0
74.3758828380628 58.1352343890311 0
74.4189071290047 59.5546565773316 3
75.6700777690101 60.2269801924387 5
40.6389837267071 0.896687553788125 1
41.8898865322867 1.56944272411572 2
41.9332971698471 2.98929396869648 5
43.1846597335155 3.66143899972091 2
43.2281105752449 5.08117238130608 1
44.4792898136355 5.75320135281254 3
44.5217953426139 7.17317091958585 4
45.7726077420505 7.8455730153502 0
45.8160047391326 9.26526932475058 5
47.0673621437235 9.93750890447941 2
47.1109782602613 11.3573265577333 4
48.3619621085129 12.0303962236011 0
48.4048240572903 13.4501527096154 0
49.6559260984233 14.1228533014463 0
49.6990643047562 15.5422789314054 1
50.9501345189217 16.214973497407 1
50.9931883731166 17.6347569681676 1
52.2441321465028 18.3078620232592 1
52.287654315857 19.7275375207069 4
53.5390753387595 20.3996162160493 1
53.5818494553838 21.8193737285163 1
54.8327852576481 22.4915887014123 3
54.8754256997531 23.9115543928322 2
56.1265251828547 24.5837392904084 2
56.1702352100412 26.0034645689135 2
57.421567281344 26.6757240307816 2
57.4646462401671 28.0956606173283 0
58.7155715328857 28.7684941354989 0
58.7584296219235 30.1881704203513 0
60.0095557363066 30.8606461614142 1
60.0530105564657 32.280166941609 2
61.304082623125 32.9531389550774 1
61.3473388057977 34.3729117864537 0
62.5983672308142 35.0459876172544 4
62.6416499657374 36.4654906592815 4
63.8929006635536 37.1376708838356 1
63.9356640526019 38.5574797132507 1
65.1864661254116 39.2300082029158 2
65.2296362359594 40.6499176804976 1
66.4809940319536 41.3219567987802 2
66.5246858829478 42.7417215353902 5
67.7758819777855 43.4138850660493 0
67.8184154469404 44.8338474116808 0
69.0692766343712 45.5063559805592 0
69.112490483018 46.9259723550027 3
70.3637796770004 47.5982996511449 1
70.4072798727307 49.0180046510751 4
71.6582985970786 49.6911178456423 3
71.7013169826534 51.1108312623132 0
72.9525316059103 51.7835022348751 4
72.9954598991046 53.2029367032014 5
74.2465018337463 53.875381802848 1
74.289329067777 55.2952391447758 1
75.540230251308 55.9680686068441 2
75.583776803551 57.3878672249796 2
76.8351918073266 58.0598605564294 5
76.8781523986569 59.4796808246007 1
78.1291546824396 60.1518765645701 0
43.0976656935052 0.821828037558671 4
44.3486625049742 1.49406684619437 3
44.3923357983104 2.91371164760122 5
45.6436504241765 3.58615137168524 2
45.68709752542 5.00600987687505 0
46.9380645018894 5.67910248132469 0
46.9810266327588 7.09869726763255 0
48.232210155152 7.77115996563801 5
48.2754618256541 9.19061546225167 1
49.5264836647592 9.86343651997331 1
49.5696736055945 11.2832642417753 1
50.8206824417789 11.9562425345338 5
50.8642649635991 13.37588179981 2
52.1155883929605 14.0479570575935 1
52.1581714206273 15.4678429674102 1
53.4089489922631 16.140273442158 4
53.4518020512842 17.5601897106356 2
54.7030998332158 18.2322438848507 5
54.7468393762458 19.6519842153268 2
55.9980197253544 20.3244865932417 4
56.0408315332467 21.7444300268524 0
57.2917743636056 22.4172106065556 0
57.3348426002591 23.8367460876709 3
58.5860555967395 24.5091697305656 1
58.6293901224089 25.9287675724116 5
59.8804336644303 26.6018167807616 1
59.9236561769996 28.021546267009 0
61.1748959987561 28.6942046817104 2
61.2179563456053 30.1137249770966 2
62.4690616621228 30.7859275280295 1
62.5117701203636 32.2058506699358 5
63.7625732751613 32.8784720236406 2
63.8060331946872 34.2983230866775 5
65.0574350109175 34.970343855667 2
65.1007977771274 36.3901863030446 3
66.351828545144 37.0625702008755 0
66.3943852567951 38.4825027419644 0
67.6453330029302 39.1549498066685 0
67.6888588327951 40.57450640176 1
68.9401286494892 41.2470341028886 2
68.9835981851756 42.6667875342128 0
70.2345782985149 43.3399584562456 0
70.2776959341547 44.7595345175962 0
71.5290142208117 45.4318704385162 2
71.5719884963182 46.8513610561973 1
72.8229584299455 47.5238549792422 5
72.8658958833336 48.9437625875138 1
74.1169226701328 49.6164238467099 5
74.1605803324563 51.036174414821 2
75.4119383667082 51.7081584588136 5
75.4544979894737 53.1280799236795 3
76.705334456068 53.8004721260226 0
76.7480029977537 55.2203642464792 4
77.9991801417234 55.8925227085843 1
78.0428593128664 57.312199349988 2
79.2940202902686 57.9849600066208 4
79.3371494921817 59.4048278137612 0
80.5881552410358 60.0778400120105 0
45.5571500156475 0.747297282261214 3
46.8083523974238 1.41967381689228 5
46.8515398380098 2.83923440369085 5
48.1025427115015 3.51212631576175 1
48.1458874276582 4.9319324552489 3
49.3971128232912 5.60449566276725 2
49.4405408705902 7.02413970460616 2
50.6917486553641 7.69620231803388 1
50.7343271013268 9.11615920111074 5
51.9850631666058 9.78868165063013 4
52.0283286202207 11.2085058671213 2
53.2796979731675 11.8806185260706 2
53.3233480348495 13.3004375122268 4
54.5743711122606 13.9732060314153 0
54.6170936005575 15.393098439201 0
55.8680751594354 16.0658069250463 0
55.9113434503967 17.4852779540906 1
57.1625324300674 18.1578633709607 5
57.2057842753686 19.5775611603292 3
58.4567702848068 20.250712929274 3
58.5000878414363 21.6703476960848 4
59.7514896682228 22.3426061925308 2
59.7943574510678 23.7622011481393 5
61.045349789475 24.4344091781609 1
61.0880602302184 25.8543684257414 2
62.3390559162412 26.526790763955 2
62.3826899747971 27.9465760049704 2
63.6340678968508 28.6186258069993 2
63.6769818003696 30.0385552146878 3
64.9278896633868 30.7111094679333 0
64.9705490186234 32.1309508160034 0
66.2216188121156 32.8033401563648 3
66.2652108519672 34.2229187954218 2
67.5163526685855 34.895766728731 5
67.5596686437385 36.315546919424 0
68.8106588412919 36.9886930299563 0
68.8538061785519 38.4081547115094 0
70.1050834860199 39.0803857052926 2
70.1480635850321 40.500003398955 1
71.3989786205166 41.1725903850729 2
71.4421874580696 42.5924856858587 1
72.6934308891261 43.2648020877066 2
72.7371068394415 44.6845292875678 1
73.9883808283698 45.3565147602282 3
74.0308439963994 46.7764797559174 3
75.2816193503845 47.4489351219725 0
75.3246624552238 48.8686959711611 2
76.5759606707962 49.5408897995939 1
76.6195893736562 50.9606407896383 2
77.8706204502512 51.6336600137234 0
77.9135229132734 53.0534805437353 0
79.1646009486412 53.7263322566115 0
79.2076314597194 55.1457513249869 3
80.4587571038094 55.8182680575628 1
80.5017703962721 57.2379851513298 1
81.7527276910594 57.9109936972082 1
81.7961892173082 59.3307396103412 4
83.0475938864485 60.0029062686925 2
48.0166232486119 0.672601283221657 1
49.2676915830306 1.34469887476943 3
49.3102880765353 2.76467243776877 2
50.5611894739307 3.43702615935777 4
50.6048001085505 4.85676370079068 2
51.8561758408432 5.52897234588207 2
51.8995780179678 6.94886954324029 0
53.1505258993552 7.62176916217802 0
53.1933039378914 9.04153479949621 0
54.4443625172758 9.71412792865243 3
54.4877654776751 11.1336022603893 1
55.7388662803987 11.8064496537137 1
55.7821287588474 13.2262165773461 3
57.0330847973233 13.899414274773 3
57.0764986887521 15.318967221635 4
58.3278668262236 15.9911009207634 2
58.3706299100849 17.4108299514959 1
59.6214943019911 18.083181470032 5
59.6643790393781 19.5031238912451 2
60.9156237789934 20.1752615803773 2
60.9593606200856 21.5950114580295 5
62.2106556469705 22.2671233460628 4
62.2532907046536 23.6870870223905 0
63.504156027055 24.359672335119 0
63.5470844836742 25.779362547002 3
64.7982890938497 26.4517014556113 1
64.8417946632082 27.8713378082496 2
66.0928493514255 28.5443872685457 3
66.1359535488956 29.9641524510441 0
67.3870667790957 30.6370693479169 4
67.4300687585182 32.0565002968616 5
68.6812028362057 32.7288236377447 1
68.7240582738991 34.1486114357766 1
69.9749255118838 34.8213528669822 2
70.018367583483 36.2412071915578 5
71.269765838075 36.9132513045783 2
71.3131444683393 38.3330181057306 1
72.5642794571621 39.0051019296247 0
72.6067863920718 40.4250679464466 0
73.8576499374842 41.0974320984384 0
73.9011372924825 42.5170814653095 5
75.1524882416429 43.1893866915252 2
75.1960733326005 44.6091991577063 4
76.4470528034493 45.2823144154751 0
76.4899705239939 46.7020069065438 0
77.7411303990196 47.3746149117512 4
77.784247157168 48.7940418361091 1
79.0352793075147 49.4667433668798 1
79.0783055327544 50.8865664724391 1
80.3292510975093 51.5596081761542 1
80.3728277851941 52.979297599566 2
81.6242280143703 53.6513412455983 1
81.6669143813897 55.0711595363373 1
82.9178029252516 55.7434346871222 0
82.960446116967 57.1633890521956 2
84.2116008549725 57.8355109407189 5
84.255327457093 59.2552183922089 2
85.5066138956768 59.9276044935707 4
50.4756554309482 0.597530612536902 0
51.7265968100821 1.27042147262279 0
51.7695331821687 2.69002453520122 0
53.0206950571561 3.36247518523215 1
53.0640929365727 4.78199460497827 2
54.3151503095067 5.45497613615685 1
54.3584082519904 6.87475135087676 3
55.6094909987166 7.54770940237437 2
55.652789097465 8.96724032286871 2
56.9040077347963 9.63940921480761 1
56.9467132249265 11.0592818328084 1
58.1974779710525 11.7318412521357 2
58.2406909186252 13.1517367270503 2
59.4920702428542 13.8237572066157 5
59.5357333118403 15.2435407991049 5
60.7868695326648 15.9158460612413 0
60.8294415436056 17.3357995568749 0
62.0803363384581 18.0083446628135 0
62.1236312343922 19.4279118735402 1
63.3749128223751 20.1003047322367 1
63.4183637774325 21.5200028716855 4
64.6693765276351 22.1931294763911 3
64.7124564578778 23.6128017289068 0
65.9637368553761 24.2853341049212 2
66.0066447912024 25.7047961260742 5
67.2576615593125 26.377192387227 1
67.3004569650883 27.797093157621 1
68.5513737646332 28.4698301244893 2
68.5949485095267 29.8896299901951 2
69.8463500401745 30.561613780219 5
69.8892181869604 31.9814776861176 1
71.1401718070598 32.6537632102957 0
71.1827266297711 34.0737008413061 4
72.4337671783332 34.7459354300732 3
72.4774476850516 36.1655632237377 1
73.7287104176293 36.8381315457162 2
73.7721095698195 38.2579729308352 0
75.0230855803291 38.9310840101796 0
75.0661066664268 40.3506158627198 0
76.3173303676975 41.0229932208779 5
76.3605330306075 42.4424746039058 1
77.6115330521414 43.1152546037282 1
77.6547459558646 44.5350995609213 1
78.9058182418698 45.2079066107614 5
78.9494272428262 46.6275711805989 2
80.2007250676172 47.2996203113591 1
80.2432589090541 48.7195461229695 1
81.4940092284933 49.3920150988065 4
81.5369265306829 50.8118986446579 2
82.7882378895846 51.4839750348613 5
82.8319583342866 52.9037262178769 2
84.0830763946914 53.5764029478239 0
84.1259001631039 54.9963262965081 0
85.3768740614827 55.6691381163703 0
85.4199768812513 57.0886251962645 3
86.6711823105025 57.7610824390063 1
86.7144345955305 59.1807023560781 5
87.9654610403296 59.8537595156823 1
52.9347121518851 0.523470652084954 0
54.1860219971398 1.19596511277347 2
54.2290723631921 2.61552987876283 2
55.4801604448947 3.28768820267765 1
55.5228380169395 4.70763917129259 5
56.7736638092853 5.38019634918069 2
56.817174670658 6.80002186762764 5
58.0685690149596 7.47208071111949 2
58.1118814547617 8.89195357581626 3
59.362865572837 9.56448477348716 0
59.4054660246452 10.9843858994239 0
60.6564461316623 11.6568763014754 3
60.6999757923169 13.0764122184521 1
61.951194639204 13.7490590939794 5
61.9946074343935 15.1688082131511 0
63.2455787520296 15.8419968333998 3
63.2887746976379 17.261537355728 0
64.5401240187216 17.9337827038287 2
64.5830618782082 19.3533286570747 1
65.8340077667448 20.0257652998055 5
65.8769609674418 21.4456877604509 1
67.1280605270337 22.118173988661 2
67.171747587586 23.5379260343278 2
68.4230889861914 24.2099055604405 5
68.4656135024054 25.6298520990517 3
69.7164351928597 26.3022917459935 0
69.7591779963697 27.722134482807 4
71.0103738278114 28.3943347225669 1
71.0540111216683 29.8140149911501 2
72.3051183906551 30.4869088888514 4
72.3482027068494 31.9067491253969 0
73.5992371043432 32.5797478322326 0
73.6422613554458 33.9991787474411 3
74.893450067384 34.6715507194763 5
74.9365382128915 36.0911694238726 1
76.1875104218395 36.7640396583184 1
76.2309025009027 38.1838515326326 3
77.4822035094233 38.8562195019368 2
77.5256046780266 40.2758965907441 2
78.7767918642503 40.9479340993327 3
78.8193491832673 42.3679023810245 5
80.0701134328701 43.040377045607 4
80.1134740393328 44.4601529877175 2
81.3648441629241 45.1323160837516 2
81.4084654657278 46.5521530544489 4
82.6594567481043 47.2250580691663 0
82.7022223854155 48.6449007593081 0
83.953241006369 49.3176166560887 0
83.9964980103708 50.7370677486903 1
85.2476391331646 51.409739893672 5
85.2908318958239 52.8294689629305 3
86.5417959289878 53.5026376429501 1
86.5852008370207 54.9222646743645 4
87.8366216714695 55.5944334112888 2
87.8794462046338 57.0140924149651 1
89.1304071040475 57.6862977199422 3
89.1731075059602 59.1062617194406 2
90.4241734651758 59.7785604168625 2
55.3938170678337 0.448318953284084 2
56.6451792157956 1.12041835198789 2
56.6880853851351 2.54036239702764 0
57.9389852734854 3.21300710564638 0
57.9817271719963 4.63278445082492 0
59.2328270808059 5.30520452834334 1
59.2763742055498 6.7247737332788 2
60.5274756702486 7.39771112574173 5
60.5707387683431 8.81748453050745 0
61.8217470764618 9.49060405036181 4
61.8649109743026 10.9100600371894 4
63.1161645275436 11.5822809128765 2
63.159066641329 13.0019774452708 1
64.4099410302433 13.6745555462977 2
64.4531819280841 15.0944547976441 1
65.7044945621824 15.7666173646839 2
65.7481553555337 17.1863585918846 1
66.9993974005165 17.8583745405562 3
67.0418708918149 19.2783418225478 0
68.2926738836112 19.95078954496 0
68.3358355944804 21.3704885598617 5
69.5871457993635 22.0427276759735 1
69.6307385602281 23.4624791299456 2
70.8817519599888 24.1355624184257 0
70.9246722130691 25.5553342733614 0
72.1757987909347 26.2281203892703 4
72.2187987324373 27.6475364281321 1
73.4698803283895 28.3200788285489 1
73.512819785542 29.7398552181343 1
74.7637523397219 30.4128380251552 1
74.8072645158567 31.832590984782 2
76.0586857437715 32.5046603811832 5
76.1016573998358 33.9244119869584 1
77.3526846826069 34.5965442873689 3
77.3952609183838 36.0165148797328 4
78.6462279823717 36.6887824568088 4
78.6898914781602 38.1084841256656 5
79.9412485264502 38.780772258727 2
79.9846330113499 40.2006705437513 0
81.2355813663554 40.8736471331565 0
81.2784331741125 42.2933396567185 0
82.5295379892742 42.9658929173667 3
82.5729098663489 44.3853588431569 1
83.8239777069568 45.0582473208179 1
83.8672174114627 46.4780345328004 3
85.1181894416212 47.1511804919448 5
85.1616549315366 48.5707489176204 2
86.4129921389951 49.2428722072061 1
86.4556902030045 50.662674394888 1
87.7065076172988 51.3350745355241 4
87.7494195490541 52.7550084705655 2
89.000715501424 53.427074437747 2
89.0444632639357 54.8468231728305 2
90.2957092146576 55.5190519903243 4
90.33837605024 56.9390134341433 0
91.5892630501616 57.6116496121763 0
91.6322901806093 59.0312727939771 3
92.883515165164 59.7036389238738 1
57.8529321985903 0.373263478168527 2
59.1039793983478 1.04633101299555 3
59.1470949545046 2.46607212841933 0
60.398267679238 3.13887415587109 4
60.4412515983646 4.55832589144664 5
61.6923522682354 5.23063286117621 1
61.7351423381037 6.65048666168429 5
62.9859853251716 7.32320535787467 2
63.0294554561516 8.74305819271582 5
64.2808663207452 9.41505738661793 2
64.3241642269536 10.8348606156369 1
65.5752471807506 11.5070331723723 0
65.6177628356717 12.9269907428586 0
66.8686760140328 13.5993400309112 0
66.9122284528305 15.0189527793167 5
68.1635574823262 15.6913446937905 2
68.2071045382025 17.111145552309 4
69.4580832233895 17.7842868720292 0
69.5010686637521 19.2039165940007 0
70.7522884314628 19.87640924695 4
70.7953815324571 21.2958489748912 1
72.0463847672873 21.9685191419639 5
72.0894041632644 23.3883752081997 1
73.3403749063244 24.0613055242272 5
73.3839953586633 25.4810111448008 2
74.6353685257894 26.1530339825339 1
74.6779700959657 27.5729054741889 1
75.9288146235061 28.2452446637023 0
75.9714784136452 29.665178969069 2
77.2226732065926 30.3372765866789 5
77.2663969725357 31.7569764532909 2
78.517626212045 32.4295134298615 4
78.5606833742243 33.8494325645914 0
79.8116479709384 34.5223613526738 0
79.85464296358 35.9418979715042 0
81.1058303938568 36.614323436103 1
81.1491572813873 38.0338556299857 5
82.4002010257271 38.7068305906775 1
82.4434843684549 40.1266062726974 3
83.694636256414 40.7994064451541 2
83.7379432644984 42.2189725036424 2
84.9891371961529 42.8911137544173 1
85.0317983365049 44.3110331521232 5
86.2825424711346 44.9836047993833 2
86.3258114817761 46.4034768145735 2
87.5771963508506 47.0755187328963 2
87.6208233947706 48.4953253388626 5
88.8718996628048 49.1677957075426 0
88.9145132209276 50.5877327598141 0
90.1654413454941 51.260321139249 0
90.2087859776778 52.6798488662534 1
91.4600429909255 53.3523250356945 2
91.5034383850099 54.7720229585055 4
92.754439972811 55.4451673708734 3
92.7976006473525 56.8648029468823 0
94.0489414712493 57.5371980372625 2
94.091830992771 58.9567012367303 5
95.3428285386499 59.6290351698456 1
60.311575476678 0.298959925696094 2
61.5625321810118 0.971575924733069 2
61.6061379352261 2.39137055295339 2
62.8575243799974 3.06336158687427 5
62.9003225382387 4.48326300137231 3
64.1512361080039 5.15564366816969 0
64.1938240640084 6.57555053726481 4
65.4448967896966 7.24781155499994 3
65.488559424554 8.6674306681861 2
66.7397638227178 9.34013476234568 2
66.7831042177557 10.7599570692338 0
68.0340915233737 11.4330728628157 0
68.077153999405 12.852555621827 0
69.3283996484522 13.5248682851724 5
69.3715353935816 14.9443945570547 5
70.6225109193856 15.6171270093191 2
70.6657579829726 17.0369854532069 1
71.9169095462049 17.7095923899265 2
71.9605313221569 19.1292794565403 2
73.2118089876208 19.8012976025765 1
73.2543098264553 21.2212485744382 3
74.5050513820055 21.8937285288095 0
74.548055274937 23.3135669165969 2
75.7993740411019 23.985684543446 1
75.8430672905698 25.4054507529059 2
77.094131697247 26.0782885599243 0
77.1369640378151 27.4981797751104 0
78.3879719539645 28.1710058801235 0
78.4310814580858 29.5904581416198 3
79.68226194782 30.2629625592286 1
79.7254283760151 31.6826192088743 5
80.9764300142544 32.3556878251587 1
81.0197840633024 33.775395720259 4
82.2711522955667 34.4477348481346 2
82.3141772861751 35.8673492489257 2
83.5652457520416 36.5394766606043 1
83.6078981686609 37.9594428763871 2
84.8587689792459 38.631911671713 2
84.9023374190895 40.0517062766062 2
86.153724533047 40.7238106942288 2
86.1970020756967 42.1437082308882 3
87.4479540906034 42.8163762013791 0
87.4906127922181 44.2362303741298 0
88.7416249953101 44.9087581873335 3
88.7851362892342 46.3282778465281 1
90.0363018112089 47.0010405149843 5
90.0796579693195 48.4207923997018 0
91.3306224526906 49.0939929195952 3
91.3738881711484 50.5135124780449 4
92.6252453078812 51.1857000513354 2
92.6681341469532 52.6053146770344 5
93.9190478318786 53.2777211619115 5
93.9620206729553 54.6976511335685 1
95.2131997741338 55.3699680904884 2
95.256913050817 56.7897183503694 5
96.5082346575907 57.4617132906149 4
96.5507528583857 58.8816736823672 3
97.8015743738106 59.5541518382244 0
62.7703840085426 0.223928497001967 4
64.0215983737727 0.896173107664235 1
64.0651893157248 2.3158546796732 2
65.3162577684946 2.98884869632449 3
65.3593076362945 4.40865855897769 0
66.6103764334385 5.0816211950979 0
66.653379839796 6.50103787867724 3
67.9045385243974 7.17341993716891 5
67.9475278433018 8.59310732789468 1
69.1984648377231 9.26595865828958 1
69.2419009491196 10.68577623859 5
70.4932626689822 11.3579763618761 2
70.5366086564059 12.7776877264769 1
71.7877670584687 13.4497251698572 3
71.8303076879404 14.8696965356074 4
73.0811183929354 15.5421061612488 4
73.1245741357056 16.9618313475833 2
74.3759443909504 17.6340477325509 2
74.4195396064305 19.053894334508 4
75.6705143690709 19.72689929652 0
75.7133291876741 21.1466803806924 0
76.9643926538094 21.8193690840126 0
77.0076295651885 23.2388079163338 1
78.2587231631728 23.9115485501776 1
78.3018694110351 25.3313135092435 3
79.5528180594637 26.0044773552531 1
79.5963003295528 27.4241077795477 4
80.8477176720039 28.0962174792231 2
80.8904808575236 29.5159444113849 1
82.141400550838 30.1881810804552 3
82.1840975825861 31.6081434087524 2
83.4352318959297 32.2803357093359 2
83.4789423571184 33.7000792162368 2
84.7302771459306 34.3722577412601 4
84.7731898844662 35.7922075326494 0
86.0240946578719 36.4649294810009 0
86.0669281641065 37.8846354083307 0
87.318061221836 38.557068356823 1
87.3615572035969 39.9766278186707 2
88.6126332062572 40.6496191176564 1
88.6558627204674 42.0693877131866 0
89.9069048630123 42.7424465058561 4
89.9500761097485 44.1619126653435 4
91.2012962425949 44.8341321032155 1
91.2441219708419 46.2539079163238 1
92.4949537570788 46.9264956173875 2
92.5382263572684 48.3463934973599 1
93.7895887238799 49.0184527552766 2
93.8332183046168 50.4382132786407 5
95.0844152278534 51.1103021333542 0
95.1269105031774 52.530266973863 0
96.377749872037 53.2027151555347 0
96.421023018334 54.6223571116439 5
97.6723391681222 55.2946491267148 1
97.7158954320468 56.7143944078902 4
98.9669010181175 57.3875125666086 0
99.0098603981864 58.8072342110886 0
100.261044813194 59.4799181761169 4
65.2299856989912 0.149336276371731 3
66.4810280194525 0.82187557544222 1
66.5239157096733 2.24170657794681 1
67.7748377250144 2.91463365749193 1
67.8183902587049 4.33439584834977 2
69.0698075945113 5.00640969954181 5
69.1126767358607 6.42621337753782 1
70.36365681815 7.09840348928399 0
70.4062221837954 8.51836518674457 4
71.6572497098284 9.19057065443909 4
71.70094582503 10.6102444262425 5
72.9522680119271 11.2826386586062 2
72.9956271930029 12.7025291439947 0
74.2465841757583 13.3755568674076 0
74.2895076598705 14.7951748766327 0
75.5406593090483 15.4676645259749 3
75.5839928864581 16.8871310967005 1
76.8350371723037 17.5600233141484 1
76.8782748327415 18.9798276220901 3
78.1292848717147 19.6528690832832 5
78.1727876099681 21.0724618164314 2
79.424091437142 21.744574331225 1
79.4667275883115 23.1644393969349 1
80.7175018419522 23.8368942446924 4
80.7604545099609 25.2568117616294 2
82.0117818620859 25.9288518993467 5
82.0555260673381 27.3486057487468 2
83.3067119987537 28.0209890245509 0
83.3494127087065 29.440942982203 0
84.6003264974988 30.1136285472621 0
84.6434329771133 31.5331919236071 3
85.8946668476917 32.2055921554959 1
85.9380527959457 33.6252207472047 2
87.1890934244318 34.2982964076068 3
87.2322482237418 35.7180131585162 0
88.4834888599072 36.390673980695 2
88.5264607064395 37.8101574729591 5
89.7775357641242 38.4824275924846 1
89.8202786043851 39.9023319885614 5
91.0711177904627 40.5750048749283 2
91.1146183467013 41.9948491715691 5
92.3660262314615 42.6668468925953 2
92.4092463329373 44.0866868916482 1
93.6602750472554 44.7589760174158 0
93.7028099645771 46.1789179886248 0
94.9537660935424 46.8512794665176 3
94.9973548985264 48.2708655112859 1
96.2486441700037 48.9433674190377 2
96.2921433799041 50.3631541881137 0
97.5431205373996 51.0363133335357 0
97.5861788993392 52.4558862655952 0
98.8374512833307 53.1282635377861 2
98.8805140084717 54.5477315785823 1
100.1314940146 55.2203454309839 5
100.174524773309 56.6402270926175 1
101.425545397749 57.3130031647296 5
101.469200857345 58.7327235761745 2
102.720549931012 59.4047268956243 1
67.6890518572186 0.0746348562532233 1
68.9398630791886 0.747028074660266 0
68.9825712277205 2.16693118942059 2
70.2337912153443 2.83904100915027 1
70.2774938068447 4.25874275674486 2
71.5286613344883 4.93143928276916 4
71.5716921380588 6.35133875366461 0
72.8226847891344 7.02428633212687 0
72.8657123803105 8.44376861678963 3
74.1169085740359 9.11618102040771 1
74.1601490819679 10.5357436430324 5
75.4111740106994 11.2087070004557 1
75.454500352935 12.6284826894071 3
76.7057287747961 13.3010986438258 2
76.7490340015994 14.7207028952815 2
78.0002093150591 15.3928065133392 1
78.0428379420203 16.8127557763174 5
79.2935845172821 17.4853081188727 4
79.336924289674 18.9051470109686 2
80.5883077714935 19.5772310276379 2
80.6318967037949 20.9970625914273 4
81.8829216187172 21.6697005019252 0
81.9255788331557 23.0896093591906 0
83.1765394345411 23.7622391748578 0
83.219901989688 25.1817368039515 1
84.4711195410651 25.854310438844 5
84.5144555291915 27.2740178057046 3
85.7654404522368 27.9471859648883 3
85.8086914262119 29.3667936872841 0
87.0600767372404 30.0390721921327 1
87.102942570644 31.4586293449871 5
88.3539195935763 32.1309107000552 1
88.3966912010123 33.5508573852563 2
89.6477082355077 34.2233348092449 1
89.6913486672169 35.6431183501292 2
90.9427218381135 36.3151269930517 2
90.9854782195082 37.735057174428 3
92.2363661256409 38.4075267261591 0
92.2790116392685 39.8273883504236 4
23.382046607757 40.4996916312652 3
93.5737369141311 41.9193060088181 2
24.6768219064021 42.5921379470457 1
94.868163590775 44.0119418991586 0
25.9711018121665 44.6850502060241 0
96.1622501979625 46.1045008361257 0
27.2654318166208 46.7767788088709 5
97.4565510870096 48.1963674736594 1
28.5594318234758 48.8690614185471 2
98.7507805222661 50.2889299935166 1
29.8539515562177 50.9613345232519 2
100.045632318271 52.3810407878524 1
31.1488262667808 53.053037395129 2
101.339373300057 54.4730012564887 3
32.4420623268219 55.1454675536058 0
102.633235132703 56.5652508885322 3
33.7364979377643 57.2374143823775 1
103.92822410275 58.65719351183 2
35.0311867609009 59.3301587292879 0
