x           y           stackinginfo
0.0 0.0 0
1.372505 0.36573 1
1.74196994295101 1.73695357560322 1
3.11453477090334 2.10280516727352 1
3.48396147438857 3.47437785784581 3
4.85656355896033 3.84036618039716 5
5.22614792757028 5.21167823577923 2
6.59854826382083 5.57722080393425 1
6.96799439385282 6.94893432638442 2
8.34038583300392 7.31455909516514 2
8.71025584514996 8.68597501449038 5
10.0827906614403 9.05150613619945 4
10.4520968741149 10.4232426272173 0
11.8243700554717 10.7890783682991 0
12.1940256300045 12.1603858431516 1
13.5666847052813 12.5261368556519 2
13.9362475965258 13.8976697328776 0
15.3088277362667 14.2637983916138 0
15.678152607167 15.6350391167577 3
17.0506197163267 16.0008461072283 5
17.4200383645956 17.3723430829856 1
18.7925942898269 17.7382272143272 1
19.1624588442623 19.109610348652 2
20.5350701850256 19.4750043468768 1
20.9044280940024 20.8466747062445 1
22.2766035110879 21.2124042410675 4
22.6461364437929 22.5839863320448 2
24.0187765625932 22.9493742104426 2
24.3884079918096 24.3209924385701 3
25.7608661240692 24.6867843128518 0
26.1302665702808 26.0582638233595 0
27.5027711588324 26.4240632177768 1
27.8723900084343 27.7954035643667 2
29.2450349985519 28.1614102601399 3
29.614455461309 29.5328353248897 0
30.9871120064103 29.8984755442321 2
31.3564499577484 31.2698466758305 5
32.7287959423997 31.6357028373016 2
33.0983763173152 33.0073357548239 1
34.470978139297 33.3729276237116 5
34.8405494155664 34.7444576386316 1
36.2128885169284 35.1099642906456 0
36.5822042974733 36.4816962090241 4
37.9546413510602 36.8471777335338 1
38.3245137508144 38.2185489894913 2
39.6971146927659 38.5844207520358 0
40.0665562981127 39.9560282786013 0
41.439058740501 40.3218673217072 0
41.8085622361791 41.6930893445423 1
43.1811830612329 42.0589122315454 1
43.5505765852391 43.4304738719339 3
44.9232016507574 43.796428656584 2
45.2926801904589 45.1677161237224 2
46.6650590317442 45.533313686612 1
47.0345485565628 46.9050061246297 2
48.4070144994033 47.2706162029863 2
48.7769020156994 48.6420287301435 2
50.1494054012758 49.0075236312349 2
21.8543970357782 0.731373846951882 0
23.2266230527276 1.09719154486774 0
23.5962815312507 2.4685249081566 1
24.9689447038199 2.83427161360613 2
25.3385568800847 4.20583138941978 0
26.7111287401532 4.57191200141731 0
27.0805149646915 5.94313447682553 3
28.4529949422949 6.30896955167653 5
28.8224405637524 7.68044983897349 1
30.1950207289835 8.04641198446877 1
30.5648279650425 9.41775217219673 2
31.9374260682904 9.78317639055833 1
32.3067871519471 11.1548404511599 5
33.6789762749738 11.5206013506394 4
34.048567705974 12.8921683424411 2
35.4211970315545 13.2575614654603 2
35.7907233267385 14.6292161309142 3
37.1631316204483 14.9949098857546 0
37.5325760001425 16.3663893149395 3
38.9051131400157 16.7321025700587 1
39.2747742702862 18.103478350179 2
40.647406503469 18.4695238371761 3
41.0167692902602 19.8409389680542 0
42.3893811391298 20.2066247143295 2
42.758704225479 21.577983200331 1
44.1311206903714 21.943875038452 2
44.5007385623862 23.3154668411645 1
45.8733571838893 23.6810901895129 5
46.2429148111809 25.052613187258 1
47.6152150752674 25.4181642165528 0
47.9845980000414 26.7898844143248 2
49.3570893950973 27.1552993471956 1
49.7269677138714 28.5267088542687 2
51.0995280320371 28.8925310465381 0
51.4688978961812 30.2641730193154 0
52.8413493508634 30.6300283150925 3
53.2109084104928 32.0012680791217 1
54.5835680701908 32.3670955699825 1
54.9529456454858 33.7386492877319 0
56.3255954126944 34.1045443402647 2
56.6949934990893 35.4758087055521 2
58.0673643943055 35.8414686462045 1
58.43687829318 37.2131405261929 1
59.8093982022504 37.5787838001999 2
60.1792759857816 38.9501927208361 2
61.5517522841537 39.3156593339849 3
61.9209430295742 40.6874315448178 4
63.2931447756441 41.0532261865246 0
63.6628244865523 42.4245807623183 1
65.0354781567478 42.7903261030279 2
65.4051181620459 44.1619136229056 0
66.7776683811436 44.5279353638192 0
67.1471391468014 45.8991446016744 3
68.5196494863756 46.2649860486949 1
68.8891038591769 47.6364607170738 3
70.2616896709344 48.0025018796745 1
70.6313904343562 49.3738082880354 4
43.3397283656428 0.0913738858792068 1
43.7090911400559 1.46302756567428 5
45.0813260091439 1.82879294387856 2
45.4509940881304 3.20033560984394 5
46.8236094483166 3.56572748995079 2
47.1930386544228 4.93740801527586 3
48.565391061293 5.30303716291175 0
48.9348727588844 6.67452024915625 3
50.3074485450462 7.04014061350857 1
50.6771493120514 8.41155968202894 4
52.0497620046583 8.77763786565095 0
52.4190816915168 10.1490488479537 0
53.7916422701028 10.5148021698274 2
54.1609898511446 11.8861479302126 5
55.5334819015732 12.2520628079655 1
55.9031250769703 13.6236081005336 3
57.275764932979 13.9892374078316 2
57.645315896599 15.360745468578 1
59.0175807010713 15.7263577696405 0
59.3870093840511 17.0980689882677 2
60.7595494051333 17.4634500389229 1
61.129391413666 18.8349015603161 5
62.501907595613 19.2006460960998 0
62.8711987602024 20.5723204669019 0
64.2436142755247 20.9381610556667 3
64.6132336474903 22.3094199566978 2
65.9859124719661 22.6752651636065 5
66.3552954560848 24.0468097210359 0
67.7279625197762 24.4126339700131 4
68.0973132402246 25.7838785955221 5
69.4696949380198 26.1496004056193 5
69.8392153434491 27.521251463576 1
71.2117678264951 27.8869674099923 5
71.5816105721024 29.2583705442353 2
72.9540634579198 29.6238225947459 3
73.3232721608328 30.9955963966019 4
74.6954782899794 31.3613553614922 2
75.0652026632502 32.7327256784308 2
76.4378363882432 33.0984610578526 2
76.8074636789933 34.4700788133797 0
20.8515063259496 34.8360452432478 0
21.2210581579486 36.2072511530588 3
22.5936095418916 36.5730831057995 1
22.9630567542443 37.9445636259713 3
24.3356415626447 38.310664264096 3
24.7052073513287 39.6819460909218 4
26.0777411323499 40.0474879490922 1
26.4471056876795 41.4191271017791 5
27.8194137244966 41.7848802078543 2
28.1891615649327 43.1563942869327 5
29.5617648189404 43.5217781156936 5
29.9311117058737 44.8934805269304 3
31.3034115189252 45.2590664536121 0
31.6729170342455 46.6305550378525 5
33.0455302920975 46.9960932884614 1
33.4152725624683 48.3675578714898 4
34.7878580962125 48.7336572248462 0
6.49293010180708 0.457156829518584 0
7.86544435272983 0.822985935600384 1
8.2348453209024 2.19432124838642 5
9.60740136582127 2.56026193415595 1
9.97705123649766 3.93175793296418 3
11.3497134080997 4.29737622267885 2
11.7192466842698 5.66886568859804 1
13.0914869121067 6.0345432635618 4
13.4609452723781 7.40624580117055 2
14.8335189312723 7.77162859486369 5
15.2032858009672 9.14312307608799 5
16.5757589587026 9.50877560943272 0
16.9449924681305 10.8804739070568 0
18.3173915580979 11.2462591186772 3
18.6870748732419 12.61753841726 2
20.0597563265788 12.9834104676294 3
20.429159224379 14.3549469895338 0
21.8018280264536 14.7207153195959 4
22.1711644990449 16.0919464207188 5
23.5435768766186 16.4577249810386 5
23.9130896791045 17.8293548922975 1
25.2856606806635 18.1951587168888 5
25.6554506348701 19.5665521630466 2
27.0278805365564 19.9320099706892 3
27.3971503575083 21.3037747808273 4
28.7693924230627 21.6694816700013 4
29.1391755473234 23.0408634637592 2
30.5117831265103 23.4065714223995 4
30.8813531460061 24.7782215818784 0
32.2538075054233 25.1441450887393 0
32.6234177957686 26.5153599435795 1
33.996013905492 26.8811723675411 5
34.3654498093858 28.2526670516202 3
35.7380359444179 28.6187926750048 3
36.1074724678608 29.9900548856212 4
37.4799674607912 30.3556681049562 1
37.8493464849054 31.7272845714876 2
39.2217414435133 32.0930222079486 2
39.591572481109 33.4644979936036 2
40.9641671582614 33.8298682086608 5
41.3334778157135 35.2015755525756 3
42.7057154037891 35.5672084540324 0
43.0752301599996 36.9387143293852 5
44.447868932857 37.3042027388029 2
44.8176179453896 38.675720740624 4
46.1901768670978 39.0417992049999 0
46.5595054247307 40.4132039159369 0
47.9319959923559 40.7790792749168 5
48.3014593999901 42.1504107505755 5
49.6740602714645 42.5163771173788 1
50.0436887720265 43.8878274822926 4
51.4163666331661 44.2534254142533 2
51.7858558754024 45.6248984826419 1
53.1580888678445 45.9906373058626 4
53.527575989625 47.3623269598449 2
54.9001670618037 47.7277356868341 5
55.2698365428274 49.0992701129243 2
56.6422687407056 49.4648371721419 3
28.3472525763009 1.18863861432686 0
29.7196569603041 1.55433464497454 3
30.0894026522816 2.92563810162637 2
31.4620739354937 3.29153843306493 3
31.8314948893332 4.66307290036113 0
33.204142656137 5.0288204020068 4
33.5734934220061 6.40004535943922 1
34.9459537715854 6.76586825191077 5
35.3154485870238 8.13747761657765 1
36.6880326146842 8.5033550980929 5
37.0577566002773 9.87473393527164 2
38.4301608458172 10.2402185283269 3
38.7995124627227 11.611967195565 2
40.171816997943 11.9776121195773 5
40.5416541149852 13.349003629837 2
41.9142300235234 13.714670080173 4
42.2837055561255 15.086354093852 0
43.6560964489182 15.4522509436301 0
44.0257404732044 16.823485839072 1
45.3983754723199 17.189282514662 5
45.7678180426436 18.5607951969041 0
47.1404090622926 18.926915513868 3
47.509756274543 20.2981600585024 4
48.8822204945721 20.6638456498874 1
49.2516232343789 22.0354351222942 1
50.6240986107904 22.4011839806626 2
50.9939864379695 23.7726190200653 2
52.3665732851986 24.1379824142534 5
52.7358639175228 25.5096954750375 3
54.1080573253496 25.8753742332001 0
54.4775866299632 27.2468921621281 5
55.850237793524 27.6123547522144 2
56.2199686530587 28.9839214895415 0
57.5924937107292 29.3499408289406 0
57.9618721464811 30.7213392107591 0
59.3343612588027 31.0872258708342 1
59.7038760961289 32.4585638831337 2
61.0764985069243 32.8245652423831 1
61.4460754351418 34.1959777132833 0
62.818752412197 34.5615649861003 2
63.1881792817512 35.9330244830257 1
64.56042836927 36.2988183975442 2
64.9299576772922 37.6704857854763 1
66.3025565534958 38.0359317525776 2
66.672132755839 39.4074970322716 1
68.0445228254021 39.7730084051462 0
68.4137689850241 41.1447186054828 4
69.7861992080266 41.5103094047978 1
70.1560022958302 42.8816428648179 2
71.5286532429489 43.2475638101941 0
71.8980780993678 44.6191054602551 0
73.2706810130548 44.9848702958629 4
73.6400666888377 46.3560966448671 1
75.0125875327164 46.7219432901394 1
75.3820549064435 48.0935338836521 3
76.7546550133381 48.459449338937 2
48.4600664619196 0.182899917214774 1
49.8324419473258 0.54842790240124 3
50.2018704326985 1.9201571895107 2
51.5742519851508 2.28574493808527 5
51.944124698636 3.6571449131102 5
53.3166645115923 4.02276046490126 4
53.6860265601955 5.39447749025362 0
55.0583558974175 5.76034795710279 0
55.4280135201467 7.13160968524466 1
56.8006750074868 7.49739594614737 2
57.1701482823119 8.86892822895981 0
58.5427455991625 9.23501569618239 0
58.91206171031 10.6062423534948 4
60.2845127719257 10.9719894656499 1
60.6539406192014 12.3435510567895 1
62.0264754839029 12.7093486398449 1
62.3963796877839 14.0807420626108 2
63.7689580707827 14.4461101651717 1
64.1382503695107 15.8178250982007 3
65.5104190164583 16.1835520899288 0
65.8799796903252 17.5550752997626 2
67.2526279589508 17.9205310868571 2
67.6223026452884 19.2921423121879 0
11.6663196905211 19.6580715030431 0
69.3642294004894 21.0294627815362 2
13.4082699744334 21.3953204072779 1
13.7778239146312 22.7666762509342 1
15.1504495782462 23.1327195994114 3
15.5199500663114 24.5041047308239 0
16.8926041699327 24.8697067885509 2
17.261971426546 26.2411533426082 1
18.6342641637572 26.6069901662528 2
19.0038502487927 27.9786247404164 1
20.376456152847 28.344107333386 5
20.7459691642253 29.7156891965431 1
22.1183152778333 30.08118637197 0
22.4876168441275 31.4528896240811 4
23.8600881512566 31.8183784993968 1
24.2299351989741 33.189749168149 2
25.6025573820109 33.5556734294016 0
25.9719652036847 34.9272330154421 0
27.3445111868365 35.2930365476772 4
27.7139453546987 36.6642703891328 1
29.0865283459814 37.0301213149759 1
29.4559639866841 38.4016949385837 3
30.8285890425681 38.7675997346632 2
31.1981449523713 40.1389376947005 2
32.570497800249 40.5045107126492 3
32.9399751846104 41.8762237101088 2
34.3124310797514 42.2417775325355 2
34.6823106986314 43.6131870770474 5
36.0548127105855 43.9787546261346 0
36.4240717235538 45.3505017142409 0
37.7963481405309 45.7163506454401 0
38.1660217765016 47.0876387285026 1
39.5386897216009 47.4534403835881 2
39.908216052307 48.82498982898 0
41.2808154499769 49.1910292350015 0
12.9859274154674 0.914327832508236 3
14.3583875021922 1.28011794475125 1
14.7278350165597 2.65165487986016 1
16.1004036638841 3.01753158665555 1
16.4702749858542 4.38888522453876 2
17.8428400853314 4.75427382315563 1
18.2121498045638 6.12598561652179 5
19.5843216174779 6.49174135919464 4
19.9539327440561 7.86326032184528 2
21.3265673144058 8.22871439825049 2
21.6961540145678 9.60036418726151 0
23.068590165458 9.96619399182438 0
23.4380940515266 11.337581429349 3
24.8106336315261 11.7033784761128 1
25.1802196055195 13.0747628229684 4
26.5528375737927 13.4408484492993 3
26.9222519362032 14.8122167669876 0
28.2948647919754 15.1778642032338 2
28.6641957290198 16.5492961582991 1
30.0365561090172 16.9151622629541 2
30.4062047631043 18.286754234349 1
31.778822246049 18.6522622891905 5
32.1483126662371 20.0238454429461 1
33.520614734387 20.3893694957359 0
33.8899778680566 21.7610639066977 2
35.2624970626327 22.1264711649492 1
35.6323627122052 23.497884301167 2
37.0049482308602 23.8637839787936 0
37.3743174454118 25.2353685501748 0
38.7468117888822 25.6012072325268 3
39.1163077641709 26.9724511875113 1
40.488941564978 27.3383017625151 1
40.8583540585132 28.7098567460131 0
42.2310073380178 29.0757141262652 2
42.6004823407124 30.4470267447517 2
43.9728199323989 30.8126632424111 5
44.3423288107719 32.1843602783561 2
45.7148394537445 32.5499308013852 2
46.0846959374524 33.9213512462314 1
47.457163761253 34.2868761624933 0
47.8263563236532 35.658645287352 0
49.1986023463489 36.0244549017509 0
49.5682968812149 37.3957675871084 1
50.9409602796442 37.7615795646067 2
51.3105336667874 39.133149317272 0
52.6831245625743 39.4991333072376 0
53.052534020588 40.8703270505437 3
54.425022306819 41.2361412629084 5
54.7944745011953 42.607663166854 1
56.1670554194809 42.9736302448632 1
56.5368419412828 44.3449502156991 2
57.9093852113704 44.7103788986748 1
58.2787212063108 46.0820827146404 5
59.6509290351155 46.4478382137298 4
60.0206066142232 47.8193444810522 2
61.393222388184 48.1847915520696 2
61.7627064328331 49.5564730419148 2
34.4708536237942 0.274313444323596 0
34.8404015582653 1.64570487744456 3
36.2129795772068 2.01142747444097 1
36.5825959481892 3.3828498088687 4
37.9552004337302 3.74897199891966 3
38.3245424060428 5.12033045396455 0
39.6971058375737 5.48604647501242 2
40.0664376576877 6.85746106625946 5
41.4388771596745 7.22334976028331 2
41.8085821455246 8.59489128027493 5
43.1812146069928 8.96041091558765 5
43.5507075623348 10.331984898517 1
44.9229677057835 10.6975664366854 0
45.2923800183412 12.0692538759554 2
46.6649430611275 12.4346118530319 1
47.0347862794521 13.8060718424752 4
48.4073295925861 14.1719106175102 0
48.7766492200387 15.5435216933086 0
50.1491072743775 15.9093697668738 3
50.5186710421866 17.2806276175056 2
51.8913366031221 17.6464856904029 1
52.2607354152815 19.0180221378691 0
53.6334112701892 19.3838111000534 2
54.0028160364344 20.7551012437198 5
55.375155737601 21.1208021857355 5
55.7446795746871 22.4924819241796 1
57.1172247677092 22.8581081454716 2
57.4870389410292 24.2295366142552 1
58.8594778060772 24.5950283249502 0
59.2286624218084 25.9668053984505 4
60.6009039551739 26.3325617355727 3
60.9706389765876 27.7038944296673 2
62.3432856188521 28.0697103305466 4
62.7128805276901 29.4413038305498 0
64.0854421702124 29.8072414899454 0
64.4549264369048 31.1784299165946 1
65.8274557376974 31.5442513610132 5
66.1968957759683 32.9157682013195 3
67.5694793682754 33.2818100728992 5
67.9391419038052 34.653102769102 2
69.3116539806768 35.018588501211 1
69.6810186498931 36.3902789036095 5
71.0532931080366 36.7560103965208 2
71.4230449112243 38.1274977655447 5
72.7956413355474 38.4929283188186 2
73.1650282391575 39.8646339124059 3
74.5373471598249 40.2303382311745 0
74.9069170226769 41.6017423727374 3
76.2795316324913 41.967394795803 1
76.6491836825318 43.3388607908877 4
78.0217715934779 43.7050059699374 0
78.3910759187171 45.0763566618049 0
79.76359403537 45.4421490154847 2
80.1329590794762 46.8135461547694 5
81.5054713769185 47.179463767002 1
81.8752077964208 48.5509507421225 5
83.2478528329595 48.9164766723718 2
54.9531329446496 0.640121670710726 1
56.325366904211 1.00575583886929 0
56.6947979001446 2.37743818136384 2
58.0673977109884 2.7427557912412 2
58.4371645044344 4.11426960242293 5
59.8096617725394 4.48002189332337 0
60.1789376023176 5.85165684816433 0
4.22291031550198 6.21747858653845 3
4.59254263256879 7.58875531177995 1
5.96521962683656 7.95463753926998 3
6.33461606733867 9.32615702765561 0
7.70729890090037 9.69188835154344 2
8.07665499793425 11.063161477278 5
9.44901648294979 11.4289302927531 5
9.81854677069849 12.8005894705746 1
11.191112180836 13.1662972579373 5
11.5608753999513 14.5377282479726 1
12.9332873232998 14.9032085931893 3
13.3025189800564 16.2749800985787 4
14.6747851026938 16.6406704099932 3
15.0445764579507 18.0120203125025 2
16.4171982273763 18.3778228659849 4
16.786775894533 19.7494445157025 0
18.1592874677489 20.1153542735944 0
18.5288375665818 21.4865482973732 1
19.9014143844244 21.8523643869924 5
20.2708322463614 23.2238844688058 3
21.643419868673 23.5899651399377 5
22.0129457611738 24.9612353654309 2
23.3854224724407 25.3267879085342 1
23.7548174479385 26.6984588041911 2
25.1271767732188 27.0641606339104 2
25.4970018172426 28.435624110718 2
26.8695801855099 28.8010320091849 5
27.2388890301277 30.1727554951296 3
28.6111470153115 30.5384505140702 0
28.9807193779251 31.9098734477 5
30.3533617329352 32.2754703980699 2
30.7230480136773 33.6469815266155 4
32.0956171189144 34.0131207459915 0
32.4649311719069 35.3844618595237 0
33.8374228053975 35.7503096512102 5
34.2068394869232 37.1216934480802 5
35.5794084229311 37.4876408735566 1
35.9491415517282 38.8590762079878 4
37.3218042843748 39.2245917376941 1
37.691283230389 40.5961398781295 1
39.0634932127446 40.9618547516874 4
39.4329672400367 42.3335272254164 2
40.8055773670678 42.6988839294308 2
41.1752531219387 44.0704393800461 3
42.5477085259453 44.4360850852474 0
42.9169712844265 45.8077320606917 0
44.2894152462077 46.1734766739745 1
44.6591117666427 47.5447771628397 2
46.0317864173698 47.9106866542961 3
46.4011805884407 49.282194477762 0
19.1096161555459 -1.16081695873173e-05 1
19.4789491738448 1.37125110928132 1
20.8513534165772 1.73707675084303 5
21.2208809223301 3.10871203001654 1
22.5934619278518 3.47449562406745 5
22.9631737003617 4.84592225475754 1
24.335557856606 5.21141647731823 3
24.70486879802 6.58317373111658 2
26.0771864488381 6.94879025314161 5
26.4470309697372 8.32015779096607 2
27.8196221919917 8.68592416068712 4
28.1891369741559 10.0575786221041 0
29.5615873351624 10.4234772196681 0
29.9311851211072 11.7946877582151 1
31.3038077897344 12.1604953915692 5
31.6732102573751 13.532023326864 0
33.0458078563654 13.8981007839726 4
33.4152175147961 15.2693506389215 4
34.7876641670209 15.6349718995722 1
35.157091646985 17.0066174308095 1
36.5295355590689 17.3723085859917 2
36.8994208775098 18.7437435707603 2
38.2719823548964 19.109132179106 5
38.6412415524746 20.4808680437529 3
40.0134482975855 20.8465808986532 0
40.3830239679734 22.218022487461 5
41.755680193219 22.5835876741294 2
42.1253872718371 23.9551417759903 0
43.4979320797529 24.3212445910085 0
43.8673030630936 25.6925724018185 0
45.2397902172157 26.0584525312605 5
45.6092573765993 27.429830569458 5
46.9818559181484 27.7958275598629 1
47.3515439949756 29.1672174676445 4
48.7242067466202 29.5327399409171 2
49.0936455590136 30.9042775823632 1
50.465860553763 31.2700482773525 4
50.8353783950209 32.6417029467092 2
52.2079922806946 33.0070837163367 2
52.5775586618541 34.3786785666417 3
53.9499690542688 34.7442395641426 0
54.3192495942739 36.115890797057 0
55.6917160448454 36.4815340700364 1
56.0614691537331 37.8528666949248 2
57.4341293737544 38.218807919928 3
57.8035149502191 39.5903134517006 0
59.1761470517302 39.9560318411454 4
59.5454875752299 41.327290288183 1
60.9179524653172 41.6931546220211 2
61.2874697369716 43.0647639555792 1
62.6600676247682 43.4305959668882 2
63.0297290319407 44.8020104116761 2
64.4020835157221 45.1675403360559 3
64.7714751692586 46.539281021019 2
66.1438607997238 46.9048304728253 5
66.513737343719 48.2762176663119 2
67.8862912958155 48.6419305842579 0
39.5914712439538 0.36571228417957 0
40.9638599592618 0.731602148156248 0
41.3334901139298 2.10283632040401 1
42.7061465206168 2.46864382903771 5
43.0755574271597 3.84018065174002 0
44.4481687433696 4.20622084562151 4
44.8175094672726 5.57745030129908 4
46.1899398986687 5.94313590103406 1
46.5593958803888 7.31475273530934 1
47.9319074135545 7.6804716507382 2
48.3018210266098 9.05187582416097 2
49.6743674350066 9.41725357094458 3
50.0436091362186 10.7889964586066 3
51.4157829209354 11.1547357861114 0
51.7853772255866 12.5261915952251 5
53.1580322993996 12.89174084006 2
53.5277266923556 14.2633357375472 0
54.9002394876152 14.6293675452414 0
55.2696899979496 16.000682704629 3
56.6421941088679 16.3665593336057 1
57.0116947169585 17.7379437059848 5
58.3843018805887 18.1039952659801 1
58.753906099404 19.4753501905662 4
60.1265499630259 19.8408977251044 2
60.4959405318832 21.2124239727108 1
61.868189609654 21.5782324158969 2
62.2377719434677 22.9498581081571 1
63.610385040411 23.3152638657795 2
63.9798644455738 24.6868845677573 1
65.3522264353773 25.0523997362083 0
65.7215487316244 26.4240489511121 4
67.0940512100356 26.7895852121185 1
67.4638527200037 28.1609569497563 2
68.8364886017678 28.5269227057715 0
69.2058573226959 29.8984352576147 0
70.578436283007 30.2642009000735 4
70.9478141767854 31.6354589616646 1
72.3203468043192 32.0013422200216 1
72.6898471633435 33.3729239181544 3
74.0624686026766 33.7387642675326 2
74.432074581447 35.110159687861 2
75.8044004721603 35.475737916335 3
76.1738517215487 36.8474638431954 2
77.5463067416306 37.2129705964488 5
77.9161843649437 38.5843795281837 5
79.2886969089588 38.9500309565323 0
79.6579984489715 40.3217567805005 0
23.7018677553065 40.6876244052314 0
81.3999928309632 42.0588844574731 2
25.4441976030352 42.4247086856184 1
25.8136395698415 43.7962559076418 0
27.1862614182679 44.1622440462048 4
27.55558284664 45.5334565818318 5
28.9280133606259 45.8992071555771 1
29.2974641583219 47.2708080891869 1
30.6700386146561 47.6365356308617 1
31.0399580724564 49.0078965465686 2
32.412481414215 49.3732896067379 2
4.11750212363417 1.09712310920635 5
5.48966593679736 1.46288922635051 4
5.85930020384329 2.8343520156037 5
7.23193958826989 3.19989783797738 2
7.6015816946015 4.57153018174385 0
8.9740507981331 4.93747821520509 0
9.34358294593832 6.30878502841334 3
10.7161182634702 6.67463117741628 1
11.0856407578188 8.04603369291512 4
12.4582439686945 8.41213793730484 3
12.8277413509476 9.78346910616682 4
14.2003478584028 10.1490672379827 2
14.5696989874236 11.5205790726685 5
15.9420101532933 11.8864089167168 2
16.3116718391267 13.257994865086 5
17.6842878036969 13.6234181065838 5
18.053720897453 14.9950495135302 1
19.4260328261365 15.3605654617529 0
19.7954042537281 16.7322111272106 4
21.167949194498 17.0976546180128 1
21.5377818578718 18.4690715912086 2
22.9103855302835 18.8350413399607 0
23.2797334784069 20.2065675568196 0
24.6522592077568 20.5723878673754 4
25.0216962631746 21.9436484443242 1
26.3942898454278 22.3095379566088 1
26.7637703340352 23.6810906033405 3
28.136421266259 24.0468989623743 2
28.5059635906231 25.4182711407637 2
29.8782692655277 25.7839022841807 3
30.2477558176517 27.1556152484376 2
31.6202668216518 27.5211141939393 5
31.9901093335284 28.8925460025633 5
33.3625829280389 29.2581320997565 0
33.7317967388033 30.6298855266066 0
35.1040992280244 30.9957044411754 3
35.4737906271783 32.3669879191614 1
36.8464642350596 32.732828713564 5
37.2159528079645 34.1043855301803 0
38.5885787337418 34.4703081769172 0
38.9579352513512 35.8415041305742 3
40.3303946543138 36.207283638245 1
40.6998645606785 37.5788525610966 1
42.0724394767742 37.9447325169697 1
42.4422809261123 39.316077208599 2
43.8147920927542 39.681484862071 1
44.184086083624 41.0532231041561 5
45.5562775358448 41.4189782119589 4
45.9259714305084 42.7904402381462 5
47.2985899784447 43.1559698606063 2
47.668144793564 44.5276366051211 0
49.0405611587246 44.8935018396276 0
49.410151526602 46.2648108427965 3
50.7827260260342 46.6306054193556 1
51.1522643823346 48.0020372578618 4
52.5248594005657 48.3681804745362 3
24.2300188539895 0.0915880608223027 1
25.6025785774516 0.457255661451573 1
25.9719144713701 1.82874922624167 1
27.3443054562128 2.19459139495479 2
27.7140441844219 3.5661292991364 5
29.0866675601865 3.93155989831418 5
29.456088865257 5.30319081261146 1
30.8283525273436 5.66874840916435 0
31.1977663819182 7.04039230770888 2
32.5703511261338 7.40577203245754 1
32.940181484491 8.77723903088405 4
34.3127470068299 9.14317701533049 0
34.6820749710902 10.5147191604996 0
36.0545617806973 10.8805752149756 3
36.424068881377 12.2518422996362 2
37.7967064671983 12.6177366537068 1
38.166167469093 13.9892600490253 0
39.5388444514994 14.3550131202232 2
39.9083174939866 15.7263618335928 2
41.280616924313 16.0920528310675 5
41.6501257901583 17.4637512769709 1
43.0226721837659 17.8292841898974 5
43.3924586534066 19.2007367749405 1
44.7648976220048 19.5662690889914 0
45.1340779202268 20.938037081474 0
46.506369507859 21.3037908007394 3
46.8761058855285 22.6750956366319 2
48.2487677449839 23.0409545780353 4
48.6182955257431 24.4125254234876 0
49.9909046546 24.7784038873273 0
50.3603164908734 26.1495927204872 1
51.7328155466233 26.5153983453896 5
52.1022699208493 27.8869541581265 1
53.4748520601138 28.2529209503142 5
53.8445937276589 29.6242401272513 2
55.2170791582573 29.9896908381067 1
55.5864241381152 31.3614173219054 2
56.9586729824979 31.7271414045133 2
57.3284312990311 33.0985966301328 2
58.701025453013 33.4641042884879 2
59.070475942922 34.8358014066055 0
60.4428308765815 35.2016096647687 0
60.8124509687759 36.5729324912658 3
62.1850639222486 36.9386734829752 2
62.554627182849 38.3101413577851 4
63.9272131544521 38.6763068309509 0
64.2965355831267 40.0476116340258 0
65.669051007188 40.4133560379558 2
66.0384018732995 41.7848276642691 1
67.4108736238621 42.1506892533652 2
67.7806703591059 43.5221735990148 5
69.1533030459761 43.8876068126382 1
69.5227285609807 45.2592316635242 1
70.8949511273465 45.6248543856035 0
71.2643963280357 46.9964977996783 2
72.6370096722568 47.3618480906958 1
73.0067935791363 48.7333670298539 4
74.3793170477049 49.0992319608168 0
46.0843985440436 0.82287944862925 0
47.4568666800691 1.18873314949759 3
47.826443530422 2.5600129985197 2
49.1991043125204 2.92592106272772 1
49.5685448367553 4.29741748881679 0
50.9412344415898 4.66311343060824 2
51.3106400864696 6.0344422818605 5
52.6829528626189 6.40019622453656 5
53.0524792408109 7.7718754423573 1
54.425046583034 8.13746799350623 2
54.7947690155801 9.50893622258186 1
56.1671767569457 9.87443218422773 0
56.5363797427716 11.2462008980482 4
57.9086869130021 11.611873143717 3
58.2784775179327 12.9831994762639 2
59.6511176401588 13.3490629462943 4
60.0206574184255 14.7206546301057 0
61.393225041869 15.0865137296871 0
61.7626979317539 16.4577048930215 1
63.1352463142456 16.8235200970124 1
63.5046737196535 18.1950697679986 3
64.877262345999 18.5610919789121 5
65.2468802809427 19.9323876157974 2
66.6193345717525 20.2978953376089 1
66.988731812328 21.6696042380084 2
68.3610608285346 22.0352865638037 2
68.7308826798431 23.4067302930113 2
70.1034513088517 23.7722091318449 4
70.4728001213513 25.1439318614491 0
71.8450901940381 25.5097118547726 3
72.2147163420691 26.8810566232472 2
16.2588914864374 27.2467547947532 1
16.6284944114613 28.6182602445058 1
18.0010703679447 28.984425497948 0
18.3703764279127 30.3557170038388 0
19.7428623955102 30.7215275862827 5
20.112250710292 32.0929773745606 1
21.4847872748684 32.4588768966154 1
21.8546038817265 33.8303073751189 4
23.2272445225916 34.1957448831115 1
23.5966707604019 35.5673626726545 1
24.9688666847072 35.9330531345974 4
25.3383409831236 37.3046926942864 2
26.7109684507646 37.6700418108389 2
27.0806648738894 39.0416115699948 3
28.4531447098586 39.4073741755004 0
28.8224588996154 40.7789416298504 0
30.1949300839783 41.1447453135973 1
30.5645618230606 42.5160499489585 2
31.9372309330895 42.8819721627179 3
32.3066437087714 44.2534483480997 0
33.6793263202575 44.6191082441105 2
34.0486804428869 45.9904222914939 5
35.4210279686577 46.3562411208928 2
35.7905763440989 47.7278940543385 1
37.1631573103972 48.0935618828544 2
37.5328248785872 49.4650370235953 2
10.2409653020182 0.182626347140168 0
10.6102361434082 1.55438341162068 4
11.9825833942468 1.91997135116601 3
12.3524287216876 3.29132061726667 2
13.7250402218444 3.65716641354069 4
14.0945552077422 5.02878553189905 0
15.4670643195872 5.39464884048726 0
15.8365910489309 6.76585190478507 1
17.2091916247466 7.13166470164698 5
17.578589341336 8.50321302851883 3
18.9511910324525 8.86924407655806 5
19.3206852807001 10.2405171867086 2
20.6931101481415 10.606088310315 1
21.0625550742946 11.9777745521809 2
22.4349693249515 12.3434278443084 2
22.8048442739749 13.7148563244658 2
24.1773871872512 14.0803059046715 4
24.546653643943 15.4520490589836 0
25.9188860170478 15.8178222115993 0
26.2885085905065 17.1891910636765 1
27.6611663576902 17.5548621416961 2
28.030813058947 18.9264034558187 0
29.4033758430816 19.2925412292781 0
29.7727234816611 20.6638158521395 0
31.145202773117 21.0296678915991 5
31.5146357682342 22.4011010358858 5
32.8872123157535 22.7670568362755 1
33.2570017718131 24.1384372300286 4
34.6296423100741 24.5038878985216 1
34.9990558314682 25.8754980434804 1
36.3712470299901 26.2412428659738 4
36.7407642190055 27.6128692301517 2
38.1133930661615 27.9782292002726 2
38.4829815223489 29.3498418188986 3
39.8554155271641 29.7154988077886 0
40.2247543514638 31.0870692030843 0
41.5972460730601 31.4527882776231 1
41.9669350911629 32.824122087874 2
43.3395933947618 33.1900892221835 3
43.708974632325 34.561555923006 0
45.0816243793304 34.9272315748037 2
45.4509500779442 36.2985380818906 1
46.8233548536837 36.6644064491603 2
47.1929138093573 38.0360300731202 1
48.56551225506 38.4017503069601 2
48.9351433383237 39.7732223139556 1
50.3074846214858 40.138746858433 0
50.6768356977928 41.5104892902815 2
52.0492411415646 41.8759987086513 5
52.4191201785681 43.2473755691494 2
53.7916961346645 43.6131776306739 0
54.1611400666079 44.9848313815447 0
55.5335888720823 45.3507052959554 0
55.9031619367949 46.7219278459432 1
57.2758065729475 47.0877396582617 5
57.6451879865767 48.4592886102218 0
59.01780888366 48.8252848020133 4
30.7229720151983 0.548627140503 1
32.0953777090623 0.914262347675052 1
32.4648579902718 2.28592352676132 1
33.8373445596244 2.65158429096066 2
34.2072472494534 4.0229958804888 2
35.5797664841336 4.38842250619141 3
35.9489848307193 5.76017990879489 3
37.3211763104404 6.12595589864857 0
37.690805851175 7.49734604130448 5
39.0634647839768 7.86300285094795 2
39.4331393131023 9.23457838122336 0
40.8056815514274 9.60066189118117 0
41.1751097420583 10.9719195306431 3
42.5476043594744 11.3377856007113 5
42.9170695401641 12.7092122003842 5
44.2896618210762 13.0752359511457 1
44.6593756002264 14.4465750546291 4
46.032000863173 14.8120573877658 1
46.4013917875281 16.1836582725065 1
47.7736069574988 16.5494369268301 2
48.1431885605004 17.9210399470391 1
49.5158106883317 18.2864133320837 2
49.8852950171471 19.6580582661445 3
51.2576788376036 20.0236374107519 0
51.62705442253 21.3952086918473 4
52.9995797186593 21.7608257195847 1
53.369316242377 23.1321988032313 2
54.7419556487513 23.4982024722277 0
55.1113040144131 24.8696673113428 0
56.4839049598685 25.2353922930805 2
56.8532429464375 26.606691772181 1
58.2257182570133 26.9725907336051 2
58.5952839393974 28.3441788958436 3
59.9679030968545 28.7099226636572 2
60.3375068932772 30.0813813857795 1
61.7098148157049 30.4469540513973 3
62.079230761776 31.8186832991942 2
63.4516988143569 32.1841374845572 5
63.8215779394205 33.5555455524139 5
65.1941118492226 33.9212830370262 0
65.563456022292 35.2929736644568 0
66.9358534877985 35.6588412878596 0
67.3054708360032 37.030086011892 1
68.6781421731817 37.3959090914074 5
69.0475303212411 38.7674585062444 0
70.4201703691233 39.1333926441774 4
70.7895130389477 40.5046228720477 5
72.1619169652416 40.87031822962 1
72.5314155641841 42.2419542054182 1
73.9039518004873 42.6076676394005 2
74.2738485670976 43.9790612918025 2
75.6463471611647 44.3444760508564 3
76.0155594893755 45.7162396908663 4
77.3877344278162 46.0820151994678 0
77.757392710415 47.4534209647012 5
79.130038555193 47.8190693622582 2
79.4997035761118 49.1906783603595 0
80.8722106832387 49.5566930063422 0
52.5775020665158 1.28002790420095 3
53.9500293729611 1.64588084207849 1
54.3195067828852 3.01731228827729 5
55.6921013399064 3.38339135424366 1
56.0616982220035 4.75470005693964 4
57.4342942815424 5.12022327708869 1
57.8036554938156 6.49181424591716 5
59.1759251774896 6.8576052161484 2
59.5455867340563 8.22917654864079 5
60.9182018268719 8.59455932446594 2
61.2876099617381 9.96622414025243 3
62.6599389195438 10.3317726237209 0
63.029352739486 11.7033456427883 4
7.07344999138296 12.0688665980249 1
64.7716931679227 13.4402857761314 4
8.81583856838018 13.8063161219426 0
9.18516351876754 15.1777847081344 0
10.5577107153745 15.5435776286913 5
10.9270966967607 16.9148712543215 1
12.299640843717 17.2807887146984 1
12.6692052334915 18.6523375048235 3
14.0418507569161 19.0180715299094 2
14.4114229632066 20.3895101624576 1
15.7837029349538 20.7551399795072 3
16.1531600456381 22.1268583878255 2
17.5256813102434 22.4922923087115 5
17.8955211891837 23.8637343660226 5
19.2680121511587 24.2293938858222 0
19.6372633100273 25.6011163554173 0
21.0096249412911 25.9669470177856 3
21.379290116614 27.338213728518 1
22.7519701436708 27.7040595903108 5
23.1213866602316 29.0756092752044 0
24.4940375423119 29.4414767259962 4
24.8633699389541 30.8126902992142 5
26.235792727228 31.1784380866228 5
26.6052899938914 32.5500515206029 1
27.9778543266923 32.9158488717897 5
28.3477104832374 34.2872239841763 2
29.7201895225084 34.6526418537189 3
30.0894357557284 36.024403223008 4
31.4616259190353 36.3901590024399 4
31.8313346202477 37.7615743795013 5
33.2039601593983 38.1272015494209 2
33.5735703157153 39.4988446972985 0
34.9460312745128 39.8647839163032 0
35.3156235033283 41.236028962556 3
36.6881901550765 41.6018541689608 1
37.0576711579468 42.9733043931377 4
38.4302596682134 43.339438373692 3
38.7997322517086 44.710726992082 4
40.1722822852904 45.0763325607937 1
40.5416356967212 46.4479030448617 5
41.9139828826768 46.8136943583401 2
42.2837339353764 48.1852234424032 5
43.6563471320783 48.550605330546 5
15.3614821330992 0.274369020515847 3
16.7337567366167 0.639931261939716 0
17.1032015889308 2.01150830777982 4
18.4758032334932 2.3769533069818 1
18.8455980878508 3.7484230264598 4
20.2181784679655 4.11445039259185 0
20.5874973326583 5.48592438193283 0
21.9600022441795 5.85177538522701 5
22.3294538318829 7.22306716370831 2
23.7020530079434 7.58899744053668 1
24.0716041925202 8.9605061971089 3
25.4442760008629 9.32620529815714 2
25.813799835883 10.6976222054861 1
27.186064710306 11.0633108721157 4
27.5555480649773 12.4350180287931 2
28.9281045268079 12.800467443968 5
29.2978739630339 14.1719430922964 1
30.6703254287104 14.5375250549118 0
31.0395222966654 15.9092681676081 0
32.4118692716709 16.2750300380557 3
32.7815887508915 17.6463180317724 2
34.1542637009263 18.012189513249 4
34.5237172820082 19.3837416991565 0
35.8963623647076 19.7495593946358 4
36.265719494432 21.1207627455327 1
37.638179210966 21.486553180459 5
38.007662128584 22.8581473865994 1
39.3802401776276 23.2240340536152 5
39.7500263599234 24.5953890260037 2
41.1224830159317 24.9608309409971 3
41.4917937319943 26.3325810240576 2
42.8640306435783 26.6982989921821 4
43.2338016897494 28.0697174481085 2
44.6063999311448 28.4353197441661 4
44.9759209772216 29.8069961704287 0
46.3483219493188 30.1728843230459 0
46.7179581125388 31.5441420529062 1
48.0905654190925 31.9099349638049 2
48.4600519824072 33.2814117888981 4
49.8326369847184 33.6475691055287 3
50.2020037422023 35.0188431676067 4
51.5745113576321 35.3845258908905 2
51.9438713517401 36.7560737513092 1
53.3163035231933 37.1218705128495 2
53.6861291858528 38.4933525636906 5
55.0587428474002 38.858732043442 5
55.4280972001944 40.2304064510031 1
56.8003231556176 40.5960181730576 0
57.1697916798708 41.9676014800581 2
58.5424205545988 42.3330025147146 2
58.9121997201684 43.7045246833175 4
60.2847437032386 44.0705070425391 0
60.6540751583469 45.4419853923067 0
62.0265588466191 45.8078628926542 5
62.3960765012602 47.1791605169778 2
63.7687096261955 47.5451078682578 1
64.1382325977549 48.9165802983427 0
65.5109198195215 49.2822385113847 2
37.2161447085163 1.00572758431071 1
38.5884124871133 1.37147717649441 5
38.9579208586322 2.74316800553718 1
40.3304961938607 3.1086596276197 5
40.7001842425873 4.4801638151211 1
42.0725987700977 4.84568687380446 0
42.4417969683432 6.21743627065791 4
43.8141531110665 6.58310790652998 3
44.1839317588573 7.95441839525962 2
45.5565901812745 8.32030908772711 4
45.926068961942 9.69187015834526 0
47.298683667271 10.057669489869 4
47.6680857257973 11.4288707109472 1
49.040595742111 11.7946869890622 1
49.4100529585774 13.166266759213 3
50.7826409311151 13.5322191151232 5
51.1523312887119 14.9035529183119 2
52.5247609584763 15.2690355242708 1
52.8941424503432 16.6407689431851 2
54.2664517915538 17.0064342637625 2
54.6362781928221 18.3778528218171 5
56.0088461847342 18.7434194290731 4
56.3782580700251 20.1151276666785 0
57.7505936575472 20.4809823175137 0
58.1202467068967 21.8522627375774 1
59.4928870837211 22.2180274710577 2
59.8624011072137 23.5895329525859 0
61.2349842515402 23.9556878250708 0
61.6042979011658 25.3269467654425 4
62.9767748718176 25.6927009616781 2
63.3461597864761 27.0642225893089 1
64.7186655933525 27.4300485136955 2
65.0885337541526 28.8014805312228 2
66.4611482933168 29.1668617837052 1
66.8305023428692 30.5385352800456 1
68.202692515942 30.9042102228988 0
68.572187011866 32.2757969548383 2
69.9448284306172 32.641182756283 2
70.314550688755 34.0127556595008 4
71.6870539524042 34.3786531630733 0
72.0564141108688 35.7501332699314 0
73.4288988514972 36.1159933187352 1
73.7984722527598 37.4873070639151 2
75.1711189143762 37.8532807449191 1
75.5405976854343 39.2247244298089 0
76.9132808274872 39.5903580461291 2
77.2826711779109 40.961741267541 5
78.6549651926014 41.3275511912325 2
79.0245077527183 42.6992174762377 1
80.3970953182261 43.0647649863326 2
80.7667117680828 44.4362892662517 1
82.1390881795776 44.8017922704563 0
82.5083364098317 46.173537042557 4
83.8807235624778 46.5391237098687 2
84.2505605405896 47.9104640323138 2
28.294713 48.27642 1
