4.04088990075763e-18
9.99999998831712e-10
-2.99999999693662e-09
-1.10000000126203e-08
1.99999995658931e-09
4.00000000168529e-09
-5.63216200521163e-17
2.99999989610896e-09
1.00000009613174e-09
7.07610143516883e-18
4.99999998940587e-09
9.99999981566582e-10
2.99999996602385e-09
7.00000000128408e-09
3.4078793582285e-17
-3.99999999062188e-09
-2.99999999497839e-09
-1.00000000021486e-09
-1.18896439391634e-17
-0.00288246743994613
-0.00256668565593055
-0.00220499228092472
-0.00346534287128356
-0.00355448807846206
-0.00328102616932887
-0.00282757088758809
-0.00261953073340834
-0.00280223785685141
-0.00328106118383242
-0.00419198541604027
-0.00410664420796669
-0.00427693440353691
-0.00472138621639043
-0.003959646078886
-0.00311848648731047
-0.00298451458435398
-0.00268852749236814
-0.00280246337714096
-0.00167272544635622
-0.00085206763723833
-0.000991508398283825
-0.00233454873811664
-0.00250472593102534
-0.00192525030795161
-0.00174964126774679
-0.000913618842833142
-0.00244054662863719
-0.00182767344703721
-0.00282013677363707
-0.00356138612384477
-0.00246860955067668
-0.00212807161462056
-0.00211612866109655
-0.00222192717800679
-0.00129073763134613
-0.00175891264513117
-0.00283271889653397
0.00276767339011558
0.00277034170072504
0.00317799044436279
0.00267551323814577
0.00224691657916989
0.00235139742207563
0.00238043395215151
0.00194589510774346
0.00368186184061148
0.00185272538917786
0.000972273433039517
0.000728031868671097
0.00188146799619537
0.00232859975214539
0.00182856974083036
0.00122821891833225
0.00147875855678364
0.00228344116346774
0.001647679910524
0.00271106114877967
0.00418211163619264
0.00404222502975254
0.00421119340749125
0.00440314361076261
0.00394861396578997
0.00318898681991159
0.00221771102249488
0.0036665580296556
0.00287246740447766
0.00362681328169384
0.00210044228400685
0.00303962706909641
0.00344429216389471
0.00330107604534724
0.00279818590105096
0.00258269843120926
0.00276017995103889
0.00307106516399122
5.62629997580103e-09
5.49650003727697e-09
6.60680006405879e-09
3.89230007854927e-09
3.42019996461967e-09
4.76510001631787e-09
4.16880002786529e-09
2.37219999999779e-09
-2.08509999271388e-09
-4.97039995450684e-10
-1.60599999308347e-09
6.41599998242374e-09
-1.1236000022586e-08
5.50469999715612e-09
6.43949999152237e-09
5.83970005604901e-09
6.22459997377812e-09
8.7536000164553e-09
5.98250002645938e-09
-0.00284106114877966
-0.00355211163619271
-0.00396222502975285
-0.00416119340749142
-0.00441514361076255
-0.00396661396578992
-0.00322898681991163
-0.00229771102249493
-0.00246655802965556
-0.00250246740447779
-0.00239681328169364
-0.00213044228400699
-0.00302962706909654
-0.00353529216389471
-0.00334607604534741
-0.00283818590105103
-0.0025026984312094
-0.0024401799510389
-0.0030010651639916
-0.00254767339011519
-0.00261034170072533
-0.00294799044436306
-0.00267551323814566
-0.00232091657916988
-0.00233739742207545
-0.00239043395215208
-0.0013858951077429
-0.00157186184061153
-0.00133272538917789
-0.00154227343303925
-0.000798031868670668
-0.00218146799619526
-0.00259659975214527
-0.00179856974083024
-0.00136821891833236
-0.00135875855678363
-0.00246344116346764
-0.00228767991052348
0.00135272544635606
0.00128206763723843
0.00185150839828396
0.00216454873811628
0.00219072593102522
0.00195725030795145
0.00166964126774666
0.00130361884283303
0.00228054662863708
0.00152767344703708
0.00251013677363687
0.00343138612384475
0.00269860955067652
0.0021740716146202
0.0022931286610965
0.00219192717800651
0.0014207376313462
0.00147891264513106
0.00120271889653384
0.00269246743994578
0.00224668565593059
0.00218499228092475
0.0029553428712833
0.00358648807846217
0.00323002616932873
0.00300757088758809
0.00266953073340806
0.00269223785685105
0.00278106118383245
0.00377198541604018
0.00394664420796637
0.00428693440353689
0.0042433862163905
0.00400264607888597
0.0030484864873104
0.00244451458435391
0.00244852749236801
0.00293246337714054
-2.4474999595911e-10
5.76769999883171e-09
9.88340003063379e-10
-7.13160001262026e-09
2.03519995658931e-09
1.18890000016853e-08
1.06239999436784e-08
1.1470999896109e-08
1.38900000961317e-08
1.96330000070761e-08
1.22729999894059e-08
1.24319999815666e-08
1.25719999660238e-08
1.26580000012841e-08
7.48550003407879e-09
5.48380000937812e-09
1.13220000050216e-08
2.66779999978514e-09
-5.15970011889644e-10
