0
1e-09
-3e-09
-1.1e-08
2e-09
4e-09
0
3e-09
1e-09
0
5e-09
1e-09
3e-09
7e-09
0
-4e-09
-3e-09
-1e-09
0
0.25313
0.23807
0.19429
0.12572
0.04347
-0.043419
-0.1248
-0.1914
-0.23528
-0.25096
-0.23667
-0.19287
-0.12625
-0.044878
0.043109
0.12609
0.19351
0.23794
0.25321
0.40839
0.38442
0.31308
0.20308
0.070136
-0.070314
-0.20271
-0.31022
-0.38267
-0.40674
-0.38305
-0.31284
-0.20343
-0.070547
0.070596
0.20323
0.31278
0.3835
0.40723
0.40768
0.383
0.31248
0.20363
0.070629
-0.070296
-0.20304
-0.31213
-0.38159
-0.40821
-0.3843
-0.31332
-0.20354
-0.070349
0.070282
0.20222
0.31078
0.3825
0.40656
0.25039
0.23666
0.19282
0.12618
0.044537
-0.04308
-0.126
-0.19428
-0.23697
-0.25314
-0.23701
-0.19438
-0.12615
-0.043603
0.043479
0.12479
0.19136
0.23523
0.25075
5.6263e-09
5.4965e-09
6.6068e-09
3.8923e-09
3.4202e-09
4.7651e-09
4.1688e-09
2.3722e-09
-2.0851e-09
-4.9704e-10
-1.606e-09
6.416e-09
-1.1236e-08
5.5047e-09
6.4395e-09
5.8397e-09
6.2246e-09
8.7536e-09
5.9825e-09
-0.25052
-0.23603
-0.19274
-0.12613
-0.044549
0.043062
0.12596
0.1942
0.23817
0.25351
0.23824
0.19435
0.12616
0.043512
-0.043524
-0.12483
-0.19128
-0.23491
-0.25068
-0.40746
-0.38284
-0.31225
-0.20363
-0.070703
0.07031
0.20303
0.31269
0.3837
0.40873
0.38373
0.31325
0.20324
0.070081
-0.070252
-0.20236
-0.31066
-0.38268
-0.4072
-0.40871
-0.38399
-0.31222
-0.20325
-0.07045
0.070346
0.20263
0.31061
0.38251
0.40644
0.38274
0.31271
0.20366
0.070593
-0.070419
-0.20326
-0.31265
-0.38378
-0.40886
-0.25332
-0.23839
-0.19431
-0.12623
-0.043438
0.043368
0.12498
0.19145
0.23517
0.25046
0.23625
0.19271
0.12626
0.0444
-0.043066
-0.12616
-0.19405
-0.23818
-0.25308
-2.4475e-10
5.7677e-09
9.8834e-10
-7.1316e-09
2.0352e-09
1.1889e-08
1.0624e-08
1.1471e-08
1.389e-08
1.9633e-08
1.2273e-08
1.2432e-08
1.2572e-08
1.2658e-08
7.4855e-09
5.4838e-09
1.1322e-08
2.6678e-09
-5.1597e-10
