-4.04088990075763e-18
1.16828845601055e-18
-3.06337852698955e-18
1.26202586795815e-17
4.34106866789082e-17
-1.68528512064616e-18
5.63216200521163e-17
1.03891035109853e-16
-9.61317404642576e-17
-7.07610143516883e-18
1.05941293386772e-17
1.84334184955414e-17
3.39761531549211e-17
-1.28407709894871e-18
-3.4078793582285e-17
-9.37811895557896e-18
-5.02161178372871e-18
2.14863651976269e-19
1.18896439391634e-17
0.256012467439946
0.240636685655931
0.196494992280925
0.129185342871284
0.0470244880784621
-0.0401379738306711
-0.121972429112412
-0.188780469266592
-0.232477762143149
-0.247678938816168
-0.23247801458396
-0.188763355792033
-0.121973065596463
-0.0401566137836096
0.047068646078886
0.12920848648731
0.196494514584354
0.240628527492368
0.256012463377141
0.410062725446356
0.385272067637238
0.314071508398284
0.205414548738117
0.0726407259310253
-0.0683887496920484
-0.200960358732253
-0.309306381157167
-0.380229453371363
-0.404912326552963
-0.380229863226363
-0.309278613876155
-0.200961390449323
-0.0684189283853794
0.0727121286610966
0.205451927178007
0.314070737631346
0.385258912645131
0.410062718896534
0.404912326609884
0.380229658299275
0.309302009555637
0.200954486761854
0.0683820834208301
-0.0726473974220756
-0.205420433952152
-0.314075895107743
-0.385271861840611
-0.410062725389178
-0.385272273433039
-0.314048031868671
-0.205421467996195
-0.0726775997521454
0.0684534302591696
0.200991781081668
0.309301241443216
0.380216558836532
0.404912320089476
0.24767893885122
0.232477888363807
0.188777774970247
0.121968806592509
0.0401338563892374
-0.04702861396579
-0.129188986819912
-0.196497711022495
-0.240636558029656
-0.256012467404478
-0.240636813281694
-0.196480442284007
-0.129189627069096
-0.0470472921638947
0.0401779239546528
0.121991814098949
0.188777301568791
0.232469820048961
0.247678934836009
2.41989658141143e-17
-3.72769699020504e-17
-6.40587942515672e-17
-7.85492704382638e-17
3.53803277098018e-17
-1.63178742520143e-17
-2.78652858456532e-17
2.21304374881605e-21
-7.28611867835723e-18
-4.54931593325837e-18
-6.91652553727304e-18
1.75762640759397e-17
2.25860158907174e-17
2.84388075504374e-18
8.47763051068696e-18
-5.60490149457785e-17
2.62218822378938e-17
-1.64553027074049e-17
-2.64593760262228e-17
-0.24767893885122
-0.232477888363807
-0.188777774970247
-0.121968806592509
-0.0401338563892374
0.0470286139657899
0.129188986819912
0.196497711022495
0.240636558029656
0.256012467404478
0.240636813281694
0.196480442284007
0.129189627069097
0.0470472921638947
-0.0401779239546526
-0.121991814098949
-0.188777301568791
-0.232469820048961
-0.247678934836008
-0.404912326609885
-0.380229658299275
-0.309302009555637
-0.200954486761854
-0.0683820834208301
0.0726473974220754
0.205420433952152
0.314075895107743
0.385271861840612
0.410062725389178
0.385272273433039
0.314048031868671
0.205421467996195
0.0726775997521453
-0.0684534302591698
-0.200991781081668
-0.309301241443216
-0.380216558836532
-0.404912320089477
-0.410062725446356
-0.385272067637238
-0.314071508398284
-0.205414548738116
-0.0726407259310252
0.0683887496920486
0.200960358732253
0.309306381157167
0.380229453371363
0.404912326552963
0.380229863226363
0.309278613876155
0.200961390449323
0.0684189283853798
-0.0727121286610965
-0.205451927178007
-0.314070737631346
-0.385258912645131
-0.410062718896534
-0.256012467439946
-0.240636685655931
-0.196494992280925
-0.129185342871283
-0.0470244880784622
0.0401379738306713
0.121972429112412
0.188780469266592
0.232477762143149
0.247678938816168
0.23247801458396
0.188763355792034
0.121973065596463
0.0401566137836095
-0.047068646078886
-0.12920848648731
-0.196494514584354
-0.240628527492368
-0.256012463377141
-4.04088990075763e-18
1.16828845601055e-18
-3.06337852698955e-18
1.26202586795815e-17
4.34106866789082e-17
-1.68528512064616e-18
5.63216200521163e-17
1.03891035109853e-16
-9.61317404642576e-17
-7.07610143516882e-18
1.05941293386772e-17
1.84334184955414e-17
3.39761531549211e-17
-1.28407709894867e-18
-3.40787935822849e-17
-9.37811895557892e-18
-5.02161178372867e-18
2.14863651976295e-19
1.18896439391634e-17
