7.99999998258264e-09
-4.00000005811749e-09
9.99999958308943e-10
-7.99999999563162e-09
2.90313255176899e-17
-6.9999999664605e-09
1.99999997701964e-09
3.00000002061614e-09
1.48464028027536e-17
9.99999991491525e-10
1.36768929212143e-18
1.00000000223063e-09
-7.54535370358998e-18
5.00000000133812e-09
-1.03848774312318e-17
-7.99999998118587e-09
8.00000003758197e-09
-2.99999999823445e-09
7.00000003062203e-09
-0.00163618589289115
-0.00115349923582234
-0.00249643783628292
0.00252760670138771
-0.000106379690252928
0.000414584430100479
-0.000719039288147733
-0.00229228048059209
-0.00215886450061485
-0.000821016854331932
0.00126102212398038
-0.0001567102585463
-0.00119612410629275
-0.00290694537435515
-0.000288978560002373
-0.00040017131434178
-0.00265553241014592
-0.0025123276886628
-0.00215639631298707
-0.00145496988268115
-0.00409057662944198
-0.00155911199393671
-5.31955374544757e-05
0.00040098241013653
0.000136314043456931
-0.00108473224182198
0.000134546497348891
-0.00171462981108936
-0.0025610355978303
0.00249509142250012
0.00105611627317204
-0.000695760461914219
-0.00363426284966162
-0.00220263952701555
-0.00136544401802813
-0.00180470980970296
-0.000660577350785438
0.000878455046205762
0.000506968920865408
-0.00216482512032803
0.00186522238177289
0.000315760418182098
0.00225531718603789
0.000612054807125645
0.0017872070977081
0.00245928975730488
-0.00130188315578681
0.000480912357334939
0.00308084201447023
0.00212048721103453
0.00300319549391831
6.01096886204133e-05
0.0010529999388012
-0.00122355364956525
0.000561037690560102
0.00185514937477135
0.00318049180701802
0.00225749888936412
-0.000980857078454744
0.00081133886212173
0.00261612407916603
1.13976556757878e-05
0.000877209200912693
0.00145664636135044
0.00170118045718157
0.00157460193096239
0.00207968273560161
-0.00290633720262681
0.00291112559887202
0.000802393271803342
0.00123089307260427
-0.000376517693112005
0.000359435098046396
0.00214793538861025
0.00207110649580699
0.00136344696797086
6.15619998917173e-09
6.93469997023435e-10
1.19589999516698e-09
-3.98250000159762e-10
-1.2424999992269e-09
5.7932999505323e-10
4.06529998519736e-09
4.23479988512207e-10
3.03630001287759e-09
7.8660000400936e-09
3.84679999445764e-09
1.07539999561053e-08
-7.69809995964258e-09
8.61880005388156e-09
2.74140005256713e-09
8.7487000433296e-09
6.63430000332567e-09
5.98019997167994e-09
4.30850000154173e-09
-0.00187249888936411
-0.00190914292154515
-0.000401338862121736
-0.00218612407916605
-0.00131139765567581
-0.00232720920091267
-0.00136964636135045
-0.00181218045718154
-0.00268660193096244
-0.00288168273560163
-0.0020336627973733
-0.00271112559887202
-0.000932393271803389
-0.00142089307260429
-0.000983482306888106
-0.00120243509804653
-0.00207993538861024
-0.00241110649580694
-0.00156044696797089
-0.00107696892086545
0.00171482512032814
-0.00155522238177314
-0.00112576041818213
-0.000115317186037633
0.00133794519287467
-0.00263720709770798
-0.00189028975730486
-0.000752116844213141
-0.00194091235733496
-0.00175084201447009
-0.00240048721103459
-0.00150319549391831
-0.000440109688620405
0.000857000061198904
-3.64463504347046e-05
-0.000204037690560023
-0.00161714937477134
-0.00156049180701795
0.00197496988268098
0.00279057662944179
-0.0037308880060633
-0.000976804462545555
-0.00191098241013687
0.000643685956542989
0.000714732241821725
0.000589453502650945
0.00187162981108944
0.00302103559783015
-0.00101509142250009
-0.0002761162731722
0.00124576046191416
0.00366426284966148
-0.000247360472984265
0.00206544401802797
0.00168570980970292
0.000862577350785397
0.00208154495379406
0.00227218589289112
0.00235349923582234
0.00268643783628283
0.00159239329861216
0.000586379690252825
-6.45844301006282e-05
0.00109103928814779
0.00221728048059206
0.0022198645006149
0.00251301685433189
0.000548977876019513
0.00116671025854623
0.00134612410629259
0.00190694537435504
-0.0012410214399978
0.000199171314341703
0.00204653241014601
0.00260232768866274
0.00185439631298695
1.24279999825826e-08
-7.24540005811749e-09
1.17929999583089e-08
-1.52959999563162e-09
1.14260000290313e-08
8.6300000335395e-09
1.02679999770196e-08
8.09660002061614e-09
5.5807000148464e-09
1.05829999914915e-08
1.65000000136769e-09
6.43220000223063e-09
-5.34000007545354e-10
1.93580001338119e-10
-1.18040001038488e-09
-1.31529981185873e-10
-7.49819996241803e-09
1.00540000017656e-08
8.18650003062203e-09
