-2.76077532105384e-18
7.98186047242041e-19
-2.09293003374662e-18
8.6222835968314e-18
2.96586037720702e-17
-1.15140320184097e-18
3.84794791495063e-17
7.09793666380877e-17
-6.56781409941201e-17
-4.83446139124579e-18
7.23801230535597e-18
1.2593890978224e-17
2.32128386167772e-17
-8.77293975379865e-19
-2.32829635560277e-17
-6.4072221729217e-18
-3.43081405950509e-18
1.46796938876352e-19
8.12312049313826e-18
0.174910210213297
0.164405326404594
0.134247291740894
0.0882606839582662
0.0321275880710999
-0.027422654492033
-0.0833327510555041
-0.128976654511288
-0.158831070427901
-0.16921666232487
-0.158831242897921
-0.128964962418858
-0.0833331859076045
-0.0274353894893533
0.0321577572468982
0.0882764959020549
0.134246965373946
0.164399752667823
0.174910207437548
0.280158846269016
0.263221627499638
0.214576712240927
0.140341219550495
0.0496288511637524
-0.0467238596013557
-0.137298073573871
-0.211321130917988
-0.259776464339857
-0.276640043602357
-0.259776744356783
-0.211302160041267
-0.137298778453017
-0.04674447797845
0.049677634204092
0.140366756864533
0.214576185645451
0.263212639880958
0.280158841794114
0.276640043641246
0.259776604348601
0.211318144197263
0.137294061786526
0.0467193051399587
-0.0496334091913896
-0.14034524038602
-0.214579709283537
-0.263221486897379
-0.280158846229952
-0.263221768101333
-0.214560672847335
-0.140345946854978
-0.0496540437173338
0.046768049994523
0.137319541628909
0.211317619415379
0.259767654668123
0.27664003918644
0.169216662348818
0.158831156663084
0.128974813741795
0.0833302761146385
0.0274198414159593
-0.0321304069174907
-0.0882631735394452
-0.134249149211604
-0.16440523920908
-0.174910210189064
-0.164405413599758
-0.134237351041346
-0.0882636109639216
-0.032143168044281
0.0274499488056793
0.0833459950670325
0.128974490309311
0.158825644311831
0.169216659605586
1.65329690378613e-17
-2.54679887541485e-17
-4.376559188931e-17
-5.36656262948625e-17
2.41721843432816e-17
-1.11485305547609e-17
-1.90378345775684e-17
1.51197303470167e-21
-4.97794721645513e-18
-3.1081369363372e-18
-4.72543758422172e-18
1.20082747337614e-17
1.54309859470142e-17
1.94296701899072e-18
5.79199970049406e-18
-3.82932326868572e-17
1.79150452330771e-17
-1.12424230134447e-17
-1.80773033014297e-17
-0.169216662348818
-0.158831156663084
-0.128974813741795
-0.0833302761146384
-0.0274198414159593
0.0321304069174906
0.0882631735394452
0.134249149211604
0.16440523920908
0.174910210189064
0.164405413599758
0.134237351041346
0.0882636109639216
0.032143168044281
-0.0274499488056792
-0.0833459950670324
-0.128974490309311
-0.158825644311831
-0.169216659605586
-0.276640043641247
-0.259776604348601
-0.211318144197263
-0.137294061786526
-0.0467193051399587
0.0496334091913894
0.140345240386021
0.214579709283537
0.263221486897379
0.280158846229952
0.263221768101333
0.214560672847335
0.140345946854978
0.0496540437173337
-0.0467680499945231
-0.137319541628909
-0.211317619415379
-0.259767654668123
-0.27664003918644
-0.280158846269016
-0.263221627499638
-0.214576712240927
-0.140341219550495
-0.0496288511637523
0.0467238596013559
0.137298073573871
0.211321130917988
0.259776464339857
0.276640043602357
0.259776744356783
0.211302160041267
0.137298778453018
0.0467444779784502
-0.049677634204092
-0.140366756864533
-0.214576185645451
-0.263212639880958
-0.280158841794114
-0.174910210213296
-0.164405326404594
-0.134247291740894
-0.088260683958266
-0.0321275880710999
0.0274226544920331
0.0833327510555041
0.128976654511288
0.158831070427902
0.16921666232487
0.158831242897921
0.128964962418858
0.0833331859076045
0.0274353894893533
-0.0321577572468981
-0.0882764959020548
-0.134246965373946
-0.164399752667822
-0.174910207437548
-2.76077532105384e-18
7.98186047242041e-19
-2.09293003374662e-18
8.6222835968314e-18
2.96586037720702e-17
-1.15140320184097e-18
3.84794791495063e-17
7.09793666380877e-17
-6.56781409941201e-17
-4.83446139124578e-18
7.23801230535599e-18
1.2593890978224e-17
2.32128386167772e-17
-8.7729397537984e-19
-2.32829635560277e-17
-6.40722217292167e-18
-3.43081405950506e-18
1.4679693887637e-19
8.12312049313826e-18
